10
8
8
8
8
8
9
8
8
11
10
8
8
8
20
9
8
8
8
7
13
11
11
11
11
11
11
11
12
11
13
11
11
11
12
11
11
12
11
14
9
8
8
12
8
8
8
7
7
8
9
8
7
7
8
8
8
8
9
8
13
11
12
11
10
12
11
10
11
11
10
9
8
8
8
7
7
8
9
8
12
11
12
12
10
11
11
10
10
11
13
10
10
11
13
11
10
11
11
11
12
11
11
11
11
11
11
11
11
11
10
8
9
9
9
9
9
9
9
9
12
11
10
10
11
11
10
10
10
10
12
10
10
10
10
11
11
10
10
11
10
8
8
9
9
9
8
9
9
8
9
9
9
9
8
8
8
9
9
8
13
11
11
12
11
11
11
11
11
11
13
11
11
11
11
11
11
11
11
11
11
10
10
10
11
10
10
11
10
10
11
8
9
8
9
8
8
9
10
8
19
18
17
18
18
18
18
17
18
16
14
12
13
12
12
13
12
12
13
12
13
10
13
11
10
10
10
10
11
10
16
17
18
21
14
14
18
13
16
17
19
14
15
14
14
13
18
14
13
12
17
16
24
15
15
18
17
16
21
18
16
15
15
18
15
14
14
17
15
15
17
16
18
17
19
16
16
16
15
16
16
15
14
15
14
15
17
15
14
14
21
13
12
14
13
14
14
14
11
13
12
11
9
8
10
10
14
9
10
9
18
15
15
16
15
15
15
15
16
17
17
15
15
14
14
17
13
21
16
15
15
14
13
12
13
13
13
13
13
13
11
10
9
9
9
9
9
9
8
9
17
22
16
16
17
18
17
17
15
15
11
9
9
9
10
9
9
9
9
9
25
21
21
22
22
22
21
21
20
21
18
16
15
16
15
17
16
15
16
16
16
13
12
12
12
12
13
14
13
12
11
9
10
9
10
9
9
9
15
10
26
24
24
25
24
24
24
24
23
23
15
14
14
14
13
15
14
15
14
14
33
31
30
30
29
30
30
30
30
30
50
48
48
49
48
48
48
49
48
48
14
12
12
12
13
12
12
12
12
12
19
17
16
17
17
17
17
17
17
16
33
31
30
30
31
30
30
31
30
30
20
19
18
18
19
18
18
18
18
19
24
12
12
12
12
12
12
12
16
12
14
13
12
13
12
12
12
12
12
12
25
24
23
24
24
24
24
25
24
24
18
17
16
16
16
16
16
16
16
16
11
9
9
10
9
9
9
9
9
9
13
12
11
11
11
11
10
11
11
11
36
34
34
34
33
33
33
34
34
34
38
38
37
38
37
37
37
37
38
37
82
82
82
82
83
89
82
83
84
102
11
9
9
8
9
9
9
9
8
9
22
20
20
20
20
20
20
20
20
20
26
25
24
25
25
24
25
24
24
24
38
37
36
37
37
37
36
37
36
37
33
31
31
31
31
31
31
31
31
30
48
47
47
46
46
46
47
45
47
46
39
38
44
37
37
37
37
37
40
37
54
54
53
53
53
54
56
53
55
53
17
17
16
17
17
22
16
16
16
17
48
48
46
45
45
44
45
45
46
51
28
27
28
27
27
27
27
26
27
28
31
30
31
34
30
31
30
31
29
30
49
48
46
46
45
46
46
46
47
46
65
63
66
66
71
65
66
66
65
66
66
66
65
67
68
66
66
65
67
66
37
41
40
35
34
34
35
35
34
33
16
14
14
14
14
14
14
15
15
14
71
62
62
62
62
63
64
71
62
63
56
55
56
54
54
54
55
55
54
54
57
57
58
58
59
58
57
58
57
58
52
49
49
49
48
48
49
49
49
48
25
23
22
22
22
23
23
23
23
23
76
74
75
74
74
75
74
74
74
75
49
48
49
49
49
49
49
49
49
48
89
90
89
88
88
88
87
88
87
88
81
78
79
79
80
80
79
78
79
79
217
216
218
217
218
217
215
215
223
217
103
102
102
101
101
101
101
101
101
100
113
111
110
110
110
110
109
109
113
113
50
49
50
52
51
48
48
48
50
50
71
72
73
72
72
71
72
72
72
73
43
41
40
41
41
43
40
40
40
41
88
85
84
83
89
85
84
83
83
83
116
117
122
118
117
117
117
118
117
118
106
107
108
108
108
108
108
109
113
109
118
118
120
118
117
117
117
117
117
116
32
31
30
30
30
30
30
31
30
30
40
40
39
39
39
39
39
39
39
38
118
114
114
114
114
120
114
113
114
114
110
111
110
110
110
110
110
111
110
111
134
128
128
127
127
127
128
133
127
127
64
64
64
64
64
65
63
64
64
63
68
67
66
67
67
67
67
68
67
66
163
167
166
169
165
165
165
167
168
166
59
57
57
57
57
56
57
57
57
57
36
35
35
35
34
35
33
34
34
34
46
45
45
49
45
45
46
45
45
45
126
124
123
122
118
124
123
123
127
123
15
13
13
14
14
13
13
13
14
14
170
167
168
168
168
170
166
167
168
169
166
165
165
167
167
166
168
165
167
166
170
166
169
168
168
166
165
165
170
166
12479
12365
12407
12456
12492
12596
12458
12473
12485
12337
175
173
172
172
177
172
172
181
174
172
174
173
172
172
175
168
167
168
175
173
72
73
73
73
73
72
73
73
73
73
81
79
79
79
82
80
79
79
79
78
21
19
19
19
18
18
19
18
18
19
31
29
30
29
29
29
28
30
30
29
106
104
105
103
104
103
105
104
106
103
117
115
115
115
116
116
115
114
115
116
15
13
13
16
15
14
13
13
13
13
49
48
48
48
48
47
47
48
47
47
62
60
61
60
63
61
59
58
72
59
39
38
37
38
37
36
38
37
38
37
174
173
172
172
173
174
190
174
179
175
149
146
152
146
146
146
146
147
148
147
18
16
16
16
15
15
16
15
16
16
61
64
61
63
60
59
60
60
61
60
160
162
162
161
161
159
158
160
159
159
12
10
11
10
9
10
10
11
11
12
60
59
62
58
59
58
58
60
60
58
536
524
529
529
539
539
529
524
524
524
126
124
125
124
124
124
127
125
124
124
220
215
214
216
214
232
215
216
215
215
75
74
73
73
74
74
74
74
73
74
11
9
10
9
10
9
9
10
10
9
93
90
95
90
91
91
93
90
93
91
77
75
76
74
75
75
74
74
76
76
179
182
185
183
183
183
183
187
182
182
159
155
156
156
155
154
154
155
155
161
306
315
321
313
313
319
314
312
313
312
93
91
90
91
91
92
91
91
90
89
435
427
425
426
431
426
428
429
426
427
40
38
39
38
38
38
38
38
39
38
236
233
233
233
235
232
233
233
234
238
207
211
206
204
204
205
209
205
206
205
2308
2238
2304
2253
2270
2238
2228
2259
2239
2257
68
68
67
67
67
67
67
67
67
72
350
346
344
344
348
346
344
346
347
344
94
95
96
96
94
95
95
94
96
97
769
749
776
771
769
772
781
775
771
785
1041
1039
1039
1040
1076
1042
1040
1050
1059
1045
65
63
63
63
63
63
63
62
66
63
318
317
322
313
315
312
315
312
316
312
1842
1813
1815
1822
1840
1746
1769
1757
1713
1770
336
335
341
340
335
334
341
338
335
334
84
82
83
82
84
82
82
83
83
82
194
194
192
193
192
191
192
193
201
195
280
242
242
243
247
242
242
249
242
241
1012
1007
1023
1009
1029
1006
1010
1010
1018
1015
296
292
293
294
293
292
297
293
292
293
652
651
654
653
656
650
668
654
649
650
124
123
121
122
128
140
123
126
123
124
615
618
611
612
617
614
613
613
620
614
87
89
85
85
85
85
84
85
85
85
248
245
244
248
245
245
245
248
249
245
378
386
389
385
388
387
385
391
386
385
16
13
13
13
13
13
13
13
13
13
624
638
649
638
648
643
639
639
640
641
125
127
123
123
122
124
124
123
122
123
1333
1380
1352
1369
1338
1338
1330
1333
1298
1332
215
197
200
193
197
198
197
198
200
197
1371
1355
1407
1406
1408
1404
1397
1355
1411
1394
81
93
80
79
80
80
79
80
81
80
455
474
468
469
481
468
469
468
476
477
626
626
642
629
622
624
638
632
631
653
129
128
131
127
127
132
128
128
135
127
443
450
441
449
443
441
449
448
451
440
53
53
53
52
53
53
53
53
52
53
3428
3546
3388
3413
3421
3459
3709
3756
3834
3815
107
103
106
105
104
105
105
106
103
108
13
10
11
13
10
9
10
10
10
11
250
246
248
254
248
246
250
247
245
245
1181
1177
1213
1179
1184
1174
1178
1191
1182
1179
319
318
335
318
322
319
318
325
321
324
57
57
56
56
56
56
57
56
57
57
113
112
112
112
110
111
111
113
114
112
513
517
511
515
515
513
511
494
509
511
12
9
11
10
10
10
12
10
10
10
240
238
239
241
238
241
240
240
238
240
762
749
754
753
748
760
750
752
765
753
595
596
589
589
602
594
614
591
606
600
21
20
20
20
22
19
19
30
18
18
66
63
72
65
67
64
65
64
63
64
111
108
108
108
108
109
107
107
107
104
185
192
194
197
185
192
184
183
185
185
532
565
526
528
533
525
532
536
551
532
356
360
355
355
356
354
361
360
355
357
374
350
351
357
340
353
351
353
366
352
590
561
579
579
590
581
587
583
586
587
919
911
929
928
923
920
912
932
914
944
480
490
514
478
490
503
489
495
476
470
1094
1141
1104
1092
1101
1094
1061
1101
1108
1112
798
750
768
751
780
757
755
738
752
761
107
105
107
106
105
105
106
108
106
105
842
817
818
818
840
825
816
830
833
831
228
228
235
230
249
229
228
231
227
227
185
166
165
164
170
166
171
165
164
164
518
511
509
526
514
515
512
511
512
511
268
263
267
263
263
264
263
279
268
273
206
203
203
203
202
202
212
202
207
205
241
238
237
245
237
236
238
240
240
238
618
612
623
613
616
633
612
614
615
618
455
468
464
462
464
467
465
477
479
546
57
55
57
54
54
54
55
54
54
55
561
552
554
555
556
545
551
559
551
559
915
919
914
919
913
917
920
917
923
936
626
621
620
620
639
619
619
621
623
620
675
678
697
674
674
678
676
678
684
668
677
671
675
671
673
671
678
677
681
684
1875
1809
1800
1938
1804
1807
1795
1836
1804
1842
163
164
161
161
182
161
164
160
161
162
5745
5572
5663
5676
5836
5751
5760
5691
5861
5750
1560
1614
1567
1560
1558
1583
1564
1583
1596
1569
128
126
127
125
126
127
126
126
128
130
854
851
858
850
849
874
845
848
859
847
117
119
118
119
121
120
126
119
119
123
693
706
714
687
694
688
691
691
692
701
436
415
405
403
407
406
405
432
413
405
3032
3059
2999
3010
3013
2975
3050
2999
3094
3008
1151
1130
1149
1134
1132
1174
1154
1116
1130
1127
50
47
48
48
52
49
49
48
47
48
221
227
219
218
226
221
220
220
219
221
913
925
911
915
917
928
926
911
916
930
36
35
34
35
34
34
35
36
34
35
1055
1043
1082
1054
1040
1052
1035
1050
1039
1036
11900
11464
11431
11437
11506
11454
11564
11465
11389
11566
334
339
339
344
343
339
344
339
340
338
658
654
651
652
727
653
675
655
654
652
1068
1173
1172
1171
1180
1190
1182
1168
1171
1168
392
387
361
366
362
362
362
363
362
376
1093
1144
1094
1094
1105
1093
1123
1092
1124
1098
409
406
410
406
406
411
405
408
410
405
987
1002
989
980
985
975
968
975
975
974
7072
6945
7002
6928
6931
7014
6979
6906
6931
7119
655
646
650
646
658
651
647
646
655
646
383
385
386
379
379
382
384
380
379
381
985
1004
987
1015
969
996
983
987
1045
1052
672
666
666
661
671
669
665
662
662
661
3812
3761
3745
3717
3871
3736
3715
3754
3657
3704
1676
1724
1680
1688
1707
1679
1673
1666
1663
1720
815
804
786
810
800
786
783
791
781
791
35032
34769
34741
35105
34644
34762
34384
34622
34593
34287
2975
2924
2960
3024
2995
2932
2960
3103
3052
2958
1234
1323
1258
1269
1247
1265
1268
1296
1252
1271
2281
2274
2319
2291
2332
2293
2281
2288
2341
2260
354
353
356
362
364
352
355
353
357
358
64
63
62
63
64
62
62
63
66
64
180
178
185
179
181
174
179
178
180
177
1936
1897
1941
1963
1920
1926
1928
1942
1953
1941
646
645
651
649
646
626
626
647
692
675
516
457
455
459
453
450
452
451
450
469
218
217
227
223
218
217
217
219
215
217
304
307
307
306
304
303
302
303
304
305
794
789
792
787
796
796
793
799
788
796
608
617
615
598
618
619
598
606
597
580
1657
1614
1605
1640
1600
1627
1623
1624
1601
1603
3562
3635
3563
3607
3740
3567
3558
3706
3530
3568
767
788
796
769
781
768
773
781
769
793
1188
1207
1213
1184
1182
1192
1213
1193
1182
1216
949
941
925
966
927
926
929
926
951
947
998
1020
1007
1000
1002
999
997
1017
1018
983
1387
1400
1400
1416
1417
1384
1411
1385
1393
1375
545
556
541
543
543
558
557
558
541
546
763
771
759
761
769
763
769
797
846
765
741
749
747
748
746
757
826
757
752
750
1356
1406
1406
1404
1405
1400
1414
1389
1401
1395
1884
1888
1901
1879
1903
1938
1897
1880
1879
1882
1545
1545
1553
1582
1548
1560
1547
1548
1553
1599
589
587
582
581
616
586
580
582
580
589
838
879
856
862
855
865
849
873
862
849
811
805
805
801
804
815
823
824
816
813
562
554
552
555
554
552
571
568
574
562
20722
21095
20669
21095
20914
21041
20893
20899
21060
20814
469
454
456
453
455
469
486
456
453
454
1394
1393
1393
1382
1393
1399
1389
1393
1388
1391
1636
1645
1619
1641
1606
1604
1600
1615
1638
1680
6608
6516
6541
6546
6546
6470
6513
6500
6339
6495
1337
1264
1269
1263
1266
1272
1268
1303
1259
1273
643
621
636
622
620
623
620
640
622
619
751
753
757
750
765
749
757
751
747
756
590
586
594
590
591
598
595
586
607
585
879
894
895
910
915
877
905
901
873
880
174
173
172
173
173
181
172
172
173
173
350
349
344
356
339
337
342
338
339
337
354
352
362
352
351
354
356
353
350
350
561
602
565
538
546
549
539
537
545
548
1735
1713
1744
1702
1713
1736
1702
1746
1753
1751
909
939
914
936
913
954
920
931
938
909
844
653
1149
806
642
648
644
646
640
668
33673
32765
32950
32434
32765
32765
33304
33184
32706
33656
9041
8941
9227
9332
9220
9043
9167
9128
9228
9204
846
847
838
856
838
853
826
851
872
825
875
882
874
895
871
873
872
888
870
875
1795
1747
1801
1759
1766
1752
1752
1780
1785
1771
185
187
185
185
185
186
186
186
186
194
4038
3988
4025
4019
3983
4022
3879
4103
4018
3964
3462
3484
3373
3465
3497
3543
3537
3497
3583
3469
434
452
422
421
421
420
425
422
420
422
264
259
256
258
263
260
264
256
265
263
2018
1978
1984
1969
1966
1950
1932
1970
1962
1965
215
209
209
210
209
213
219
209
215
208
1418
1430
1414
1439
1412
1434
1419
1415
1411
1413
1112
1102
1100
1115
1117
1105
1105
1113
1147
1103
468
466
465
474
466
480
491
469
466
472
2367
2360
2347
2365
2254
2374
2351
2384
2420
2386
2010
2005
2004
2029
2040
2017
2004
1988
2024
2009
825
817
817
842
822
817
821
822
817
823
7501
7446
7566
7383
7497
7427
7452
7454
7450
7417
780
772
776
773
780
780
778
774
785
794
198
221
198
197
200
198
196
197
197
202
1002
1004
1001
1004
1049
1006
1009
1006
1001
1017
799959
781552
787264
787707
794018
787629
784696
787108
793207
791605
2110
2113
2066
2120
2101
2090
2135
2139
2067
2077
550
559
559
568
560
563
557
569
559
568
838
823
821
824
825
831
836
848
827
820
990
985
1001
991
1009
1000
988
991
985
985
1283
1274
1329
1287
1305
1269
1309
1279
1274
1291
245
244
243
243
243
247
243
243
248
244
343
342
342
356
342
343
334
347
341
342
9941
10022
9945
10020
10145
9922
10086
10227
9858
10062
1351
1358
1354
1349
1366
1350
1346
1353
1347
1348
281
278
278
278
279
281
279
279
279
282
216
220
216
217
215
216
215
214
214
214
1922
2068
2039
2074
2022
2035
2008
2027
2052
2032
1376
1388
1395
1392
1391
1402
1385
1393
1345
1391
18191
17766
18180
17885
17832
17819
18011
17729
17516
17662
474
476
484
473
481
472
472
472
475
473
1767
1742
1756
1756
1743
1779
1775
1756
1757
1787
949
962
959
962
954
963
964
971
965
956
562
589
586
578
581
581
578
577
585
582
1478
1482
1502
1610
1628
1640
1618
1474
1475
1486
1239
1298
1274
1272
1293
1278
1285
1266
1283
1273
890
901
862
891
888
888
889
891
908
899
4426
4333
4332
4243
4333
4333
4382
4199
4261
4337
3392
3345
3297
3301
3312
3274
3292
3346
3228
3289
4691
4710
4666
4742
4664
4694
4769
4622
4727
4754
4736
4725
4677
4756
4682
4723
4703
4681
4717
4657
1525
1517
1571
1558
1560
1564
1566
1570
1576
1547
837
837
832
830
847
845
833
832
844
830
2567
2510
2506
2537
2504
2496
2611
2485
2552
2529
2976
2960
2942
2981
2923
2950
2970
2948
3059
2945
647
635
633
631
634
634
638
645
635
658
10775
10799
10614
10917
10835
11009
10598
10915
10917
10961
125060
125892
124853
125772
124938
125015
124211
124355
125483
126621
477
476
477
496
494
495
489
491
489
490
79622
78621
77626
80117
77869
77280
77568
77898
77787
77644
4373
4368
4427
4430
4331
4298
4391
4415
4284
4367
1128
1162
1176
1174
1170
1164
1160
1171
1163
1149
3254
3189
3259
3249
3174
3305
3234
3171
3247
3271
290803
287579
289068
290301
288926
287764
289570
288520
288850
290790
1554
1507
1496
1508
1496
1498
1511
1517
1507
1503
426
419
419
419
428
423
418
420
418
424
670
662
658
662
658
661
661
664
659
659
382
394
392
386
386
386
388
399
389
384
1220
1240
1224
1215
1218
1232
1228
1220
1259
1213
1728
1735
1719
1705
1723
1722
1715
1717
1720
1721
209
211
202
209
209
209
214
214
208
210
2502
2509
2548
2495
2502
2451
2553
2510
2500
2510
39921
39224
39916
39349
39664
39303
39924
39746
39751
39455
214078
216811
215616
215522
214364
213969
219877
213766
214045
212610
4287
4246
4673
4702
4381
4287
4262
4264
4288
4271
2900
2901
2902
2895
2845
2872
2862
2898
2940
2945
531
554
548
546
545
547
548
551
551
547
2507
2581
2550
2551
2553
2546
2563
2587
2549
2558
1130
1135
1130
1132
1126
1129
1126
1129
1130
1127
3435
3445
3492
3523
3427
3459
3500
3565
3471
3518
4610
4582
4550
4563
4447
4575
4616
4625
4629
4608
1874
1876
1841
1850
1847
1844
1840
1857
1883
1810
14273
14176
14492
14110
14334
14191
14138
14590
13926
14016
2069
2088
2130
2099
2045
2097
2085
2110
2095
2098
1010
1001
1005
1009
1024
1001
1002
1006
1019
991
2436
2426
2413
2426
2452
2427
2434
2441
2442
2425
26868
26589
26513
26887
26619
26299
26321
26970
26399
26480
2402
2401
2402
2408
2406
2424
2394
2412
2421
2421
2603
2622
2672
2725
2683
2675
2714
2640
2676
2676
8736
8725
8885
8906
8747
8673
8772
8801
8824
8812
3171
3212
3229
3216
3244
3228
3215
3213
3249
3224
402
399
398
399
404
399
398
402
400
405
94620
95884
93683
93853
94412
93937
94260
94216
95051
94454
6758
6716
6729
6877
6610
6578
6597
6610
6518
6698
