13
15
11
11
10
11
11
11
10
11
13
10
11
10
11
11
11
10
11
11
13
11
11
11
11
10
11
10
11
11
13
11
11
11
10
11
11
10
11
10
13
11
11
11
11
11
11
11
11
11
12
11
11
11
12
11
13
11
11
10
13
11
11
11
11
11
11
11
10
11
14
11
11
10
11
10
11
11
10
11
12
11
11
11
10
10
11
11
11
10
12
10
11
11
11
11
10
11
10
11
19
12
12
11
16
11
11
12
13
12
14
12
11
12
12
12
12
11
11
12
13
11
12
12
12
12
12
11
12
12
13
11
11
11
11
11
12
12
11
11
12
11
11
12
11
11
11
12
11
11
12
12
12
11
12
11
11
11
11
12
14
11
12
12
11
11
12
12
12
12
13
11
11
11
12
11
11
11
11
11
13
12
11
11
11
11
11
11
11
11
13
11
12
11
11
12
11
11
11
11
17
15
15
15
15
15
15
15
15
15
17
16
15
17
16
15
16
15
15
16
16
15
15
16
16
16
15
16
15
16
17
15
15
15
16
15
15
16
15
15
18
15
15
15
15
15
15
15
16
16
16
15
15
16
15
16
15
15
15
21
16
15
15
15
15
15
16
15
15
16
17
16
16
15
16
15
15
15
15
15
17
15
16
15
16
15
15
16
15
15
17
15
15
15
15
16
15
15
15
16
30
22
22
21
22
22
21
21
22
21
23
21
22
21
22
22
22
21
22
22
23
21
22
21
22
21
21
21
22
21
23
21
21
22
22
22
22
22
21
22
23
22
22
22
21
21
22
21
22
21
23
22
21
21
22
22
22
22
22
22
23
22
21
21
21
21
21
21
21
21
23
21
26
23
21
21
21
22
21
21
23
22
22
21
21
22
22
21
21
21
23
22
22
21
22
22
21
21
22
21
32
30
31
30
31
30
30
30
30
30
32
30
30
30
31
30
35
34
30
30
31
30
31
31
30
30
31
31
30
30
32
30
30
30
30
30
30
30
30
30
32
30
31
30
29
31
30
30
31
30
32
30
31
31
30
30
30
30
30
30
32
30
30
30
30
29
30
30
30
30
31
30
30
30
30
30
31
31
30
30
32
30
30
30
31
30
30
30
30
30
31
30
30
31
30
30
30
30
30
30
43
40
41
41
41
41
41
42
40
41
42
41
41
41
42
41
41
41
40
41
56
44
41
42
41
41
42
41
41
41
42
41
41
41
41
41
42
41
41
41
42
41
42
41
41
41
42
42
41
40
44
40
41
41
42
41
40
41
41
43
43
42
42
41
41
41
40
41
41
42
43
42
41
42
42
42
42
42
41
41
43
41
41
42
41
41
42
41
41
41
42
41
41
41
41
42
41
41
40
41
58
55
55
55
55
55
54
53
54
54
56
55
55
55
55
54
55
55
55
56
56
56
55
55
55
55
55
55
57
56
55
55
55
55
54
55
56
54
55
54
56
55
55
55
55
55
55
54
54
55
56
55
55
54
54
54
55
54
55
55
56
54
55
55
60
55
56
55
55
55
58
54
55
55
55
55
55
55
55
55
55
55
55
55
55
55
56
54
55
55
56
55
55
55
54
54
59
54
54
54
73
72
72
72
70
73
72
72
72
74
74
72
72
73
73
72
77
72
73
73
71
71
72
72
72
72
71
71
72
73
71
72
72
71
72
72
73
73
71
72
72
72
72
72
72
72
72
72
72
73
72
72
72
72
71
73
72
75
72
72
71
73
72
72
72
72
74
72
72
72
71
72
72
72
72
72
72
73
73
72
75
73
72
72
72
72
72
72
72
72
74
72
73
72
72
72
73
72
72
72
93
98
92
92
92
93
100
92
92
92
94
92
92
93
93
93
92
93
95
92
94
92
93
92
93
92
92
93
92
94
92
92
92
93
93
93
92
93
93
92
95
93
92
93
92
92
93
93
92
90
91
94
93
94
91
93
93
92
93
93
91
92
93
92
93
93
93
93
93
93
92
92
93
93
93
93
92
93
93
94
94
93
93
93
97
93
92
94
94
93
91
106
93
92
93
92
92
94
97
93
119
114
117
117
118
117
120
116
118
117
119
117
117
116
117
119
117
117
116
117
119
116
117
117
117
117
117
117
117
118
119
117
117
117
118
118
118
116
118
118
119
116
116
119
118
117
117
118
117
121
119
118
117
118
119
118
118
124
117
119
119
118
117
117
117
121
117
117
117
117
119
117
117
123
117
117
117
117
117
117
137
117
117
117
117
117
117
117
119
116
115
116
117
117
117
121
118
118
117
117
147
146
146
147
146
147
146
142
148
150
147
146
146
145
148
146
146
147
146
148
143
146
146
148
146
151
145
146
145
149
147
146
146
147
145
146
146
146
146
149
153
146
146
146
146
146
145
146
146
145
147
147
145
147
146
147
148
146
153
145
148
145
149
146
149
145
145
146
146
147
148
145
147
145
146
147
146
150
147
149
144
146
147
146
151
145
146
146
147
147
147
147
146
146
145
145
145
145
147
145
181
179
180
179
181
180
179
179
179
180
175
180
180
180
180
180
180
179
180
180
182
185
183
179
180
180
179
180
181
179
177
180
180
179
179
179
180
179
180
181
181
179
180
182
180
186
179
180
181
179
182
180
179
181
179
179
180
180
179
180
182
179
180
181
179
180
180
179
180
179
183
180
181
188
182
182
180
180
181
180
176
181
179
179
180
180
184
180
180
179
182
179
181
180
179
179
180
179
183
179
220
216
218
219
218
218
218
221
219
228
219
223
218
218
221
218
217
217
217
221
221
219
220
218
218
221
219
218
217
217
213
223
221
219
217
220
218
219
218
217
214
217
220
217
219
222
218
217
219
218
214
220
218
219
223
218
218
238
217
222
213
219
218
218
218
219
220
218
222
217
230
217
218
217
218
217
217
217
217
217
219
218
218
217
221
220
211
219
218
220
213
218
217
218
221
217
223
220
217
222
269
265
262
265
266
265
264
277
263
265
291
272
263
262
265
262
262
262
262
262
269
265
262
262
264
264
266
261
264
264
257
262
263
262
263
263
262
264
263
262
263
264
262
262
262
262
262
262
262
263
269
261
255
262
261
263
265
264
263
263
256
261
267
262
262
267
261
264
270
261
257
266
263
264
263
288
264
264
262
266
264
262
262
262
268
264
254
262
263
263
264
262
264
262
264
263
269
263
266
261
319
310
313
315
310
312
310
312
312
312
307
312
318
312
312
317
312
310
311
316
314
311
311
312
311
311
311
314
312
311
318
317
311
312
317
311
311
313
315
310
324
312
312
316
312
316
310
311
311
313
306
311
311
302
312
311
312
310
312
311
327
302
315
315
315
312
312
314
313
311
305
310
318
310
311
315
316
313
312
318
314
311
314
313
317
318
311
311
312
312
318
316
316
304
315
318
314
313
315
317
374
376
368
374
383
368
367
371
368
367
374
368
368
369
367
368
371
369
373
367
370
390
368
373
367
367
374
367
370
372
359
367
367
366
369
371
368
367
367
368
361
370
372
372
371
368
369
367
366
367
359
371
368
367
368
372
367
367
368
368
370
374
372
367
368
369
367
375
359
367
369
367
369
369
370
367
372
368
368
368
370
372
367
369
386
371
369
357
368
369
368
374
368
369
373
367
382
374
373
368
444
433
429
432
435
430
428
430
437
433
432
433
430
418
447
430
433
436
428
429
435
430
429
430
429
430
434
433
432
429
419
430
430
430
429
430
432
429
429
429
432
418
428
433
430
429
429
435
429
434
419
428
429
430
430
430
433
436
429
430
438
433
429
429
431
429
434
432
431
429
431
437
432
429
433
431
429
430
435
442
430
429
441
428
432
430
430
432
429
433
434
437
442
434
430
435
432
430
430
430
499
498
498
498
497
502
500
500
498
499
523
501
497
499
500
497
501
498
498
499
485
508
486
500
503
497
498
498
498
512
501
504
501
503
502
497
499
504
503
499
507
497
499
507
504
501
498
502
498
497
489
504
497
498
501
503
519
499
500
499
501
506
500
499
504
497
501
505
499
499
515
502
498
498
498
498
510
500
499
496
502
506
499
502
498
498
501
497
503
499
499
499
501
498
497
497
498
502
498
498
576
574
574
576
589
576
580
575
574
575
575
576
575
575
583
575
583
576
579
583
559
574
575
583
558
576
576
573
576
579
567
579
574
584
574
574
574
575
578
583
561
582
579
580
579
575
575
578
577
574
575
587
594
576
592
575
585
574
574
576
583
577
578
573
584
573
582
583
573
574
560
578
581
580
574
583
574
573
579
575
559
577
574
575
576
585
578
575
578
582
582
603
585
574
581
572
579
577
585
577
663
663
657
661
668
659
667
658
658
658
667
658
665
658
659
659
665
657
668
664
639
657
656
659
661
659
671
664
660
659
660
667
659
656
688
662
657
659
656
656
640
657
656
660
658
660
668
661
656
661
646
639
661
661
660
657
664
663
677
660
644
667
656
669
658
660
658
665
668
659
647
657
662
676
663
657
657
668
669
659
640
658
657
662
658
661
665
660
659
667
659
659
665
666
655
658
659
664
657
656
755
748
764
751
754
763
750
749
758
750
750
751
751
747
749
755
762
749
748
753
756
749
750
757
748
750
755
746
752
761
752
748
754
749
749
750
747
754
750
748
751
748
759
748
752
749
757
729
755
748
751
749
726
751
749
748
749
759
752
758
747
747
747
748
751
748
762
748
753
755
728
749
748
749
754
748
749
755
755
825
743
756
758
757
752
749
750
759
750
749
749
750
749
755
760
761
749
747
747
748
851
852
851
865
852
855
848
853
856
866
855
853
849
859
851
861
849
847
851
853
828
846
865
849
851
850
849
829
855
851
838
883
871
848
853
853
848
849
850
848
852
859
853
853
850
847
854
847
847
848
833
858
850
847
856
850
859
848
855
848
842
849
857
851
865
850
855
849
853
863
847
848
851
862
854
850
851
855
856
848
854
859
850
850
850
870
850
850
853
827
870
860
848
848
849
848
859
850
846
848
957
956
955
966
1016
956
971
980
961
959
937
962
982
955
960
963
973
982
960
968
959
970
956
976
958
965
957
975
965
928
938
961
957
947
957
963
961
952
929
968
970
956
957
958
955
956
956
966
970
956
903
957
970
983
955
956
959
962
940
939
931
956
966
957
956
962
955
960
962
970
958
954
961
962
956
960
963
974
955
961
932
959
957
966
970
961
966
963
990
965
928
960
955
965
956
957
956
964
956
971
1072
1072
1072
1090
1079
1081
1080
1086
1074
1073
1086
1072
1087
1080
1080
1089
1087
1080
1070
1073
1081
1084
1088
1081
1071
1081
1086
1083
1077
1082
1088
1081
1093
1074
1075
1083
1072
1078
1072
1082
1072
1085
1081
1070
1083
1077
1074
1084
1077
1077
1090
1075
1090
1079
1072
1071
1073
1042
1088
1072
1084
1066
1050
1073
1077
1074
1086
1073
1075
1066
1076
1078
1074
1074
1073
1075
1094
1072
1086
1072
1082
1091
1090
1084
1070
1096
1075
1078
1072
1072
1089
1075
1085
1044
1079
1087
1082
1074
1073
1076
1181
1201
1198
1203
1207
1198
1216
1179
1198
1199
1209
1215
1223
1218
1221
1208
1200
1198
1201
1201
1214
1224
1197
1211
1204
1206
1212
1197
1201
1206
1177
1209
1206
1204
1206
1216
1196
1197
1222
1206
1206
1197
1202
1198
1206
1197
1199
1223
1199
1209
1202
1200
1218
1198
1202
1215
1197
1204
1199
1202
1209
1205
1211
1198
1210
1201
1223
1197
1202
1211
1167
1204
1194
1220
1200
1198
1199
1202
1203
1233
1217
1216
1203
1197
1197
1201
1204
1197
1198
1207
1167
1208
1204
1190
1205
1200
1206
1194
1203
1195
1350
1332
1339
1353
1333
1292
1339
1333
1333
1348
1335
1343
1331
1351
1342
1335
1331
1339
1305
1342
1359
1360
1351
1340
1334
1340
1339
1346
1342
1360
1300
1340
1355
1340
1338
1335
1337
1339
1333
1339
1300
1331
1344
1333
1345
1349
1355
1336
1339
1344
1300
1331
1325
1340
1332
1345
1335
1335
1347
1334
1340
1338
1335
1336
1334
1342
1337
1341
1334
1341
1335
1299
1339
1333
1343
1336
1337
1339
1304
1338
1388
1373
1351
1346
1338
1330
1334
1334
1345
1340
1335
1311
1356
1295
1333
1353
1346
1350
1335
1333
1509
1482
1482
1484
1485
1500
1516
1535
1487
1500
1437
1497
1504
1483
1512
1483
1486
1487
1491
1500
1479
1486
1513
1478
1487
1492
1506
1481
1484
1478
1462
1484
1501
1489
1516
1479
1501
1485
1449
1443
1495
1489
1490
1497
1479
1485
1489
1491
1480
1485
1440
1487
1507
1512
1502
1479
1484
1484
1500
1484
1453
1487
1498
1476
1478
1493
1507
1479
1492
1483
1484
1486
1500
1483
1482
1503
1486
1492
1479
1486
1445
1521
1491
1490
1495
1477
1487
1491
1486
1485
1458
1486
1484
1484
1482
1487
1483
1481
1483
1490
1633
1604
1641
1636
1676
1643
1638
1622
1643
1647
1618
1641
1634
1630
1610
1638
1636
1619
1639
1634
1620
1641
1634
1634
1605
1645
1656
1627
1641
1637
1630
1637
1652
1636
1638
1634
1640
1642
1650
1700
1648
1645
1645
1650
1652
1646
1649
1638
1650
1634
1597
1653
1671
1611
1592
1634
1643
1644
1649
1638
1637
1641
1646
1636
1640
1681
1655
1644
1641
1649
1659
1647
1655
1665
1640
1632
1633
1638
1651
1595
1675
1659
1642
1633
1644
1653
1643
1646
1651
1631
1642
1656
1603
1623
1634
1676
1635
1636
1641
1641
1801
1805
1790
1798
1800
1807
1804
1834
1796
1805
1775
1820
1769
1795
1829
1818
1805
1801
1798
1813
1756
1748
1805
1807
1806
1801
1748
1798
1805
1798
1758
1812
1774
1813
1801
1799
1807
1821
1815
1820
1814
1826
1838
1875
1799
1768
1779
1798
1812
1827
1798
1826
1807
1810
1834
1811
1778
1805
1819
1849
1785
1801
1806
1816
1798
1806
1818
1799
1804
1821
1834
1827
1809
1798
1802
1807
1810
1812
1803
1807
1754
1764
1826
1819
1814
1800
1745
1805
1806
1820
1758
1813
1812
1748
1825
1806
1869
1819
1801
1817
1928
1976
1998
1985
1985
1975
2005
2004
1989
1995
1990
1933
1992
1979
1963
1996
1988
2003
1967
1985
2009
1978
1981
1990
1980
1977
1978
1984
1993
1993
1979
1976
1991
1983
1998
1978
1980
1994
1984
1990
1949
1978
1979
1996
1985
1978
1981
2024
2004
1956
1931
1976
1974
1991
2009
1945
1986
1921
1978
1984
1984
1990
1981
1977
1993
1997
1985
1988
1976
1996
1990
1966
1940
1982
1989
1999
1976
1978
1974
1930
1988
1992
1995
1987
1982
1983
1983
2004
1978
1979
1954
1922
1979
1979
1984
1979
1985
2041
1995
1986
2111
2169
2163
2138
2193
2173
2175
2171
2236
2168
2166
2103
2193
2188
2178
2190
2199
2196
2175
2149
2115
2171
2139
2191
2177
2164
2167
2170
2167
2194
2211
2185
2168
2197
2171
2163
2164
2156
2186
2168
2114
2166
2165
2130
2183
2167
2200
2193
2195
2178
2117
2171
2165
2193
2180
2235
2128
2172
2181
2182
2165
2105
2137
2175
2193
2200
2179
2189
2167
2271
2169
2169
2176
2172
2181
2191
2197
2169
2127
2172
2129
2195
2176
2160
2187
2180
2177
2183
2109
2188
2177
2178
2168
2154
2179
2171
2173
2223
2137
2176
2376
2437
2391
2386
2383
2384
2369
2373
2366
2371
2276
2446
2402
2320
2373
2360
2368
2381
2326
2370
2389
2315
2370
2368
2310
2400
2384
2378
2369
2364
2309
2378
2369
2368
2367
2477
2383
2372
2375
2388
2378
2372
2373
2363
2372
2390
2372
2397
2378
2333
2318
2368
2366
2367
2373
2324
2383
2367
2419
2390
2378
2398
2370
2376
2366
2380
2364
2321
2380
2391
2307
2416
2378
2378
2372
2382
2395
2375
2342
2299
2369
2343
2373
2372
2381
2428
2369
2380
2370
2386
2396
2365
2367
2376
2367
2372
2397
2391
2367
2369
2450
2580
2627
2584
2581
2599
2581
2590
2584
2585
2510
2584
2508
2583
2552
2588
2593
2599
2581
2527
2512
2562
2607
2601
2614
2594
2532
2589
2579
2577
2534
2585
2631
2510
2580
2565
2585
2597
2616
2585
2560
2543
2597
2578
2579
2550
2591
2619
2588
2484
2591
2559
2598
2591
2586
2582
2569
2595
2555
2584
2565
2582
2597
2584
2603
2596
2585
2593
2594
2626
2579
2607
2606
2587
2587
2789
2586
2582
2616
2594
2527
2581
2579
2589
2592
2579
2593
2602
2588
2591
2590
2575
2583
2591
2589
2551
2596
2570
2581
2611
2783
2805
2806
2823
2754
2815
2835
2814
2813
2806
2819
2784
2811
2822
2806
2838
2811
2836
2837
2801
2826
2804
2803
2809
2821
2811
2757
2846
2821
2818
2826
2787
2786
2806
2837
2719
2745
2812
2814
2742
2789
2781
2773
2807
2818
2835
2810
2787
2804
2818
2833
2901
2771
2806
2803
2784
2757
2817
2801
2810
2756
2821
2802
2804
2809
2802
2813
2835
2810
2836
2743
2821
2904
2843
2841
2833
2819
2801
2839
2722
2810
2801
2813
2816
2806
2809
2812
2840
2809
2780
2863
2802
2816
2821
2809
2762
2846
2808
2819
2811
2956
3026
3043
3052
3079
3042
3060
3045
3052
2960
3022
3082
2999
2977
3043
3087
3047
3082
3056
3085
3055
3049
3050
3072
3036
3058
3030
3041
3048
3070
3149
3049
3018
3039
3025
3043
2993
3049
3039
3046
3061
3045
3046
3053
3041
2956
2956
3043
3058
3033
3051
3043
3043
3039
3049
2959
3008
3053
3071
3027
3053
3052
3029
3076
3038
2949
3047
3034
3069
3004
3093
3047
2961
3041
3046
3082
3044
3005
3069
3074
3045
3028
3046
3061
3064
3069
3056
3037
3046
2957
3036
3043
3044
2983
3057
3041
3059
3069
3040
3087
3224
3295
3331
3294
3208
3304
3294
3314
3332
3292
3208
3328
3290
3293
3311
3201
3260
3312
3292
3291
3203
3257
3327
3306
3305
3297
3296
3313
3307
3316
3298
3329
3303
3301
3272
3233
3317
3254
3294
3219
3234
3293
3301
3326
3297
3274
3297
3338
3357
3326
3314
3309
3295
3264
3275
3253
3312
3317
3274
3329
3325
3243
3299
3312
3312
3310
3328
3309
3230
3334
3219
3292
3320
3247
3268
3262
3305
3301
3334
3213
3257
3217
3248
3204
3294
3336
3331
3313
3323
3300
3296
3296
3334
3328
3196
3208
3217
3216
3301
3330
3577
3557
3575
3612
3559
3558
3563
3557
3602
3482
3603
3566
3453
3525
3559
3574
3595
3561
3456
3597
3516
3562
3562
3553
3563
3562
3555
3586
3559
3598
3576
3578
3522
3549
3540
3560
3576
3554
3557
3524
3458
3551
3561
3588
3568
3583
3565
3584
3565
3587
3570
3516
3593
3541
3588
3556
3654
3530
3558
3559
3488
3553
3575
3599
3576
3610
3561
3595
3559
3572
3568
3580
3490
3598
3466
3533
3559
3564
3556
3411
3514
3591
3585
3553
3545
3601
3600
3553
3556
3560
3573
3557
3538
3529
3571
3521
3577
3606
3556
3577
3678
3731
3770
3867
3732
3863
3849
3834
3767
3885
3783
3801
3820
3823
3867
3836
3845
3863
3766
3779
3783
3835
3781
3755
3784
3798
3831
3755
3760
3760
3737
3836
3786
3920
3822
3777
3837
3782
3860
3759
3859
3896
3823
3878
3775
3826
3812
3831
3843
3813
3756
3832
3786
3739
3752
3838
3865
3846
3844
3749
3772
3840
3871
3753
3838
3834
3732
3805
3835
3794
3846
3736
3790
3822
3839
3892
3835
3773
3837
3784
3867
3865
3841
3848
3749
3809
3761
3790
3734
3787
3834
3980
3759
3773
3763
3834
3846
3773
3781
3864
4178
4033
4052
4064
3988
4110
4053
4149
4193
4087
4144
4172
4087
4107
4123
4143
4050
4175
4050
4144
4159
4121
4099
4187
4155
4128
4018
4017
4024
4088
4188
4089
4083
4157
4107
4173
4064
4224
4084
4007
4050
4131
4170
4146
4097
4041
4129
4181
4151
4146
4134
4011
4105
4020
4034
4114
4240
4148
4012
4160
4056
4035
4109
4109
4146
4052
4077
4066
4147
4097
4023
4207
4093
4049
4169
4113
4025
4079
4313
4033
4061
4130
4024
4120
4131
4176
4063
4031
4123
4197
4016
4148
4024
4055
4148
4087
4118
4044
4140
4071
4378
4349
4373
4458
4522
4367
4352
4361
4434
4332
4482
4354
4308
4357
4304
4366
4330
4305
4367
4472
4372
4372
4372
4348
4451
4380
4322
4420
4412
4579
4340
4271
4465
4426
4404
4397
4375
4330
4384
4321
4353
4447
4420
4359
4409
4472
4419
4400
4382
4573
4371
4425
4355
4339
4383
4334
4345
4349
4389
4432
4349
4412
4424
4400
4497
4389
4437
4328
4348
4443
4306
4448
4374
4326
4382
4376
4387
4340
4331
4440
4355
4428
4452
4321
4441
4455
4446
4415
4322
4435
4344
4370
4399
4450
4415
4452
4362
4398
4322
4407
4661
4724
4680
4639
4685
4707
4695
4684
4647
4647
4757
4750
4699
4706
4766
4647
4636
4712
4687
4633
4765
4696
4617
4594
4773
4731
4647
4728
4725
4721
4640
4663
4712
4746
4801
4643
4728
4671
4798
4727
4753
4645
4679
4734
4773
4763
4707
4667
4724
4664
4623
4695
4870
4698
4690
4748
4787
4631
4681
4656
4635
4733
4690
4682
4795
4750
4621
4687
4774
4712
4672
4743
4777
4603
4793
4636
4782
4709
4784
4779
4664
4819
4655
4671
4724
4637
4629
4644
4734
4634
4579
4683
4696
4655
4683
4736
4867
4765
4621
4761
5031
5021
4977
5052
4985
4985
5104
4975
5000
5050
5097
5021
5005
5046
4978
5072
5056
4952
5038
5041
5107
4956
5082
5103
5251
4945
4963
5013
5024
5034
5059
5034
4979
5062
5094
4994
5088
5089
5087
5137
5148
5088
4992
4970
5089
5039
5010
5141
4983
5028
4999
5129
5101
4952
5052
4970
4965
5028
4947
4994
4863
5130
4998
5112
5116
5075
5208
5110
4950
4888
5008
4945
5005
5023
5060
5024
4972
4982
4991
5114
5073
4961
5074
5005
5028
5021
5060
5200
5045
4949
4960
4976
5069
4954
5267
5022
5022
4978
5103
5012
5318
5378
5366
5352
5390
5299
5416
5523
5407
5491
5320
5383
5374
5376
5449
5320
5373
5439
5338
5661
5372
5445
5322
5360
5353
5360
5324
5403
5468
5353
5399
5372
5333
5560
5369
5428
5417
5433
5462
5432
5387
5442
5316
5412
5456
5313
5484
5373
5456
5359
5359
5336
5333
5373
5428
5344
5334
5275
5290
5310
5423
5391
5493
5434
5242
5377
5359
5485
5423
5304
5490
5457
5294
5436
5458
5296
5381
5337
5406
5334
5299
5130
5459
5473
5317
5315
5318
5503
5311
5377
5300
5333
5494
5361
5329
5331
5447
5340
5329
5353
5742
5757
5851
5752
5739
5667
5689
5840
5661
5767
5670
5684
5867
5835
5708
5803
5697
5750
5661
5637
5909
5661
5692
5730
5663
5843
5826
5705
5571
5777
5709
5812
5759
5749
5726
5587
5846
5841
5848
5720
5702
5690
5739
5810
5621
5636
5781
5741
5656
5712
5727
5791
5795
5719
5736
5768
5671
5694
5710
5797
5721
5739
5932
5667
5705
5798
5833
5800
5817
5677
5655
5688
5881
5834
5681
5946
5793
5755
5637
5708
5706
5849
5741
5640
5730
5746
5763
5738
5803
5865
5676
5831
5799
5714
5639
5770
5764
5666
5711
5758
6185
6133
6168
6123
6084
6127
6131
6140
6155
6077
6110
6161
6098
6156
6104
6090
6183
6112
6019
6146
6076
6082
5963
6208
6030
6160
6234
6189
6004
6102
6105
6071
6215
6159
6185
6106
6140
6133
6221
6217
6045
5973
6146
6119
6055
6187
6085
6046
6071
6060
6188
6055
6063
6082
6123
6082
6043
6187
6027
6110
6156
6042
6084
6156
6218
6116
6082
6140
6013
6025
6055
6027
6002
6244
6085
6201
6040
6052
6149
6046
6087
6161
6058
6152
6006
6192
6251
6114
6063
6213
6040
6076
6094
6135
6011
6214
6184
6031
6306
6092
6362
6453
6470
6584
6343
6419
6503
6421
6555
6429
6593
6510
6402
6445
6522
6464
6484
6538
6532
6391
6471
6698
6443
6294
6422
6475
6445
6434
6630
6516
6472
6547
6547
6512
6485
6473
6541
6532
6471
6473
6592
6395
6532
6535
6465
6480
6422
6482
6580
6519
6597
6554
6535
6513
6476
6541
6505
6568
6471
6598
6531
6479
6553
6664
6312
6509
6496
6427
6457
6577
6603
6464
6447
6476
6478
6531
6467
6469
6539
6645
6551
6585
6536
6382
6532
6610
6394
6452
6590
6419
6574
6534
6441
6483
6533
6442
6496
6294
6369
6409
6970
6954
6901
6858
6947
6930
6836
6837
6896
6956
6867
6876
6774
7153
6718
7099
6896
6989
7039
6852
6884
6854
6902
6801
6919
6954
6850
6933
7000
6895
6859
6986
6843
6842
6997
6842
7036
6878
6881
6894
6885
6772
6954
6921
6772
6898
6862
7075
7001
6827
7013
7010
6992
6909
6919
6789
6837
6904
7070
6888
6881
7017
6806
6971
6852
6942
6795
7006
6913
6834
6902
6772
6830
6888
7235
6946
6982
6880
6937
6966
6994
7074
6856
6902
6943
6847
6849
6898
6720
6945
6815
7038
6927
6954
6857
6952
6902
6804
6934
6921
7359
7291
7589
7403
7280
7184
7392
7300
7155
7287
7243
7160
7604
7198
7230
7183
7359
7310
7316
7283
7250
7300
7336
7445
7363
7241
7356
7300
7332
7421
7327
7273
7292
7316
7422
7278
7320
7297
7407
7320
7143
7373
7369
7312
7467
7403
7295
7471
7425
7317
7335
7194
7433
7346
7362
7573
7366
7249
7286
7478
7349
7386
7244
7280
7269
7331
7622
7374
7538
7352
7274
7260
7131
7325
7270
7338
7337
7497
7152
7289
7261
7301
7305
7213
7325
7349
7370
7323
7398
7499
7318
7449
7334
7394
7236
7368
7354
7135
7458
7408
7766
7779
7798
7815
7702
7711
7871
7589
7668
8014
7729
7786
7704
7703
7778
7581
7906
7602
7945
7702
7627
7926
7842
7743
7587
7663
7722
7724
7723
7932
7760
7763
7742
7739
7794
7930
7642
7766
7791
8026
7822
7633
7777
7846
7781
7887
7753
7693
7717
7927
7787
7755
7720
7737
7760
7693
7718
7717
7690
7697
7548
7777
7685
7642
7770
7658
7685
7798
7608
7807
8158
11364
7996
7999
7987
8118
7974
8006
8158
8700
8130
8174
12839
7850
8113
7794
7713
7692
7782
7832
7767
7824
7760
7701
7792
7806
7720
7758
7761
7766
8296
8166
8133
8354
8337
8294
8195
8219
8510
8500
8460
8406
8203
8166
8370
8388
8439
8477
8067
8448
8254
8186
8201
8266
8116
8283
8416
8104
8180
8350
8225
8414
8288
8167
8133
8228
8310
8272
8093
8178
8432
8236
8071
8217
8254
8244
8266
8254
8169
8360
8208
8467
8221
8210
8255
8172
8361
8676
8374
8270
8195
8405
8368
8144
8218
8150
8387
8449
8490
8466
8399
8495
8188
8221
8202
8281
8388
8228
8039
8248
8328
8243
8194
8053
8366
8547
8570
8328
8302
8264
8268
8278
8197
8246
8215
8284
8405
8110
8189
8265
8655
8737
8637
8640
8696
8584
8803
8740
8902
8971
8863
8843
8810
8955
8928
8815
8791
9052
8885
8746
8905
8937
8916
8979
8934
8929
8838
8818
8847
8850
8713
8821
8610
8757
8749
8702
8769
8783
8475
8695
8620
8961
8738
8753
8737
8615
8678
8795
8714
8885
8767
8864
8677
8650
8855
8651
8847
8719
8959
8719
8743
8523
8713
8849
8719
8515
8856
8662
8717
8957
8702
8929
8772
8800
8809
8854
8820
8803
8731
8974
8892
8913
9063
8830
8933
8850
8890
8700
8921
8683
8849
9028
8945
8994
9050
9070
8964
8898
8933
8704
9418
9301
9303
9508
9479
9279
9345
9523
9474
9399
9632
9295
9272
9206
8949
9226
9239
8970
9160
9312
9216
9049
9178
9019
8965
9120
9003
9183
9358
9329
9229
9063
9202
9123
9177
9149
9554
9433
9458
9546
9295
9307
9343
9291
9318
9155
9236
9108
9195
9221
9137
9471
9231
9158
8993
9219
9360
9248
9219
9253
9157
9031
9125
9233
9095
9196
9145
8992
9184
9126
9176
9036
9169
9201
9327
9068
9147
9102
9337
9304
9359
9210
9269
9339
9357
9195
9117
9318
9069
9146
9161
9241
9173
9209
8974
9139
9176
9264
9191
9155
9642
9574
9902
9684
9720
10065
10049
9800
9941
9778
9855
9816
9751
9703
9752
9790
9796
9854
9730
9918
9712
9804
9735
9718
9932
9784
9768
9784
9758
9992
9691
9823
9898
9572
9843
9718
9831
9692
9633
10007
9557
9696
9916
9526
9730
9834
9692
9736
9757
9928
9671
9725
9684
9861
10166
9607
10022
9530
9901
9865
9866
9731
9734
9937
9894
9745
9871
9540
9741
9945
9785
9804
9635
9709
10038
9808
9703
10032
9658
9687
9736
9742
9554
9504
9973
9814
9597
9900
9775
9591
9851
9830
9937
9875
9699
9808
9685
9661
9858
9720
10244
10318
10092
10161
10366
10346
10309
10349
10162
10556
10297
10155
10042
10253
10144
10151
10168
10101
10070
10077
10169
10290
10296
10157
10407
10353
10277
10246
10156
10522
10544
10517
10560
10332
10374
10238
10559
10436
10349
10529
10468
10283
10333
10166
10513
10557
10426
10498
10465
10491
10343
10379
10529
10331
10468
10463
10418
10311
10238
10384
10436
10375
10340
10817
10792
10433
10554
10308
10543
10289
10577
10349
10598
10498
10478
10580
10524
10349
10354
10588
10369
10464
10287
10461
10341
10210
10117
10249
10329
10337
10358
10288
10191
10610
10587
10491
10335
10382
10484
10316
10903
11011
10869
11011
10873
10989
10958
11175
10954
10908
11079
10828
10763
10766
10948
10924
11113
11093
10894
11101
11049
11149
10829
11005
10814
10742
10551
10970
10865
10790
10767
10843
10670
10881
11280
10859
10593
10794
10900
10899
10976
11165
10830
10801
10567
10654
10930
10868
10806
10832
10884
10643
10637
10961
10727
10776
10859
10822
10958
10977
10637
11044
11028
10937
11168
11190
11053
11085
11108
11151
10695
10953
11086
10777
10825
10731
10728
11045
10747
10662
11037
10879
10827
10694
10987
11043
10679
10901
10737
10838
10922
11047
10715
10910
10678
10823
10629
10784
10843
10939
11265
11306
11340
11579
11506
11402
11434
11321
11612
11619
11571
11635
11507
11452
11560
11631
11406
11198
11399
11226
11397
11241
11574
11473
11438
11187
11414
11434
11514
11423
11382
11432
11558
11469
11270
11385
11325
11677
11276
11756
11301
11325
11139
11442
11371
11506
11416
11269
11455
11293
11258
11265
11520
11366
11214
11348
11594
11495
11196
11475
11495
11456
11151
11423
11571
11653
11339
11839
11420
11346
11308
11630
11475
11505
11409
11703
11201
11407
11989
11408
11197
11170
11643
11493
11449
11240
11417
11375
11156
11337
11417
11269
11182
11124
11277
11240
11313
11430
11201
11203
11905
11887
11872
11890
11771
11807
11768
11734
11806
11854
11744
11912
11939
11763
11875
11802
11817
11931
11756
11963
11997
11910
12009
11991
12046
11870
11932
11862
11983
11949
11994
11803
11811
12317
11919
12017
11938
12006
11823
11952
12442
11968
11861
11974
12071
12029
11642
11899
12191
11822
12018
12193
11947
11902
11864
12309
11922
11888
11969
11827
11877
11902
12150
12027
11888
11940
11730
11945
11963
12056
11864
11940
11835
11871
11788
11925
11758
12014
11858
11878
11808
11963
12077
11906
12298
11943
11758
12037
11807
11829
11828
12209
11870
11829
11793
11952
12025
11904
11737
11961
12510
12619
12623
12581
12367
12596
12422
12404
12427
12604
12463
12575
12857
12493
12333
12493
12456
12434
12422
12900
12495
12498
12464
12392
12473
12560
12659
12693
12401
12414
12709
12388
12566
12619
12724
12534
12742
12628
12632
12295
12586
12711
12545
12569
12522
12554
13015
12874
12667
12620
12321
12507
12407
12550
12374
12485
12484
12514
12520
12554
12851
12419
12405
12564
12423
12389
12657
12386
12727
12691
12601
12442
12524
12511
12600
12599
12468
12481
12477
12533
12573
12785
12569
12407
12523
12521
12600
12580
12513
12761
12435
12623
12568
12570
12463
12652
12701
12391
12694
12520
12940
13108
13579
13298
13196
13094
13122
12950
13267
13352
13237
13011
13140
13121
13122
13127
13468
13337
13131
13133
13281
13037
13324
13070
13072
13408
13082
13145
13001
13119
13186
13440
13075
13043
13116
12885
13374
13417
13139
13422
13133
13109
13316
13031
13119
13304
13055
13071
13208
13387
12949
13040
13029
13033
13061
13246
13049
13031
13359
13678
12979
13091
13317
13211
12953
13310
13044
13089
13104
13597
12975
13158
13001
13017
13071
13321
13085
12993
12968
13256
13094
13099
13487
13249
13100
13168
13053
13076
13156
13451
13112
13134
13124
13175
13155
13514
12986
13089
13202
12979
13773
13698
13926
13748
13833
13697
13834
13820
13781
14005
13756
13757
13895
13643
13928
14167
13824
13742
13630
13791
13819
14151
13603
14012
14103
14213
13669
13589
14343
13918
13862
13935
13702
13939
14109
13696
13823
13690
13942
13872
14114
13730
13632
13663
13610
13702
13845
14583
13960
13585
13610
13926
13891
13939
13867
13725
13685
13671
13965
13729
13803
13564
13623
13863
13714
13848
14081
13849
13871
13806
13581
13612
14094
13951
13599
13789
13895
13887
13958
14304
13853
13780
13929
13736
13658
14150
13760
13869
13910
13851
13491
14012
13621
13935
13811
13792
13531
13544
13907
13582
14454
14585
14399
14708
14673
14998
14262
14449
14500
14516
14848
14768
14537
14489
14439
14380
14427
14967
14571
14460
14307
14256
14448
14510
14425
14424
14421
14389
14330
14665
14366
14633
14548
14555
14220
14930
14353
14485
14672
14643
14434
14736
14360
14395
14513
14523
14536
14715
14520
14311
14651
14290
14623
14830
14463
14386
14494
14698
14232
14494
14383
14265
14542
14572
14515
14446
14398
14378
14366
14404
14401
14592
14224
14446
14255
14453
14438
14428
14558
14430
14214
14610
14285
14357
14714
14437
14374
14227
14381
14528
14721
14393
14530
14489
14500
14611
14646
14659
14498
14340
15290
14971
15524
15131
15137
15311
14989
15217
15226
15114
15430
16157
15341
15116
15435
14976
14911
15166
15229
15377
15266
15174
15206
15057
15043
15210
15473
15093
15072
15148
15327
15211
15579
15241
15279
15271
15344
15147
15392
15188
15078
15252
15177
15310
15495
14959
15075
15118
15082
15229
15155
15160
15090
14981
15019
15030
15230
15068
14939
15164
15149
15327
15357
15292
15487
15253
15114
15051
15397
15064
15147
15366
15210
15476
15173
15081
15085
15014
15033
15111
15367
15272
14993
15393
15063
15464
15228
15114
15262
14840
15053
15535
15255
15328
15084
15124
15044
15400
14950
15291
15729
15874
15738
16247
15736
15773
15734
15812
15921
16218
15784
15777
15804
16290
16182
15772
16135
16174
15833
15599
15699
16021
15752
15790
15797
15963
15759
15962
15614
15943
15645
16268
15689
15556
16254
15720
15735
16126
15969
15546
15988
15864
15875
15906
16101
15603
16014
15970
16168
16123
15896
15972
15911
15856
16369
15773
16098
15812
15748
15889
15770
16409
15860
16271
15917
16161
15942
15896
15978
15931
16240
15831
15674
15769
15665
16125
16160
16018
15563
15821
16056
15838
16038
15809
15947
15896
15964
15604
16207
15648
16028
15938
15926
16225
15927
15720
15650
15866
15726
16127
16580
16415
16615
16640
16725
16709
16700
16798
16359
16416
16937
16790
16881
16495
16833
16718
16708
16761
16684
16705
16487
16861
16536
16550
16639
16351
16434
16892
16517
16473
16395
16866
16615
16369
16473
16574
16591
16779
16498
16642
16343
16493
16513
16516
16501
16495
16512
16535
17021
16729
16362
16950
16511
16706
16677
16541
16467
16583
16467
16762
16735
17046
16643
16532
16471
16515
16349
16663
16594
16525
16886
16612
16528
16626
16816
16680
16568
16443
16649
16664
16565
16859
16749
16760
16397
16466
16847
16428
16330
16486
16530
16684
16419
16728
16781
16497
16519
16726
16722
16424
17380
17380
17269
17059
17340
17282
17548
17499
17904
17447
17421
17510
17252
17550
17460
17502
17550
17282
17333
17368
17335
17259
17202
17534
17468
17329
17210
17249
17254
17722
17292
17362
17180
17462
17704
17344
17383
17257
17293
17484
17595
17381
17246
17408
17555
17535
17265
17509
17380
17328
17576
17167
17387
17667
17936
20136
17990
17766
17427
17574
17117
17412
17374
17198
17350
17869
17222
17452
17531
17139
17888
17339
17275
17202
17405
17192
17274
17416
17151
17156
17337
17447
17363
17228
17312
17483
17658
18710
17507
17121
17290
17803
17354
17187
17511
17473
17495
17670
17420
17624
18668
18301
18101
17908
18332
17811
18563
18500
18169
17893
18011
17964
18377
18120
18341
18053
18048
18360
18007
17930
17944
18541
18161
17958
17904
17941
18243
18271
18106
18147
17985
18017
18125
18023
18020
17914
18004
18364
18116
18060
17993
17949
18332
18100
18090
18167
18325
18414
18227
18072
18122
18575
18483
18232
18293
18202
18221
18249
18085
18226
17990
18012
18460
18181
18057
17965
18124
18184
17822
18043
17906
18055
18264
17932
17945
18280
18155
18027
18179
18179
18242
18137
18182
18067
18118
18172
17933
17902
18416
18177
17970
17871
18611
18193
18012
18278
18119
18117
18497
18709
19653
20123
19505
19578
19930
18893
18897
19351
19223
18740
19012
18568
19168
18791
18809
18737
18728
19406
18857
19065
19012
19100
18664
18915
19068
18996
18896
19153
19092
19035
18914
19272
19117
19151
19104
18827
19177
18794
19023
18992
18783
18755
19000
19088
18832
19071
19418
18972
18802
18917
19436
18926
19014
18684
18912
19008
19144
18716
18662
19025
18994
19271
18982
18655
18711
19211
18849
18809
18852
18742
18908
18909
18623
18671
18736
19362
19240
19036
19085
18658
19177
18657
19238
18989
19120
18816
18992
19090
18717
18672
19025
18903
19193
18949
19281
18880
19089
19154
19170
19353
19620
19725
19772
19549
20065
19678
20096
19609
19844
19681
20376
19432
19709
19927
19778
20081
19703
19720
20105
20471
19830
19856
20002
19546
19531
19694
19721
20210
19632
19531
19549
19941
19951
19656
19739
19865
20232
19786
19657
19994
19804
19834
19647
19947
19574
19828
19861
19933
19788
19911
20130
19895
19829
19776
19447
20035
19801
19901
19929
19516
19763
20195
19737
19678
20080
19707
19816
19816
19787
20000
19535
19689
19704
20120
20747
19689
19655
19818
19877
20192
19616
19692
19903
20096
19662
19648
20040
19981
20033
19387
19939
19659
20021
19859
19748
19908
19859
20001
19887
19551
20735
20728
20408
20710
20499
20649
20922
20807
20649
20321
21034
20817
20514
21067
20687
20937
21129
20467
20688
20611
21157
20507
20651
20592
21201
20490
20944
20904
20871
21122
20925
20569
20520
20631
20548
20977
20551
20887
20507
20533
20656
20506
20720
20621
20899
20519
20735
20857
20492
20648
20628
20919
20744
20783
20824
20798
20661
20372
20428
20509
20518
20676
20782
20563
21047
20463
20451
20492
20592
20997
20823
20745
20463
21159
21069
20638
20517
20633
20922
20441
20931
20639
20992
20582
20640
20578
20474
20744
20512
20879
20478
21090
20557
20695
20451
20763
20839
20586
20808
20498
21720
21570
21297
21308
21564
21538
21592
21651
21528
21720
21370
21689
21396
21929
21704
21442
21491
21387
21384
21398
21496
21506
21968
21249
21326
21317
21943
21720
21186
21470
21862
21388
21563
21312
21883
21837
21343
21380
21288
21865
21183
21908
21198
22012
21535
21524
21534
21236
21726
21495
21648
21321
21792
21563
21977
21401
21657
21681
21254
21417
21663
21748
21633
21861
21285
21679
21570
21854
21406
21699
21466
21467
21250
21351
21666
21262
21275
21329
21987
21562
21151
21302
21857
21623
21146
21701
21508
21749
21309
21453
21536
21766
21737
21556
21433
21436
21496
21547
21628
21242
22653
22210
22364
22292
22728
22717
22575
22641
22657
22460
22230
22280
22631
22190
22278
22558
22694
22641
22643
22610
22692
22671
22648
22530
22840
22649
22370
22388
22642
23061
22503
22241
22281
22908
22379
22237
23292
22656
22308
22393
22308
22674
22614
22438
22262
22359
22640
22286
22453
22348
22519
21995
22988
22495
22475
22440
22820
22352
21966
22426
22615
22334
22621
22669
22278
22206
22325
22622
22350
22877
22393
22637
22202
22675
22622
22601
22373
22169
23141
22681
22530
22244
22349
22443
22223
22460
22579
22668
22775
22531
22332
22654
22755
22322
21949
22109
22852
22296
22361
22415
23860
23277
23570
23338
23654
23322
23267
23069
23141
23217
23501
23303
23363
23289
23556
23099
23611
23149
23135
23667
23643
22992
23693
23632
23435
23517
23012
23895
23410
23232
23132
23309
23417
23463
23807
23150
23309
23722
23410
23097
23587
23410
23330
23389
23383
23615
23020
23468
23099
23703
23501
23022
23231
23480
23064
23324
23593
23584
23363
23209
23255
23528
23299
23410
23150
23487
23204
23050
23289
23737
23065
23617
23209
23458
23345
23693
23359
23559
23045
23476
23167
23942
23261
23164
23206
23756
23189
23432
23077
23710
23108
23266
23269
23604
23220
23822
22933
23711
23490
23334
24047
24700
24136
24212
24088
24523
24342
24630
24025
24626
24120
24432
24394
24449
24223
23948
24130
24386
24022
23961
24328
24194
24749
24356
24461
24297
24090
24041
24187
24703
24585
23920
24661
24404
24124
24221
24518
24630
24365
24238
24194
24096
24440
23932
24215
24247
24840
24105
24485
24327
24056
24411
24035
23913
24673
23997
24214
24231
23925
24284
24056
24719
24044
24754
24625
24048
24110
24396
24189
24251
24449
24773
24389
24491
23826
24323
24200
24292
24137
24593
24375
24007
24339
24357
24235
24415
24190
24622
24263
24254
24232
24280
23962
24064
24532
24266
24137
24129
24276
24759
25330
25007
25704
25129
25184
25358
25606
25164
25189
25230
25223
25331
25062
25980
25144
25405
25508
25595
25189
25275
25121
25397
25630
25548
25049
25383
25118
25036
25371
25448
25355
25006
25904
25303
25338
25335
25900
25222
24951
25269
25241
25535
25309
25090
25415
25957
25213
25220
25085
25147
25226
25480
25261
25227
25207
25639
25089
25328
25146
25548
25600
25249
25677
25124
25596
24843
25274
25509
25145
25142
25950
25265
25130
25034
25724
25203
25292
25478
25007
25135
25011
25501
25390
25817
25447
25808
25356
25095
25122
25752
25274
24990
25657
25038
25319
25246
25750
25192
25020
25306
26299
26108
26032
26170
26427
26264
25965
26421
26264
26609
26046
26335
26169
26083
26553
26081
26475
26179
26615
26178
26388
26329
26077
26246
26204
26552
26636
26551
26078
26333
26081
26296
26611
26394
26220
26168
26451
26254
26188
26127
26932
26350
26467
26329
26765
26363
26159
26727
26218
26852
26746
26189
26404
26004
26609
26066
25961
26218
26328
25889
26477
26789
26232
26446
26440
26972
26112
26599
26022
26361
26542
26040
26798
26033
26230
26188
26776
26240
26345
26125
26567
26589
26150
26082
26299
26893
26295
26235
26050
26000
26064
25921
25995
26111
26312
25947
26986
27226
26533
27334
28418
27545
27469
27965
28244
28462
28365
28145
27639
27420
27553
26999
27572
27407
27266
27015
26978
28040
27269
27403
27579
27184
27790
27517
27841
27535
27574
27705
27925
28374
28527
28311
28240
28200
28328
28166
28614
28218
27137
27040
28472
28528
28241
28302
28242
27898
28472
28265
28072
28339
28021
27971
27732
27622
27645
27717
27792
27694
27804
27781
27736
27735
27411
27323
27422
27489
27302
27324
27244
27282
27491
27643
27626
27235
27050
27278
27110
27383
27217
27109
27027
27023
27073
27058
27026
27284
27431
27552
27584
27574
27186
27441
27168
27982
27790
27386
27853
27346
27476
28483
29292
29471
28491
29072
28235
28515
28012
29142
29278
28938
28293
28580
27979
28127
28328
28162
27924
27970
27902
28413
28045
28284
28357
28293
28310
28839
28365
28618
28435
29294
28823
28640
28702
28480
28922
28665
28527
28256
28877
28775
28997
28815
28876
28270
28605
29176
28475
28427
28787
28596
28814
28909
28763
28672
28746
28642
28553
28596
28655
28890
28520
28481
28223
28572
28362
28317
28486
29393
28886
28879
28581
28792
28919
28827
28769
28634
29330
29044
28852
28585
28556
28732
28438
28707
28582
28943
28756
29091
29409
29520
29549
28261
28738
28704
28727
28684
28513
28697
28619
28448
30096
29406
29764
29084
29570
29124
29464
29865
30459
30013
29618
29431
29391
29259
29403
29210
29571
29534
29384
29044
29462
29377
29255
29852
30052
29467
29356
29335
29423
29146
29577
29417
30417
30220
29118
29148
29330
29946
29546
29360
29251
29716
29263
29287
29324
29317
29510
29371
29263
29224
29335
29250
30072
30392
30630
29890
29394
29358
29143
29569
29504
29609
29873
30052
29849
29397
29716
29555
30454
29563
29997
29901
30098
29783
29763
29837
29775
29631
29628
29958
29764
29301
29404
29089
29766
30634
30030
29703
29998
29960
29079
28977
30221
29318
30036
29109
29204
29314
29250
29871
31594
31666
31215
30652
30375
30898
30083
30804
30151
30553
30793
31006
30440
30654
31028
30351
31140
31434
31041
30252
30351
30233
30546
30526
30196
30226
30656
30218
30518
30579
30270
30826
30925
30372
30370
31103
30392
30798
30939
30351
30705
30759
30398
30478
30608
30425
30377
30148
30792
30506
30365
30779
30596
30503
30797
30264
30715
30500
30399
31016
31248
30349
30165
30635
30663
30541
30250
31073
30160
30216
30789
30923
30551
30976
30957
30313
30662
30429
30272
30286
30329
30891
30589
30405
30549
30382
30736
30288
30074
30699
30342
30172
31343
30410
30212
30286
30927
30217
30279
31253
31488
31216
31839
31689
31318
31880
31494
31310
31600
31407
31378
32066
31901
31538
31741
31662
31317
31812
31286
31481
31684
31253
31486
32305
32213
31458
31821
31585
31196
31965
31384
31216
32098
31265
31222
31430
31557
31450
31555
31678
32097
31615
31469
31433
31401
31736
31869
31679
31945
31443
31695
31540
32277
31724
32472
32058
31665
32256
31937
31469
31855
32684
31713
31900
32205
31352
31446
31500
31492
31424
32091
31456
31454
31498
31554
32022
31642
32218
32380
31429
31837
32108
31961
31794
31549
31799
31862
31611
31662
31828
31576
31781
32346
31856
31744
32045
31745
31834
32103
31724
32723
33297
32794
32691
33648
32611
32388
32864
32654
32646
33224
33358
32656
32848
32947
32647
33290
32668
32584
33342
32669
32717
33367
32704
32687
33535
33968
33961
33148
32983
32680
32893
33165
32414
33068
32801
32884
32819
32711
32446
32660
32529
32431
32917
33107
32960
33186
32750
32575
33088
32711
33139
33419
33404
33022
33223
33179
32891
32890
33255
32936
32803
32883
33078
32846
32897
32903
32499
32874
33106
32908
32558
33290
32619
32723
33042
32865
32752
33091
33157
32655
32995
32970
33293
33317
32755
32825
33033
32784
33130
32659
33036
32778
33010
32698
33120
33430
32622
32520
33122
33709
34019
33921
34133
34279
34492
34554
33914
34318
34220
34433
33978
33747
34126
34073
34019
34270
33823
34778
34463
34581
34472
33818
33669
34041
33650
33576
33932
34060
33603
34093
34331
34418
34285
33952
34437
34256
34188
33962
34101
33988
33773
34123
33976
33895
34107
33767
33803
34050
33949
34523
34143
34083
34529
34371
33883
34402
34029
33870
34447
33925
33895
34080
34165
33746
34222
34227
33889
34105
33981
34490
33743
34051
34357
33916
33877
34641
33949
33761
34209
34142
33853
34784
34675
33942
34135
34234
33894
34458
34089
33992
34136
33926
34314
34148
33985
34213
33835
33643
34046
35505
35485
35824
34918
34840
35533
35247
35573
35636
34902
35746
35240
35023
35501
34794
35088
35350
34965
35076
35203
35007
35672
35148
35494
35397
35486
35357
35523
35170
35269
35435
35654
35870
35030
35051
35945
35382
35826
35744
35669
35318
35335
35685
35483
34877
34986
35430
35298
34760
35289
35853
34946
35743
35451
35113
35199
35017
35490
34952
35150
35640
35358
35029
35472
35553
35373
35087
36037
35665
35037
35087
35541
35112
34829
35733
34615
35176
35437
35303
34862
35400
35879
36749
36268
36417
36737
35715
35442
35206
35043
35481
35256
35308
35409
35516
35065
35391
35115
35082
35195
36725
36845
36641
36501
36643
37519
36992
37067
36505
36373
36729
36353
36683
36348
36377
36543
36308
36342
36543
37134
36439
36549
36284
36955
36429
36283
36700
36604
36478
36433
36546
36911
36275
36399
36482
36076
36717
36751
36328
36767
36180
36822
36571
36247
36580
36711
36364
36809
35974
36196
37152
36239
36868
36684
36335
37081
36136
36265
36898
36362
37255
36572
36943
36892
36629
36700
36935
36920
36553
36471
36827
37095
36436
36521
36986
36531
36524
36927
36314
36776
36663
36476
36646
36533
36919
36711
36504
36809
36341
36350
36875
36790
37213
36675
36153
36553
36384
36337
37280
37093
37671
37866
37871
38064
38318
37905
38204
38318
37911
37620
37776
38330
38167
37869
37565
37563
38669
37666
37936
37947
37987
38194
37621
37939
38570
37554
37459
37837
37962
37686
38095
38123
37778
37997
38082
37630
37906
38137
37926
37700
37682
38013
38394
37742
37456
38136
38295
37956
37814
37913
38236
37554
37697
37813
37768
38065
37718
37470
37985
37827
38670
37760
37922
37969
37966
37664
37931
38521
37867
38642
37752
37962
37724
37973
37683
37665
38325
38012
37900
37676
37683
39095
38814
38649
39123
38856
39164
38961
39414
38774
38934
39191
37740
37532
38569
38308
37590
37616
37669
37805
39001
39382
38947
39206
39994
39395
39410
39738
39092
39114
38834
39372
38927
39447
39386
38640
38897
39175
39077
39480
38757
39224
39106
39353
39372
38902
39046
39265
38913
39559
38785
39051
39199
39151
39116
39457
39192
39831
39383
39841
39398
38880
39175
39257
39355
39064
39036
39188
38969
38737
38755
38925
39581
39036
39205
38978
38727
39771
39022
39015
39047
38816
39213
39334
38791
39306
39042
39448
39211
38858
39442
38588
39270
38951
39171
39370
39080
39122
39048
38896
39235
39405
39511
39346
39186
39222
39147
39375
38739
38666
39232
39592
39098
38857
38779
38984
38673
38799
39349
38906
41243
40355
40424
40158
40538
41015
40233
40712
40493
40521
40754
40394
40290
40398
40328
41215
40773
40988
40406
40378
40242
40599
40700
40632
40446
40745
40586
40623
39967
40483
40194
40429
40543
40366
40716
40455
40110
40188
40281
40657
40107
40501
40567
40417
40895
40717
40240
40645
40119
40325
40624
40396
39951
40021
40321
40108
40022
40225
40295
40679
40135
40540
40489
40586
40679
40822
40438
40619
40380
40557
40007
40330
40283
40383
40268
40652
40924
40289
40508
40624
40015
40678
40487
40748
40718
41173
41117
40357
39830
40238
40565
40262
40350
40432
40690
40129
40281
40646
40149
40432
42079
41837
41649
41711
42246
41803
43693
42345
41760
42661
41831
42194
41610
42137
41535
41530
41968
41802
42143
41541
42066
42109
41788
42061
41714
42198
41641
41919
42438
41632
42571
41645
41760
41676
41558
41972
41477
42546
42142
41582
41388
41780
42112
41424
41894
42039
41646
41979
42041
41667
41587
42052
42566
41599
43271
41644
42179
41402
41883
41737
41858
42028
41648
42007
41659
41859
41993
41974
42034
41469
42287
41638
41495
41979
41536
42436
42339
41707
42376
41418
42011
41771
42106
42245
41797
41614
42029
42240
41410
41926
41917
41936
41741
41820
41969
41258
41836
41418
41503
42101
43578
43697
44055
43462
43099
43034
43204
43369
43684
43004
43844
43193
43448
43700
43188
43758
43290
43247
43116
42980
43260
43086
43390
43879
44094
44443
44412
44412
43573
43217
42464
42973
42569
43289
42846
43527
43024
42637
43017
43538
43576
42711
43661
43022
42831
43368
43744
43743
42958
43410
42756
42714
43037
42807
43546
43559
43610
43007
42617
43395
42789
43623
42845
43535
42874
43136
43270
42813
43623
42585
43465
43360
43658
43127
42757
43108
43061
43247
43543
43499
43060
43168
43041
43341
43091
43073
43648
42553
43436
43139
43296
43381
42869
43240
42748
43236
42682
42842
43484
42791
44844
44017
44637
44205
44128
44354
44545
44569
44388
44628
44255
44778
45065
44797
44458
44200
44770
44331
44801
44373
45016
44561
44726
44741
44791
44510
44453
44602
44213
44771
44017
44920
44524
44336
44155
44279
44785
44039
44684
44205
44752
44534
44178
44351
44746
44354
44736
45043
44122
44743
44818
43947
44634
44209
44759
44220
44633
44432
44666
44451
44751
44241
44297
44675
44592
45557
44268
44599
44572
44424
44480
44612
44713
44832
44566
44434
44988
44509
44416
45542
44674
44116
44726
45487
44014
45172
44679
45147
44611
44403
44730
44345
44575
44848
44520
44503
45024
44244
44720
44998
45721
46354
45871
46176
45809
46568
46149
46350
45610
46146
45892
46328
46724
46087
46305
46419
46400
46148
46054
46913
46762
45768
46567
45939
45591
46393
45919
46214
46527
46621
45791
46657
45914
46278
46020
46617
46163
45866
46159
46436
46104
46074
46174
46109
46421
46029
45980
46130
45669
46260
46262
45549
46175
46567
45875
46685
45959
46416
45914
46221
45831
46382
46498
46456
45900
45780
46459
46431
46405
46024
46257
46083
46152
46137
46231
46095
45655
46436
46421
46637
45636
46293
46649
45919
46054
46281
46387
45957
46654
45843
45884
45870
46220
46174
46069
45975
46310
46418
46173
45689
47551
47254
47649
47131
47162
47462
47376
47364
47376
47404
47009
47816
47661
47902
47134
48107
47373
47239
47033
47282
47301
47528
47184
46963
47373
47166
47743
47131
47821
48138
47602
47232
47098
47390
47923
47155
48352
46970
47240
47712
47643
47338
47161
47967
47725
47933
47038
47715
48008
47561
47996
48403
47154
47800
47234
47628
47130
47354
47077
47092
47142
47440
47244
46769
47630
47089
47488
47321
47535
47509
48072
47479
48124
47168
47596
47202
47678
47133
46955
47637
47527
47293
47134
47443
47405
47811
47194
47739
46966
47701
47235
47495
47252
47679
47767
47466
46949
47784
47225
47314
49133
48858
48648
48962
48972
48316
49277
48767
48852
48491
49580
48748
48909
48709
49382
48846
49261
48685
49273
49043
49495
48543
49223
49201
49262
48955
49206
48788
49270
48912
49077
48877
48891
48513
48690
48756
49295
48624
49222
48771
49367
49015
50915
51016
51036
50580
49530
50924
50701
50182
49805
48818
48797
49296
49612
48850
48911
49732
50438
50220
49791
49430
49215
49379
49697
50076
49087
49682
48755
48507
49425
49401
49880
48650
49289
49337
49451
49698
50035
50356
50489
49530
49247
49457
49177
48964
49254
49106
48882
49024
49906
49751
48797
49523
48576
49358
48512
48880
49140
48969
50218
50693
50788
50611
50226
50468
50395
50434
50540
50147
50346
50599
50936
50418
50120
50318
50544
50148
50318
50607
50206
50796
50944
50838
50661
50708
50586
50924
50456
50152
50241
50517
50155
50965
50790
50381
50369
51294
50426
50735
50150
50469
50877
50853
50300
50786
49961
50270
50124
50219
49938
50764
50323
50743
50760
51484
51054
51050
50765
50968
50600
50543
49951
50501
50293
51251
50056
50634
50084
50900
50444
50557
50354
50783
51004
51037
50804
50557
50499
50789
50015
50315
50755
50748
50791
51299
50104
50720
50694
50770
50113
51496
51056
51283
50053
51182
50517
50897
50791
50492
51740
52458
52006
52199
52020
52064
51669
51899
51891
52464
51754
51827
52389
51836
52325
51566
52135
52657
52361
52011
52132
52006
52248
51670
52272
51878
52683
51829
52414
51700
52195
51809
52440
52033
52478
51748
52160
51874
52288
51791
52303
52194
52024
52234
51626
52252
52559
52370
51835
52130
51708
52483
51722
52763
51725
52181
51876
52261
51530
52445
51647
52640
51559
52543
52041
52564
52257
52456
51746
52179
52282
52894
52166
52622
52111
52308
52258
51947
52311
51810
52351
51803
52743
51684
52433
51868
52309
52441
52229
51634
52167
51825
52284
51487
51978
52092
52423
51804
52009
51616
53391
53774
53475
53887
53314
53872
53910
53756
53556
53999
53645
53811
53275
54278
53505
53527
53768
53373
54366
53519
53967
54297
54123
53712
53660
53886
54034
53529
54038
53665
53801
53935
53512
53761
53195
54048
53462
53995
53369
53897
53460
53568
53323
53536
53811
53549
53611
53616
53874
53585
53785
53383
54132
53536
53731
53340
53824
53600
53744
53293
53808
53772
53171
53625
53805
54098
54030
53890
53425
54026
54086
53731
53922
53942
53707
53770
53360
53596
53184
53608
53751
53652
54338
54403
54128
54117
53744
53347
53683
53412
54067
53652
53902
53740
53367
53758
53690
54085
53497
54303
54931
55770
54842
55261
55276
55626
55340
54782
55585
54914
55754
55227
55375
55321
55575
55039
55766
55361
56192
55658
55364
55445
55061
55552
54965
55468
55423
54928
55666
54893
55512
55249
55516
54972
55426
54888
55396
55252
55572
55385
54875
55648
55002
55646
55265
55932
55026
55750
55045
54980
55526
54943
55208
54870
55356
55139
55505
54877
55218
54830
54998
55425
55016
55629
55210
55272
54854
55638
55429
55423
55423
55504
55577
54935
55444
55979
56118
55198
55241
55077
55107
55352
55348
55566
55072
55965
55044
55567
55735
55610
55302
55647
55250
55636
55150
54827
55636
55160
55337
54756
57026
57254
56871
56993
56636
57101
56657
57084
57034
56718
57343
57006
57378
56726
57005
56813
56994
57045
56548
57133
56844
57330
56750
57157
57364
57327
57258
56736
57047
57338
56981
57191
56478
57470
56491
57365
56718
56993
56783
57049
57243
56528
57068
56489
57429
56716
57365
57305
57041
57158
56921
57449
57052
57452
56548
56848
56955
57058
57399
56789
57226
56560
57053
56791
56662
57219
56799
57392
57130
57218
56520
57213
57209
56861
57172
56926
57407
56779
57206
57240
58047
57215
56292
57012
56797
57480
56723
57037
57002
56624
57168
56821
57538
56864
56953
56739
56755
57809
57010
57150
58437
58827
58645
58425
58975
58000
60002
58213
59086
58660
58410
58904
59199
59058
58589
58682
59118
58880
59169
58362
58697
58849
58337
59098
58773
59029
58699
58838
58823
58558
59345
58617
58984
58589
58777
58924
58425
59048
58745
59217
58985
58384
58887
58650
58842
58402
59009
58759
58226
59037
58240
59027
58498
58766
59208
58770
58890
58567
59017
58794
58424
58999
58501
58850
59022
58769
59072
59004
59046
58529
58914
58709
58393
59048
58201
59143
58560
58962
58148
58781
59373
58944
59359
59672
58311
58829
58605
59052
58413
59255
59203
58568
59488
58509
59940
59017
58546
58642
58890
59358
62879
63116
63272
63425
62417
60420
61513
61585
62117
60753
61861
62075
61526
61658
62004
62093
61333
61894
60552
61511
61427
60983
61055
60493
61248
62140
62032
61202
60816
62185
62227
61698
60931
60535
60813
61130
60707
60391
60277
61131
60914
60761
61581
60739
61057
60931
60926
61112
60731
60805
61102
60481
61288
60491
60785
60949
60887
61038
60400
60816
61209
60981
60843
60818
60912
60864
60669
60717
60681
60794
60891
60703
61036
60392
61148
60892
61358
61442
60270
61435
60692
60527
61620
62815
62981
62486
60216
61104
60701
60720
60468
60389
60990
60853
60869
61299
60838
60828
61120
61407
62473
62438
61873
63357
62473
62242
62854
62615
62920
62602
62826
62672
62741
62502
62688
62108
62652
62992
62326
62430
62556
62553
62665
62753
62407
62912
62055
63057
62938
62644
62777
62257
62479
62457
62175
63402
62493
62465
62554
62973
62761
62596
62757
62994
62940
62722
62217
62906
62773
62719
63109
62514
62016
62591
61904
62656
62558
62834
62759
62241
62963
62829
62326
62505
63110
61954
63234
62231
62721
62231
62653
62625
62287
62368
62815
62439
62700
62684
62397
62858
61931
62254
62325
62905
62497
61986
62755
62674
62041
62364
62376
62612
62775
62104
62279
62420
62895
63118
61952
62781
64124
63813
64480
64946
64867
64580
64145
64474
64620
64596
64442
64560
63912
65139
64547
64015
64525
64184
64299
64339
63609
64180
64413
63803
64863
64433
64107
64549
64393
65187
64045
63617
64210
64307
63943
64164
63954
63989
64458
64205
64724
64453
63368
63994
63989
64418
64820
64159
64012
64470
64524
64702
64332
64666
64397
64312
65376
64841
63989
64368
64323
64287
64147
64139
64060
64597
63977
64851
64724
64270
64399
64455
64643
64049
64768
64310
64201
63841
64178
64418
63490
64101
63963
63690
64170
63645
64105
64151
63758
63984
64318
63678
64226
64317
64188
64497
64111
64382
64397
64721
66208
66347
66267
66119
65777
66405
66280
66015
66532
66950
65921
66373
66073
66005
66490
66492
66034
66343
65966
66556
66149
66431
66628
66973
65887
66864
66146
66314
66326
66071
66898
66555
66215
65819
66554
66156
66229
65859
65601
65972
66496
66651
67976
66972
66852
68571
68459
66762
67861
68841
68827
68360
67418
69309
68547
67620
68067
66834
65942
65929
67384
67999
67075
67066
66725
65967
67057
66083
66147
66325
66164
66022
66956
66370
65804
65799
65915
66726
66390
66758
66965
67879
67680
66958
67223
66774
66654
67450
66730
67106
67621
66941
66702
66587
67265
67317
67113
67123
67652
68544
69365
69462
69454
69630
69575
69565
69366
69469
68795
68762
68809
68733
68932
68728
69256
68301
69730
69870
69057
68924
69332
68990
69070
68637
69230
67815
67667
67348
67794
67610
68253
68922
67330
67759
67687
67852
67801
67881
68027
67818
68003
70025
68941
68575
68409
68912
69658
69765
69035
68699
69195
68544
68689
69014
68627
68324
68043
68778
67719
68340
68055
67930
68198
68475
67750
67666
68471
68244
67893
69116
68897
67810
68152
67636
67662
68484
68193
68677
69215
68570
67860
68277
69117
68639
68486
68977
67841
68206
68650
67518
67862
69081
69429
69824
69064
68656
68706
68398
67995
68233
70151
70327
69916
70152
69875
70827
70268
70477
73143
71469
71339
70786
70693
71238
71374
70899
72366
71294
71519
72667
71628
72032
70708
71283
71750
70479
69467
70683
69649
71063
70895
70129
70281
70776
70913
71029
71254
70985
70663
70810
70259
71658
71848
70864
70981
71657
70947
71510
73090
71380
69576
69885
69630
70199
69832
69772
70990
70151
70215
71110
70875
70208
70387
70190
69617
70435
70451
69620
70389
70201
70091
71093
70635
71064
70280
70288
71333
69827
70378
70795
70715
69781
70245
70448
70241
70674
71460
70563
70070
70451
69517
70166
69831
69711
70235
70345
70537
69903
70281
70608
72214
73080
72142
71870
72009
71819
71683
72841
71922
72152
72204
73006
72903
72058
72209
73319
71465
72213
72209
72362
72511
72118
71767
71271
71758
71819
71229
72441
72551
72317
71403
71677
72034
72254
72538
71977
71686
71330
71690
72033
71674
71765
72039
71845
71384
72083
72475
71297
72712
71897
71849
72399
72231
72246
72140
71641
71891
72681
73133
72077
72485
72160
72324
72772
71616
72068
72332
71971
71727
72221
71854
71371
72319
72125
71732
72066
72022
72066
72171
72508
72485
71448
72105
72358
71704
71760
72185
71763
71983
72310
71788
72551
72122
72856
71833
72899
72266
72021
71685
72334
74605
74049
74400
74319
74806
73847
75052
74105
73772
74008
74453
73883
73481
74514
74479
73708
73705
75048
74641
74212
73776
74124
74649
73956
74347
73979
74248
73994
74042
74632
74752
74257
74522
74092
73941
74848
74452
74424
74325
74257
74225
73955
74150
75171
74164
74156
74218
74768
74154
73511
73658
73984
73259
73796
73771
73891
74160
73964
74407
73408
73333
73842
73949
73234
73803
73895
73988
73746
74117
74026
73883
74426
73751
73671
72972
73654
74039
73154
74659
74031
74060
73491
75136
74467
73611
74267
74514
74229
74719
74695
74119
74354
74228
74835
74277
74623
73318
74310
73850
73734
76124
75925
76383
76407
76320
76088
76053
75714
76739
76467
76259
75994
75868
75880
76028
75897
76189
76544
75826
76645
75870
76466
76115
75742
76595
76218
75699
76052
75705
76180
76018
76280
76340
76977
76983
76125
76186
76592
75700
75880
76314
76043
76264
76357
76360
75533
76564
76717
76142
75884
75439
75958
75942
75489
75322
76112
76044
75302
75896
76064
76261
75727
75714
75819
75919
75397
75976
76312
75690
75224
75590
75697
76076
75704
76000
75924
75632
75046
75523
75608
75828
75333
75841
75907
76093
76529
75695
76462
76377
75967
75911
77059
75380
75963
75960
75826
75161
76291
76242
75623
77775
78345
77865
78005
77747
77748
78008
78012
77376
78178
77710
78315
77427
77576
77707
77962
77303
78262
78039
77848
78122
78657
78709
79088
78552
77708
77959
77958
77768
77477
78085
78400
78289
78213
78848
78273
78487
77439
78295
78150
78106
78270
77814
78253
78217
78253
78011
78322
78796
78126
77685
78543
78677
78325
77807
77768
77858
77847
78111
78821
78151
78483
78796
77785
78141
78309
78905
77682
77994
78274
78203
78398
78101
78180
78233
77885
78131
78519
78488
78126
78356
79171
78282
78515
77783
77975
78694
78345
78123
78036
77739
77494
78293
78394
79130
78665
77525
77928
78392
78326
80369
80705
80245
80702
80685
80093
80210
80783
80772
79718
79534
80359
80167
80130
80113
80186
80174
80957
80628
79936
80452
80109
80112
79482
79728
79869
79740
79759
79804
81905
80893
79831
79769
79481
80058
80200
79915
79333
79705
79944
80482
81864
80310
80346
80031
80171
80296
80749
80662
80731
79987
79940
80265
80881
80025
80811
80240
80854
81256
80455
80345
80632
80497
80189
79883
80623
80050
80431
79465
79385
79677
79924
79855
80240
80340
80731
80582
80403
80388
80495
80505
80188
80302
79707
79903
80648
80746
80403
80602
81397
80648
80107
80122
81020
80396
80023
79781
79987
80262
80868
82613
82631
82893
82584
81988
82026
81931
82893
82648
82813
82836
82803
82415
83420
83547
82615
82997
82325
82900
82693
82132
81848
81486
81974
82144
83142
81916
81930
82171
82245
81987
81876
82313
82328
82456
82411
82665
83394
83409
82600
82508
82730
81938
82517
82628
82744
82241
83158
82796
83660
83712
82212
82270
82693
83048
82794
81998
81699
83094
82624
83104
83415
82488
82339
82241
82714
82739
81599
82016
82273
82284
82283
82106
83274
82316
81967
82493
82411
82484
82300
82058
81510
81422
81774
82101
83163
83435
81787
82486
83084
82547
82703
82867
82851
82491
82732
82917
82552
82947
82787
85391
87124
87773
87558
85457
84740
85013
83856
83845
84874
85941
84264
84290
84814
84383
84273
84362
84200
84259
83558
83977
84864
84864
84688
84935
84398
85091
84638
84755
84670
84205
84254
85099
84644
84969
85618
84223
85200
84735
84947
84345
85027
84226
85356
84416
84373
84452
83787
84281
84255
84503
84253
85109
85487
85748
84804
84773
84762
84538
84612
84350
84910
85364
84757
84997
85585
85254
84710
84548
84494
84121
84011
84890
84675
84890
85096
84712
84473
84383
84712
84642
83572
84528
85428
84671
85026
85249
85715
84844
85064
84823
85523
84834
84718
85206
84773
84628
85428
85216
84410
86154
87643
86699
86957
86433
85921
86799
87623
86953
87860
87057
86708
86726
87168
86882
87479
86783
86105
87305
86951
87101
86555
87050
87451
86774
87747
86530
87108
87026
87631
88134
86310
86859
87860
86349
86756
86805
86846
86343
86985
90257
90156
90656
90036
89234
87850
87972
87778
88223
87436
87842
87803
89214
87223
88260
88893
86876
87516
87799
86834
86996
87688
89031
87531
87486
90062
90237
86833
87378
86765
87293
86920
88480
87236
87454
87224
87597
87002
86578
87053
86622
85958
87078
87195
88447
87802
86969
88139
86981
86944
86926
86813
86598
86492
87371
88190
86763
86730
86166
85967
88169
88415
89842
89445
89573
89392
90437
90145
89242
89569
89098
89618
89247
89148
88799
89134
89547
90065
89526
89317
89426
89080
89054
89487
89420
89482
88906
88853
89245
89834
89270
89280
89414
89433
89458
89556
89118
89102
88612
89817
89644
89405
88889
89262
89509
89215
89017
89244
89386
89936
89769
88919
89088
88973
89055
89151
88848
88688
88183
88687
88575
89028
89437
89183
89536
87897
88494
88761
88376
88999
88926
88837
90034
89146
88500
88437
89486
88915
88547
88078
88903
88347
89573
90380
89829
88848
89138
88707
89159
89785
89141
89252
88931
88678
90071
89246
89218
89496
89321
89033
91627
91760
91662
91037
92098
92125
92137
91513
91736
92356
91921
92445
91135
92000
91450
91932
92251
91633
91427
92125
91449
91281
91178
91258
91145
91233
90912
92535
91284
91757
90723
91026
91275
91279
91322
92125
91760
91683
92004
93000
91447
90890
91707
91066
91160
91279
90241
90998
90999
91182
92516
91258
92397
91027
91151
91326
90990
91062
90931
91363
91491
91375
90955
90817
90391
91073
90757
90930
90956
91234
91687
92265
90897
90531
91441
90597
91004
91032
90752
91455
91208
91795
91314
91288
91376
91242
91155
90960
91316
90722
90592
91081
92162
91896
91175
91792
91095
90965
91343
91326
94512
93612
94654
94483
94079
92939
93657
93275
93226
93422
93885
93569
93992
93832
93567
94110
93717
94500
94245
93944
94172
93484
93513
93396
93710
93240
92997
93147
93952
93523
94652
93499
93254
94099
93623
93579
93587
94243
94234
94140
93446
93239
93665
93669
93878
94096
93159
93199
94255
94217
94487
93350
93865
93470
93999
95431
93883
93177
93958
93663
93746
93669
93924
93897
94150
94387
94315
93920
93584
94183
93068
93382
92882
93351
94319
93637
93766
93783
93680
94477
93521
94217
93700
94251
94825
94744
94482
93940
93734
93360
93662
93682
94724
94757
96385
95903
95668
96767
96739
96647
98130
96373
96684
96535
97103
96772
96257
96115
96183
96042
96152
96062
96519
97073
97461
96404
95924
96586
96273
95929
96378
96209
96077
97319
96938
95859
96242
95892
95735
95989
96141
95409
95552
96195
96274
95747
96399
96048
96857
96278
95958
95835
95977
96370
95809
95388
96256
96152
96900
97157
96405
96008
96119
96781
97525
96385
96816
96026
95694
96644
95066
95996
96336
96831
96359
96373
96877
96231
96489
96487
96548
96727
96261
96853
96678
95968
96630
96298
96330
96100
96247
95953
96859
96756
96526
95795
96003
96559
96014
96260
95988
96787
95876
96202
95826
95813
96021
100011
98922
99652
102181
99636
100018
100479
100758
100208
99720
99212
99305
99420
100358
98245
99285
99788
99919
98410
98040
98179
97916
97785
98103
98168
98180
100102
99472
98469
97993
98547
98997
99922
100875
99638
98437
98948
99499
100960
100627
100211
101884
102559
99853
99804
99660
99774
99090
99324
98948
101432
100272
99212
99886
100797
99123
100401
99508
98750
98896
97515
97914
98536
99095
98368
99266
99520
99445
99892
98958
99443
99405
99112
99086
99046
99181
98640
98462
97922
97596
97690
98760
98340
98359
98501
99112
99014
98496
98492
98443
97897
98423
97848
98668
98899
99169
99807
99983
98567
97197
97880
97898
98426
101466
104127
104328
102657
101502
100756
100600
101091
101089
101708
100881
101674
100619
100677
101807
101823
101936
101235
101665
101777
101581
102868
105242
102479
101007
102033
101307
102152
101856
101876
102080
103240
103561
101666
100571
101168
101307
102056
100920
99777
102705
103467
103289
101255
101856
101566
103339
102692
101339
102326
102094
100559
101954
103180
102216
102208
101755
100972
101229
100532
100794
100842
101127
104142
105890
103142
101503
101299
101916
100493
101144
101687
102776
102505
102699
102614
105163
103608
103020
104531
101237
100820
100708
102165
103437
102906
101224
101284
101082
103142
101522
101605
103956
102925
101933
102794
103447
101774
102758
101778
104663
103975
104207
103969
107322
105278
106942
107954
107826
106309
106844
104340
103799
103190
103686
106095
103983
103606
106223
103316
105857
104718
103663
104037
103998
105446
104194
105407
103713
103784
104288
104627
104250
105310
103429
103718
107305
106324
106755
107757
109021
108169
107115
105394
104761
104586
104551
104645
104455
105514
105397
103829
104394
105353
103475
103652
103247
103860
103934
103786
104025
103719
103684
104754
104844
105159
103325
104549
105123
103932
103154
103781
103691
103770
103152
103133
104526
103662
103310
102519
103715
103411
103221
102313
103132
103127
103370
103664
102481
103224
102558
102769
102241
103218
102958
102515
102879
102913
103176
102980
105489
105895
105931
106005
106566
106348
107152
106110
105472
105668
105508
106251
105759
105318
105495
105956
105738
105394
108462
104841
105594
105006
105116
105020
106157
107803
105727
105587
105967
105805
105923
105808
106158
107061
106393
108181
105757
105792
105721
106194
105789
106287
107063
109132
105586
105436
106967
108578
105979
105848
106423
106857
108555
107956
105652
106523
106141
106016
106938
106359
106841
105399
106391
107227
106149
105823
105448
106952
108489
107543
108109
109135
108706
107551
106264
106440
108375
106731
105705
106043
105647
105761
109417
108386
108500
108855
110309
109253
106915
108028
108963
107553
106658
107898
107200
108422
107545
106103
105770
108226
111798
110768
109681
111793
111722
111167
110566
109181
109084
110523
108423
110869
111960
111264
110520
109270
109799
111135
109886
112714
108928
112974
113045
110190
112448
109757
109103
113501
115192
113777
113940
113657
112055
109855
113063
111726
112633
112508
110320
112571
112687
109732
109110
108576
111763
111455
109439
112411
112110
108427
109692
109165
110342
109967
110041
108509
110722
108603
109185
108416
109339
107892
109391
109064
109435
109088
108625
108432
109775
110661
110708
110522
109028
108112
108584
109557
108819
108276
107900
108580
108184
110117
109498
108990
107415
109581
110310
108000
109174
110555
108705
110374
110137
109002
109156
109745
107892
108684
108031
108554
110933
111005
111842
111486
112395
111459
110411
110150
114236
114834
115361
114915
113123
112930
114343
114761
111145
111529
112362
112003
111344
112244
113577
113627
115851
115841
112416
111163
111353
110646
111694
114793
114472
110570
112582
110558
111664
112186
111368
111574
110731
110540
111740
111237
111218
110766
110388
110508
111484
111443
110270
113167
112298
111278
111836
111233
111015
110779
111049
110989
111159
110999
112763
110807
111535
112399
111438
112804
112253
111373
111326
111254
111839
111784
111185
111446
112282
111069
111503
111817
113123
111803
111635
113125
113147
113115
111484
112679
111096
111242
110965
110706
111896
110722
112752
110662
111098
111583
114780
112527
113349
113690
113649
113936
114388
113954
114087
114660
113865
113696
113229
114184
115772
114801
114106
114919
114056
113640
114488
113503
113522
113709
114047
114413
114255
113951
113487
113721
115896
114874
116490
116365
116291
114873
115389
114042
115010
114931
113608
115381
114081
115023
113675
113818
112872
113333
114153
115638
115490
113505
115210
113013
114556
114526
116193
114181
113507
113436
113357
114286
113927
115975
113460
113348
113071
113598
114175
113927
113799
113125
113670
114163
113009
113223
112989
112774
113744
113589
113345
112995
113375
114697
114350
114523
113660
115006
113306
113605
113475
113495
113778
115344
114148
113904
114002
113831
113388
113339
113407
114164
116596
116995
116698
116786
116786
115864
116102
116243
116223
116122
117119
116414
115939
116619
116750
117117
117256
116132
116527
116390
117390
116116
120749
117502
116107
116127
116008
117309
116428
116522
117230
116132
116217
116680
116052
116670
116473
116439
116764
117561
116158
116616
116617
117729
117765
118964
116370
116250
117108
116852
117608
117963
117112
116648
116717
118792
120627
115957
115951
116154
116973
117078
116236
118445
117608
118650
117135
117363
118647
116443
118072
117866
117403
117203
115314
117293
115868
116518
115630
115362
117547
119989
120384
116650
116270
116462
115190
115702
116877
117716
116358
116409
116876
117614
116407
117148
117606
117975
117154
116640
119692
120384
119907
121283
121170
120224
121092
120682
121012
119755
121703
119785
120677
120652
119844
121929
119970
119652
119815
119271
119259
119554
118794
118901
121986
119097
118943
119180
118668
118798
119513
119567
118848
119880
119055
119739
120489
119941
119413
118725
119008
119135
121250
122902
119512
119550
120634
119671
120771
119133
121047
119292
119901
118185
118684
119928
118577
118268
119187
118938
118465
120255
119876
119262
119261
118860
118895
118875
118696
119796
119837
119719
121636
120112
119904
121786
120143
120255
120242
120402
122072
119847
120535
120963
120919
124453
124617
123173
123806
120225
118618
124344
122971
119583
120326
122061
120604
121910
120979
119754
127486
123365
123123
123186
122960
122324
122484
122756
122688
122649
124345
124954
122800
122952
123079
122555
123091
122580
123580
123412
124651
124781
122571
122023
122198
122043
122381
123509
124829
122797
125475
124346
122426
121781
123679
124431
123048
121538
121077
122629
121562
121225
122330
122609
120871
120964
121036
120916
121202
121702
122217
122403
121915
121029
121180
120913
121054
121458
121319
121541
124381
121560
123633
121675
121697
121145
122636
121245
121163
122093
122934
122350
122183
121928
121971
122382
122750
121864
122231
121849
122599
122796
122707
122383
121754
122095
122170
122406
122004
122743
121632
121869
122175
121564
121228
122388
122843
124118
122946
122316
124116
125175
124220
125072
125579
127025
127382
126753
129928
128866
125428
125328
126070
125610
124517
127854
130102
128900
129823
128306
128652
129211
124763
125831
125035
125178
124881
126214
124273
126433
130218
131131
129144
128433
129450
127821
124917
124934
125387
125310
125412
125181
126449
125152
124886
125205
124363
127627
130373
129130
130767
133699
128870
125385
125920
125660
125126
126389
125769
125256
124963
125431
124750
125505
125040
125365
125674
124422
124731
124181
124929
123873
124942
124324
124410
125009
128358
128637
128971
127686
125094
125733
124848
124666
124556
124825
123665
124051
124604
124184
124256
123705
123667
123810
123597
123769
124243
124077
123813
124340
127488
126812
127721
128176
126896
126811
126696
127118
127710
128658
128120
129397
128931
128498
129338
129933
129106
128166
127582
130011
128590
128329
127579
127861
127566
127439
131160
128967
129026
128163
129494
131039
131882
131144
128896
128406
128818
127820
127714
130017
130175
127880
127883
127670
127324
128218
126987
128246
128148
127737
127438
128148
126793
126874
128054
129293
128574
127333
127638
128823
127215
128669
127530
127321
127314
128923
128375
128603
128297
128487
129560
128859
130588
128110
129684
131130
130923
129859
128317
128277
128804
130061
130609
127586
128948
128608
129346
130362
128425
128024
130721
130374
128725
128652
128496
129179
128329
128092
129421
128183
130261
130669
130036
130579
130244
130140
130641
130506
130301
131261
130614
130337
130466
130447
130855
130684
130653
130403
130543
131351
131685
131403
132400
131896
130602
129888
130961
129860
129831
131567
131015
131676
130306
129648
129636
129435
130023
132102
130913
131255
132038
130694
131296
132117
131566
131287
132016
131447
130220
130567
130599
130784
131195
130715
131763
131977
132596
134507
135482
136546
133446
133842
133716
131858
132480
131116
134253
130960
131065
133625
132711
131284
132245
131311
132664
133297
132959
131412
130592
130436
131443
131227
130865
130194
131277
131683
131178
130305
130604
131016
130433
130054
130699
131467
131367
131506
130946
130829
130922
131756
133327
133459
134223
133330
133995
133478
134140
133804
133219
133619
133373
132916
133279
133843
133558
133258
134253
135030
133532
133742
133726
133360
133704
133395
133576
134683
133400
134723
133854
133286
133368
133681
133346
134549
134267
133644
133384
133493
134404
134202
133301
135180
133211
133254
133321
133772
133587
133242
134135
134088
132664
132683
132758
132679
132679
132931
132495
133916
132407
133528
134382
133233
133494
132854
133455
134638
133863
133383
133498
133481
134461
133267
133509
134332
133605
132971
133503
133473
133430
133479
134725
134764
133538
133476
133615
133472
134398
134052
133461
133578
133090
133388
132826
132654
133234
132560
133195
134164
133297
132200
135777
136730
136291
136772
136667
137804
136273
136608
136613
135735
135825
136179
137376
135547
135655
138068
137873
136416
142083
141590
139136
140911
142528
142408
140444
140233
141631
138316
135992
143170
142957
142559
137807
138896
137151
141637
140325
139883
136298
137280
136964
137365
139710
141539
139741
139706
140067
140148
139893
138869
138819
139698
138910
140526
138709
139528
140213
141929
141996
140097
141552
147525
145903
144622
141940
140582
140200
140255
141590
143111
141442
141199
139104
140504
141579
141471
139238
140084
139334
138662
139298
141863
140634
140660
137498
138488
138042
137895
137945
138677
136756
137390
136639
135877
136589
139234
139179
138371
137323
138460
141710
143877
143160
143612
143141
141506
140529
141270
140955
144468
141983
141580
142090
141064
144752
147214
143843
143841
141131
142767
141331
139834
144173
143942
144503
142474
141603
139748
139940
141427
140263
144469
143720
143615
143435
143658
143873
142600
143575
141821
142683
145177
144436
143054
143175
143987
144226
145640
145118
143256
142690
145174
142864
140648
142638
142233
143963
143372
144516
141143
139926
140426
143114
143908
139982
144251
143806
141751
140089
143271
141351
142101
143495
141283
144760
142099
141248
143735
143455
141397
142510
141727
141378
140068
140300
145695
144454
145126
143697
144113
143940
144353
142903
145261
146817
144160
143361
143223
143738
144138
149816
148618
149947
149881
147636
149400
148219
148582
147822
149254
149022
148568
147253
148438
151321
148069
149338
151419
145755
146325
146664
145881
145525
144034
146943
144856
146307
144953
145739
144613
144983
145553
146782
146441
146022
145732
145717
146226
145765
144863
144951
144363
144996
145627
144396
145145
144262
144487
148228
145979
145143
144218
145105
144628
144439
145269
145223
146626
145864
144489
144333
144314
144914
146621
144842
145530
144812
144808
143998
143947
145955
145411
146713
149698
146696
146599
147596
147479
147148
147746
149008
147978
146241
147168
146410
146327
146423
144701
146854
144159
145828
144868
146997
146265
145952
145712
144228
145700
145671
145708
147716
149596
148201
150244
150532
149717
147965
148529
147846
147573
148083
147713
148162
148106
147669
148685
150484
148421
148489
149343
150354
149302
148326
147568
150003
149607
148412
147846
148879
147851
148106
148052
148532
149691
150313
150732
148654
148085
148448
147865
147834
147840
148726
147891
148390
149220
147932
150452
150963
152233
151538
149984
148989
147691
147676
149088
148614
149675
148570
149108
148563
148720
146948
148356
147464
148347
148403
147570
148466
149518
149879
148899
148030
148172
147884
149231
149375
147743
147671
148130
148100
149009
148163
148774
147953
147545
148592
147434
148072
148250
148204
146684
148070
146819
147345
148178
148804
147409
148419
147919
151012
151350
150871
151484
151243
151229
150892
151072
150355
152067
152177
150716
151932
150694
151203
150410
150697
151806
151457
152076
151416
151688
151073
150987
151653
150749
150726
150337
150052
150326
151436
151198
151278
151271
151293
150879
151628
151047
151301
150608
150348
151090
150122
151152
150841
151842
150728
151035
151031
150627
150999
150872
151735
150982
152025
151479
151706
151807
152131
151489
151237
151845
150984
151461
151368
151760
152346
150374
151448
151394
151642
151188
150583
152573
151351
150556
150351
150423
151060
150489
151997
151060
151313
150876
150975
151031
151546
151964
151764
150997
151079
151179
151634
151428
151407
150793
150175
150812
150580
150586
153569
154648
154834
153966
153650
153634
153778
154303
154662
154282
154850
155753
154176
154210
154280
155451
154353
156019
155488
156507
154408
154667
155598
155474
155810
155899
154612
155189
154240
153933
154467
154263
153992
154699
155675
155143
154874
153807
154747
153872
154028
154214
154704
155511
154602
154507
154095
155152
153787
154535
155637
154068
154489
154942
154292
153558
154369
153844
154886
153894
153842
153610
154229
153455
154644
152731
155117
154293
153904
154294
153798
155177
154012
153549
153945
155424
154450
155530
154695
155569
156038
155738
154921
154281
154604
154499
154833
154076
153569
153594
153855
154508
154259
153896
153838
154294
154230
154192
154526
154705
156963
157795
156845
157452
156768
157745
156732
157596
156835
158178
156658
158944
157006
156771
157145
157819
157272
159082
157581
157736
157972
158461
158317
157293
158095
157099
156723
156859
157154
156871
158092
156936
157947
157663
156992
157146
156509
158084
158734
158172
157901
158153
157516
157625
159464
157546
158234
159806
159226
157560
160093
159266
158318
158918
158527
157221
157705
157512
157233
157632
156825
156687
158325
158156
156978
157494
156882
157302
156958
157524
157885
157852
156993
157465
157342
157575
158246
157409
156937
157419
157297
157182
156928
159040
158345
159901
158558
158108
157634
158972
156402
158339
157048
156400
157826
157705
157926
157169
157015
157274
161424
160640
160688
161258
161592
161026
161932
160747
160026
161702
160428
160427
162231
161119
161262
162086
161900
161306
160720
161867
161753
160748
160509
160867
160352
160294
160435
161340
161041
161237
160602
160447
160295
161078
161081
161299
159859
161108
161332
161875
161304
161775
160245
160247
161513
161102
162324
161727
160024
160977
160778
161718
160517
160697
160182
160212
161501
161460
160780
161002
160912
160368
161237
161672
160754
160735
160702
160111
161618
161432
161244
160354
161617
161159
161107
161236
160215
159663
161059
160581
160773
161419
161603
160410
160610
160657
161454
161848
161447
160189
160590
161876
160419
161739
160048
159947
160361
161178
160946
162012
165145
164242
163271
164048
164545
165347
163984
164109
163425
164314
163998
165179
163872
164592
163812
164074
164310
165274
163953
164142
163489
164890
164177
165128
163770
164068
164290
163836
165413
164386
164493
164485
164995
163851
163930
164451
163507
163966
163554
164446
164890
164885
163607
164354
163541
164532
164186
163707
164206
164140
163703
165235
164329
163951
164171
164146
163897
163568
165133
164419
164240
163700
165284
163591
164602
164581
163884
164276
163606
165041
164528
164595
163802
164618
164955
164791
164241
165295
164615
163535
164432
164390
164513
165031
164574
163948
163868
164034
164909
163987
163831
163994
164229
164646
164486
164996
164201
164091
163971
163362
167978
168077
167484
167507
168217
167303
167927
167500
167613
167139
167472
168043
167742
169216
168324
167615
166661
167630
168992
167905
166593
168987
167453
168123
167203
168790
168030
168608
167027
168426
168275
167497
166517
168060
167760
166745
167467
168086
168396
167331
167821
166644
168230
167253
167965
167389
167656
167368
168013
167759
167551
167479
168572
167532
167276
167926
167129
167093
166984
167514
167949
168342
167132
167676
167295
168275
167664
168656
167147
167753
167408
167032
168212
168537
167451
167337
167141
167210
168428
168231
168235
167148
167634
167365
168363
167951
168558
166773
168029
166974
168300
167756
166860
167425
167421
167184
167397
169633
169184
171233
170664
172255
171550
172432
171191
171124
170928
170701
171722
171155
170601
171805
170816
170786
172077
171469
171061
170965
170873
170804
172785
171702
171107
171015
171717
170724
171759
173092
170666
171128
172008
170633
172129
172424
172389
171455
173981
171463
171278
171582
171548
170581
170305
171929
172753
173574
172421
172226
172213
174160
177024
173021
175795
176913
174468
175529
173059
180713
177730
175952
170759
168699
170763
172350
175762
172589
171536
172059
176065
171399
171512
175209
173157
174574
171899
172262
173676
175435
172661
175282
177328
177677
174920
174247
174643
173992
173476
173991
172682
173922
173568
171802
171691
172334
172187
172462
173538
171044
172500
172804
177728
173748
176368
175499
175609
180523
180737
179023
181091
176183
175710
180225
180954
180448
180496
178268
175951
179514
179340
178844
178625
175603
175946
175672
177520
175066
175176
177120
176540
176056
176461
176738
180582
179108
181128
181052
182078
180202
175711
175758
177816
181384
178536
175298
176367
179763
179704
181559
180538
178211
180192
180896
180101
178677
179446
178476
179457
177625
177686
178247
179197
178691
175950
174617
176973
180676
176148
173593
179963
177280
178229
181242
179936
179216
179491
179625
177323
179082
178279
176303
178050
181293
183394
182726
181879
181597
181583
180835
180127
178344
181815
179617
176176
175764
178792
180492
177009
174652
179290
179697
181181
177887
177410
181204
184143
178765
180810
177675
182662
184018
176844
175737
177969
178476
177481
176045
176037
176810
176859
178598
177121
178990
180283
177197
178640
181699
182327
181760
179491
180356
182891
178647
177781
179300
180177
178641
178110
180971
177802
178683
181380
179225
182035
186578
184800
183537
184371
184297
184420
182488
180057
183854
183861
182064
182514
184762
184342
180195
184601
183382
184906
183279
183254
182895
185248
184067
184318
184527
184354
181022
186227
183932
184079
185060
184556
184181
182270
181580
183068
181721
184833
185171
182635
180296
179866
179207
180044
183317
182075
180057
180720
179559
181460
180982
180770
180565
180516
179834
181613
179088
182585
183671
182644
183153
183799
181441
182537
181341
184153
185770
182209
181920
183088
182064
189260
185364
185975
181918
181503
183565
183171
182013
182070
181364
183633
183599
183061
182447
182361
179898
185300
181707
184547
183427
184697
183714
182424
180182
181409
179156
183182
181945
180380
180582
182852
182615
181842
182129
183294
183128
185965
187091
188323
184077
183086
183881
183525
181439
184221
181404
180117
181070
180393
179647
181197
180571
181672
182485
181831
184642
183664
182321
182550
183123
183484
182700
181767
182730
182506
181552
182180
180977
181356
180051
179883
179373
179912
180642
184134
180413
180764
184074
183778
182506
180714
179792
179583
180055
182021
180803
183880
184999
184298
184166
184452
184290
183444
184357
183525
183181
185677
183184
183738
184373
184648
183882
189741
189977
184994
184843
184973
186878
185951
184954
185243
183237
184011
183031
184833
185598
183492
184226
183027
183779
185133
183031
184126
184460
183073
185768
186752
186278
183754
183796
185628
187938
185635
187959
185734
186431
186487
187100
185260
187637
185223
184800
184258
184530
184788
183989
185373
184142
185541
182828
186498
184155
183911
183918
190083
187877
188180
184800
188214
189998
190224
187586
185541
185203
185530
188849
187818
184979
186964
188598
184256
183842
183639
183825
184464
186681
186027
185298
182858
183836
184490
182918
183388
182824
183975
183657
188863
188221
186176
189653
190849
188733
190805
189939
190187
187405
189948
191894
195847
196497
196508
193973
193606
190958
192638
195682
195825
195668
192920
189082
194721
188145
189264
188922
187692
186812
188076
188268
186676
188823
187566
188009
188972
189552
189192
192828
190411
195540
191465
191309
193691
191208
190749
190280
191393
191805
190175
189045
190360
197189
193576
195073
189112
191075
192957
186673
194616
194442
190597
190077
191827
192489
194894
193293
190717
196596
194112
191376
195759
193752
195998
194697
193375
195924
192819
193222
189546
192136
197907
197693
194687
193266
196769
192082
194209
194306
195272
194464
195592
194974
194336
192101
195705
193993
193552
195341
198454
197600
199978
199413
199207
201275
202141
197326
197685
199683
197369
197477
198527
199829
199368
196351
198440
199358
200313
200428
196248
194349
192976
191127
193222
193893
192469
192316
193369
194022
192092
192658
191959
194760
194172
193673
196424
195716
192920
196347
192182
191403
192427
193119
192026
191338
192397
190923
194432
191118
193524
191439
190775
193820
193840
191244
192855
191540
193555
193615
191499
192684
191724
192212
191262
192451
193272
193578
193236
192297
198152
195275
191495
191439
197425
198398
190514
192284
191211
190717
199821
197827
198913
199658
197194
199487
195873
191322
191109
195866
196245
195739
191111
192378
190907
191409
191126
193333
192346
194322
196525
195326
199083
199854
197630
196606
197194
195380
195840
198805
195870
195239
198260
202896
199637
201618
200631
196216
195212
197864
196202
196147
195171
195602
196683
195058
195015
205369
197929
197124
195430
196071
203929
201616
196769
199794
199084
203571
201596
197358
196324
197918
200324
200881
204649
203353
202796
197165
199091
200061
198618
199047
196601
195598
197604
196810
197144
203528
202993
198258
199098
196580
195732
194893
196240
197082
194862
196024
196368
195918
196402
194767
195729
195344
196160
196559
196459
196043
196479
195838
195172
194779
194661
194418
196031
195136
195765
193984
194844
196837
196286
195330
197255
194119
196313
194575
194334
193707
197313
195156
