9
8
10
7
8
8
8
7
7
7
10
8
7
8
7
8
8
7
8
8
13
10
10
10
10
11
10
11
11
11
9
8
8
7
7
7
8
7
7
8
9
8
8
8
7
7
7
7
8
8
15
16
11
11
11
10
10
11
11
11
9
7
7
8
8
8
8
8
7
8
9
8
8
7
7
7
8
7
8
7
13
11
11
10
15
10
11
10
14
13
10
7
8
10
8
8
8
7
9
7
13
11
11
10
11
11
11
11
11
11
13
11
11
11
11
11
11
10
11
11
10
9
9
9
8
8
9
8
8
8
13
11
11
11
12
11
11
11
12
11
12
11
11
11
11
11
11
11
13
13
11
8
8
8
9
9
9
9
8
8
11
9
8
8
8
9
8
8
9
9
10
9
9
8
9
9
9
9
8
9
11
10
10
10
10
10
10
10
10
10
12
11
10
11
11
10
10
10
10
10
14
13
13
13
13
13
12
13
13
12
13
11
12
11
12
12
12
12
12
12
11
9
9
8
8
9
8
9
9
8
20
18
18
18
18
17
18
17
17
17
10
9
8
8
8
9
8
9
8
9
16
14
14
14
14
14
14
14
14
15
11
8
9
9
8
8
8
8
9
8
17
16
15
15
15
16
16
15
16
16
13
11
11
11
11
13
11
11
11
11
11
8
8
9
9
8
8
8
8
8
18
16
16
16
16
17
22
16
16
17
23
21
21
21
21
21
22
21
22
22
14
13
13
13
13
12
13
13
13
13
18
17
17
24
19
17
17
16
17
16
22
21
21
21
21
21
21
22
21
21
10
8
9
9
8
9
8
9
9
9
10
10
8
8
9
9
9
9
8
9
11
9
9
9
9
9
8
9
9
8
14
12
12
12
12
12
12
12
12
12
11
9
9
10
9
10
9
9
9
9
10
8
9
9
10
9
9
9
9
10
37
35
35
35
35
34
35
35
35
36
19
16
16
16
17
17
16
17
16
16
22
21
20
21
21
21
21
20
21
21
24
22
22
22
22
22
22
23
22
23
19
18
17
18
17
17
18
18
18
18
16
15
15
14
14
15
14
14
14
14
11
9
9
9
9
8
9
9
9
8
18
16
16
15
16
15
16
17
17
16
50
52
47
48
48
47
47
48
47
48
37
35
34
34
34
34
34
34
35
34
22
20
20
20
20
20
20
20
20
20
18
15
16
15
16
15
15
15
15
16
29
27
27
28
27
28
27
27
27
27
39
31
35
31
30
30
30
30
29
29
34
32
32
32
34
32
33
38
33
33
38
37
37
37
37
37
37
38
37
38
31
31
31
30
31
31
31
31
31
31
15
13
13
13
13
13
13
13
13
13
19
17
18
17
17
18
18
17
18
18
20
17
17
17
18
17
17
17
17
17
152
152
154
154
154
153
154
153
153
153
15
14
13
13
13
13
13
13
14
13
29
28
28
28
29
29
28
29
29
29
36
34
34
34
35
34
34
34
35
35
31
29
28
28
28
28
29
28
27
28
22
20
20
20
20
20
25
21
20
21
27
26
25
26
25
26
25
26
26
25
17
16
16
16
17
17
16
17
17
17
41
39
40
39
41
39
40
40
41
39
18
17
16
16
17
17
18
18
17
16
32
30
30
30
30
30
29
31
30
29
29
29
29
28
27
28
28
28
30
28
61
59
61
60
64
59
59
59
58
60
58
55
55
56
55
55
55
55
55
56
126
125
124
124
125
124
125
126
124
124
44
42
41
41
42
42
41
42
42
42
47
46
48
47
52
46
46
46
46
47
16
14
14
14
16
14
15
14
14
14
128
128
131
130
130
132
130
129
130
130
46
44
44
44
43
45
44
43
43
44
87
85
84
85
85
85
86
86
97
85
24
23
22
23
23
23
23
23
23
23
32
30
32
30
31
31
30
31
32
33
16
14
14
14
14
13
13
14
13
13
28
26
26
27
26
27
26
26
26
26
33
31
31
31
34
33
32
31
31
31
62
54
53
54
54
54
53
53
53
54
99
92
92
92
93
93
92
93
93
92
91
91
91
89
89
89
89
90
89
94
90
89
89
89
89
88
89
88
89
89
47
45
48
45
44
44
45
44
45
46
113
115
115
114
113
115
114
114
114
114
92
91
91
91
92
91
90
96
92
91
69
70
69
69
68
68
69
68
69
69
41
40
39
39
39
41
40
41
39
39
27
26
25
26
26
26
26
27
26
27
151
154
152
153
152
153
152
153
153
154
130
129
127
129
128
128
128
128
134
127
61
60
59
58
59
58
58
58
58
59
1109
1101
1100
1107
1085
1118
1102
1109
1102
1129
144
142
142
142
142
144
149
142
143
142
51
58
49
50
50
49
49
49
49
49
350
359
357
358
358
358
371
357
357
357
56
53
53
53
53
54
54
53
54
54
71
69
67
68
67
67
68
68
68
68
60
59
61
60
60
59
60
61
60
60
56
55
54
55
53
55
55
55
55
55
11
10
9
10
9
10
9
10
9
9
67
65
65
65
67
66
65
66
66
70
69
70
68
67
68
68
69
68
67
67
68
66
67
66
66
66
66
67
67
66
75
77
77
76
76
76
76
76
74
76
167
164
165
165
166
169
165
168
165
165
83
81
82
82
82
82
82
82
82
81
221
215
214
214
215
213
213
219
213
213
62
62
61
61
61
61
61
61
61
61
166
162
163
163
163
162
164
162
163
162
86
86
87
86
86
88
87
89
86
86
11
10
10
9
9
10
9
9
9
9
125
124
123
123
123
123
124
122
124
123
221
209
212
212
212
213
214
212
212
216
539
531
539
533
532
542
537
537
532
533
110
109
109
109
110
111
109
110
109
109
186
191
184
185
186
184
183
183
185
184
178
174
174
173
173
177
174
173
172
169
217
214
214
214
215
215
214
215
216
215
199
196
197
196
197
197
197
197
196
196
87
86
85
85
83
85
86
85
84
85
50
48
48
47
48
47
47
47
49
47
245
245
243
246
243
243
242
242
246
246
187
181
181
180
180
181
181
180
182
181
140
139
138
137
139
138
138
138
139
138
61
59
60
60
59
59
59
59
60
65
79
78
78
78
77
77
78
78
79
77
236
238
243
240
238
240
240
241
239
239
50
48
48
49
48
48
48
48
48
47
96
97
96
95
96
95
95
96
100
95
186
183
182
180
177
181
180
180
181
180
68
68
67
68
67
68
67
70
68
68
75
72
72
72
72
72
72
72
73
72
139
136
143
136
138
135
134
135
136
136
223
224
229
223
221
225
221
221
223
223
76
75
74
74
74
75
75
75
75
74
263
261
249
249
247
249
249
248
253
248
174
173
174
173
175
173
172
174
172
172
51
49
49
50
50
50
50
50
51
50
191
183
183
182
183
183
182
182
186
187
246
252
248
250
250
251
251
255
252
250
165
164
163
163
169
165
163
164
164
164
327
329
327
329
333
327
327
326
327
330
98
99
99
98
98
98
97
98
98
99
251
248
251
246
247
247
250
246
247
246
295
305
291
292
299
292
294
291
292
292
83
84
83
82
84
83
83
83
83
83
314
311
310
313
311
312
310
310
310
310
178
179
176
175
175
181
176
176
175
175
388
386
387
387
386
387
387
397
386
386
83
82
83
83
82
83
81
83
81
81
279
285
286
287
287
287
285
290
289
288
384
389
378
381
382
378
384
384
379
385
206
209
209
207
208
208
212
207
207
207
239
233
231
231
230
231
234
230
235
233
382
385
387
394
385
389
375
386
386
390
307
307
304
310
306
305
305
306
304
306
119
116
115
116
116
119
116
115
118
115
51
53
52
52
51
52
52
51
52
51
129
127
130
128
127
128
127
128
128
128
443
438
444
438
439
441
442
439
440
439
1557
1551
1551
1555
1554
1554
1550
1548
1509
1554
145
147
149
148
147
147
150
147
147
150
304
306
302
301
307
303
306
303
307
302
15
14
14
14
14
14
20
13
14
13
247
246
246
244
246
245
250
248
247
245
249
249
260
247
247
247
249
248
246
247
1018
1006
1010
1012
1011
1006
1009
1007
1007
1017
204
197
202
208
201
202
203
203
208
203
427
427
436
427
430
444
444
444
450
431
144
152
143
156
153
147
142
143
155
144
132
118
119
118
128
118
117
117
118
118
774
778
790
840
773
783
774
779
792
771
66
65
64
63
64
65
64
69
64
64
1474190
1489947
1466401
1470212
1481417
1479650
1466890
1461742
1492714
1457378
245
244
246
244
244
244
244
248
244
246
499
497
495
497
492
499
498
495
495
494
164
162
161
161
165
161
161
161
163
162
599
598
596
615
601
597
595
596
600
609
297
310
305
306
305
305
304
304
305
305
592
615
610
607
610
607
606
610
604
606
415
412
419
413
413
419
412
416
416
411
74
74
74
75
74
75
74
74
74
75
209
205
209
206
207
208
207
212
207
206
424
431
423
427
427
421
425
422
423
427
132
129
130
130
134
130
130
130
130
129
214
212
211
212
219
212
214
214
217
218
286
283
283
284
283
283
289
287
283
297
1891
1908
1919
1902
1932
1930
1883
1892
1902
1899
987
972
952
938
956
962
960
955
954
958
252
249
249
251
247
252
247
249
251
251
267
271
267
270
269
266
265
266
265
275
2399
2387
2401
2448
2416
2436
2398
2427
2411
2371
2726
2803
2778
2804
2801
2803
2919
2788
2766
2802
611
606
606
607
613
627
616
614
605
607
176
173
174
173
187
173
172
172
173
174
178
174
176
175
175
175
179
175
176
176
101
94
94
94
94
94
94
96
95
95
717
691
710
711
711
710
709
710
710
724
2461
2457
2481
2462
2528
2496
2490
2476
2458
2470
49
46
46
46
47
47
46
46
46
46
697
691
691
696
694
710
692
693
697
691
31870
32083
31945
32060
32561
32205
32672
32623
32326
32241
576
594
585
577
581
573
576
574
580
578
516
518
513
513
515
521
517
513
519
514
880
892
889
884
879
887
880
877
886
881
114
112
112
113
112
112
111
108
111
112
839
844
837
836
830
836
838
837
838
835
155
154
153
152
153
153
153
153
153
156
142
139
141
140
140
142
140
140
139
139
863
828
853
825
847
847
851
848
859
860
388
386
387
389
389
386
394
387
387
388
109
106
108
109
107
107
107
108
106
108
14403
14326
14568
14682
14408
14519
14497
14657
14318
14386
1592
1578
1597
1592
1579
1579
1583
1597
1588
1605
298
297
297
300
301
302
300
300
292
297
1000
997
993
1025
999
993
1002
994
999
992
10524
10468
10696
10458
10586
10498
10527
10438
10668
10580
448
461
464
463
463
465
448
465
459
460
618
623
607
612
611
611
593
618
613
609
861
854
854
852
865
851
858
857
853
855
6278
6181
6146
6158
6093
6138
6137
6156
6289
6172
549
545
550
543
542
548
553
541
541
550
103
98
98
98
98
97
97
110
98
94
478
485
474
474
475
475
479
485
474
477
2243
2247
2274
2275
2237
2252
2260
2240
2228
2239
874
874
873
870
874
880
871
876
889
872
382
381
381
388
383
382
381
383
387
382
21452
21670
21451
21772
21637
21101
20784
20795
21838
21474
524
532
524
523
520
521
526
524
521
522
1068
1064
1068
1062
1066
1090
1067
1070
1063
1068
393
383
384
386
379
382
384
389
385
383
32
30
28
30
30
28
29
29
29
29
1208
1197
1195
1183
1200
1179
1181
1179
1193
1182
358
351
353
349
349
355
352
351
350
352
1234
1206
1208
1211
1203
1223
1228
1212
1220
1205
865
864
865
870
865
864
872
863
863
864
1415
1438
1428
1413
1418
1411
1415
1435
1428
1417
12058
11900
11892
11907
12122
11869
11878
11872
12103
12118
598
588
593
618
587
587
590
602
600
589
139
137
138
138
137
149
138
139
138
137
381
371
370
373
372
373
376
377
373
379
3311
3378
3359
3362
3303
3289
3329
3386
3399
3362
3612
3808
3719
3730
3634
3694
3716
3735
3723
3739
697
694
701
708
698
697
697
695
695
693
375
386
384
384
396
388
384
392
385
384
467
465
464
464
465
464
466
465
474
464
1606
1614
1613
1606
1627
1644
1606
1640
1616
1624
567
583
584
589
581
590
581
582
580
589
29347
29070
29657
28798
28735
28640
28915
28638
29473
29397
1202
1205
1215
1233
1218
1200
1203
1202
1204
1196
775
777
778
777
783
774
775
775
781
775
1672
1669
1669
1664
1683
1673
1647
1665
1672
1665
244
239
237
245
238
237
237
243
243
240
1369
1426
1404
1404
1416
1408
1406
1409
1405
1404
1258
1247
1238
1250
1246
1242
1241
1258
1238
1248
3493
3463
3460
3480
3472
3393
3485
3505
3510
3491
2063
2064
2123
2089
2072
2083
2059
2076
2085
2064
234
238
240
238
239
239
239
239
238
242
518
518
517
518
516
517
531
526
523
542
9107
9144
8984
8999
9005
8965
8996
9288
9006
9127
399
397
397
397
396
421
396
410
396
399
509
512
507
508
508
520
509
508
516
515
186
166
163
167
163
162
162
161
167
162
707
707
705
713
711
709
710
713
717
707
768
767
769
765
777
773
777
770
777
770
400
403
397
397
397
403
399
398
397
399
743
736
731
722
727
719
719
725
720
723
6011
6047
6095
5953
6014
6010
6103
6125
6064
5937
596
537
546
546
541
540
541
542
538
538
1336
1303
1321
1305
1308
1327
1304
1300
1303
1304
158
161
160
160
177
159
160
166
155
160
2735
2713
2734
2710
2746
2734
2732
2695
2649
2727
19185
19382
19669
19132
19258
19132
19249
19033
19186
19112
2038
2102
2096
2096
2123
2101
2094
2153
2103
2096
1248
1253
1249
1210
1253
1252
1256
1243
1244
1271
473
484
493
485
486
493
486
486
485
485
902
897
899
903
906
902
896
912
904
915
744
733
711
712
719
714
710
710
708
708
1867
1815
1822
1772
1848
1842
1826
1818
1861
1828
279
260
261
261
261
263
266
261
261
261
265
265
276
272
271
271
271
271
271
275
50266
50469
51033
50441
50355
50742
50777
50784
50316
50834
387
392
393
392
392
393
394
393
393
393
508
503
501
501
506
501
501
501
505
502
2327
2353
2336
2349
2355
2294
2284
2314
2315
2331
345
352
356
351
352
351
352
352
352
354
465
467
458
458
465
457
458
458
458
457
2824
2899
2867
2914
2900
2867
2881
2886
2898
2912
534
542
529
532
532
532
530
548
539
529
592
599
571
593
590
592
591
589
594
589
140
138
139
138
138
138
138
137
139
137
236
237
235
235
242
236
241
235
236
236
495
496
500
492
493
494
501
499
494
493
169
166
168
166
166
167
165
162
162
167
597
619
593
617
612
611
611
627
611
614
270
269
269
268
271
270
269
269
271
276
13167
13482
13296
12984
13170
12893
13324
13162
13212
13059
242
239
239
244
239
240
240
242
239
239
215
212
205
211
216
212
211
212
211
213
1715
1707
1712
1707
1702
1706
1692
1697
1707
1715
276
278
275
273
274
274
273
273
276
273
1981
2003
2010
2013
2019
2042
2006
2013
1990
1942
985
1003
992
986
991
990
984
995
1001
1002
749
748
749
752
748
746
751
747
753
748
35517
34869
34512
34747
34567
34621
34503
35172
34330
35024
1629
1628
1664
1634
1580
1662
1641
1629
1643
1669
577
592
600
591
589
596
605
588
594
591
2005
2010
1984
1979
1958
1991
1986
1987
2003
1985
759
787
779
789
779
793
782
785
788
786
166736
168368
169382
171757
167852
166501
173870
166469
168374
167175
3043
3023
3001
3017
2993
3029
3023
3023
3038
3016
2537
2637
2567
2620
2679
2680
2558
2638
2561
2613
251
255
255
256
256
256
260
256
256
261
209
208
209
208
207
207
207
208
217
209
421
421
418
414
421
419
417
414
420
414
2097
2083
2069
2087
2094
2094
2038
2093
2097
2083
12023
12059
11803
12041
11906
12034
11941
12054
11999
11736
547
566
560
552
557
565
556
551
565
551
1990
1979
1983
1990
1978
2018
1988
1989
1924
2017
1051
1024
1052
1011
1037
1013
1019
998
1015
1011
3142
3175
3141
3170
3115
3127
3085
3192
3142
3155
63548
63476
63227
63756
63933
63515
63998
62931
64918
66115
994
987
983
983
989
988
987
1021
985
1002
2760
2758
2782
2752
2807
2776
2769
2767
2780
2799
4359
4348
4373
4336
4295
4353
4265
4359
4381
4285
1506
1445
1461
1471
1448
1441
1449
1443
1406
1466
2366
2339
2383
2481
2311
2339
2363
2337
2339
2358
2330
2408
2392
2502
2417
2412
2465
2412
2425
2413
2752
2735
2694
2746
2695
2746
2716
2714
2706
2700
1061
1034
1023
1002
1015
1014
1006
1013
1009
1005
18070
18412
18074
18051
18118
18500
18058
17825
18036
18245
2481
2496
2518
2534
2510
2544
2469
2472
2519
2490
503
503
501
502
503
501
504
506
513
504
3204
3196
3211
3396
3201
3140
3231
3108
3127
3131
935
950
953
944
962
946
962
955
963
953
126313
124866
127368
125108
125681
126433
126116
127198
126776
127237
287
290
284
282
291
286
283
282
284
286
1514
1524
1486
1541
1534
1505
1517
1521
1528
1510
26953
26765
26599
26872
26910
26947
26805
27151
26761
26935
605
592
591
598
594
600
592
592
592
593
12892
12745
12757
12979
12908
12850
13074
13491
12776
12765
908
943
922
921
924
919
925
934
940
922
2882
2947
2952
2950
2964
2962
2970
2963
2977
2880
754
746
752
763
762
750
748
749
755
753
213
211
212
215
210
211
212
211
214
210
12
11
11
11
11
11
10
11
11
11
1098
1071
1050
1077
1099
1069
1069
1081
1075
1045
7221
7382
7322
7351
7305
7289
7405
7357
7369
7316
255
258
258
259
258
264
259
259
258
258
6379
6363
6348
6299
6302
6337
6497
6304
6371
6391
319
324
319
318
319
322
322
317
318
317
516
514
514
514
513
519
525
523
517
515
2551
2594
2591
2558
2610
2602
2640
2629
2584
2585
1724
1704
1699
1701
1701
1705
1699
1701
1742
1703
236
242
242
247
249
242
247
242
246
245
1443
1429
1458
1440
1455
1445
1440
1465
1449
1440
363
367
369
366
366
364
368
366
371
365
2075
2071
2090
2069
2072
2081
2115
2070
2079
2067
1035
1076
1063
1073
1069
1063
1072
1036
1082
1080
13043413
13082642
13122039
13064018
13055302
13071298
13063472
13138625
13042933
12976812
3510
3494
3420
3484
3408
3496
3485
3488
3486
3487
2071
2000
1998
1990
1992
2000
1990
2023
2029
1993
273
279
278
284
279
278
281
283
278
279
6076
6115
6242
6115
6130
6234
6079
6216
6188
6134
2151
2108
2160
2152
2173
2164
2189
2135
2113
2154
3300
3334
3253
3316
3348
3313
3304
3300
3331
3259
11080
11483
11351
11509
11399
11330
11221
11278
11275
11093
1528
1468
1517
1507
1530
1513
1514
1482
1513
1511
3177
3203
3272
3194
3317
3240
3236
3263
3315
3273
3603
3619
3577
3592
3534
3596
3538
3503
3489
3598
1303
1301
1299
1293
1293
1299
1292
1297
1259
1296
1290
1281
1293
1261
1282
1287
1282
1287
1282
1286
1178
1173
1174
1186
1172
1174
1177
1165
1174
1170
30690
30860
30712
30750
31085
31231
31063
31400
31583
31005
12637
12520
12808
12812
12710
12674
12655
12714
12722
12648
3280
3177
3274
3271
3244
3263
3271
3278
3266
3275
1503
1518
1510
1510
1505
1505
1501
1496
1508
1506
25050
24783
24488
24533
24705
24509
24760
24734
25071
24639
9666
9580
9630
9660
9709
9881
9787
9869
9571
9666
2730
2735
2671
2802
2733
2708
2724
2727
2748
2738
1030
1030
1031
1044
1022
1037
1042
1032
1038
1044
1796
1788
1791
1784
1790
1789
1799
1755
1792
1794
3066
3036
3029
3083
3159
3053
3073
3037
3028
3010
1628
1683
1694
1649
1695
1685
1686
1667
1673
1682
322
312
312
311
318
318
312
305
313
312
4504
4343
4406
4477
4407
4464
4461
4501
4456
4368
1358
1333
1353
1355
1334
1345
1359
1331
1342
1335
1323
1311
1309
1313
1330
1321
1311
1319
1334
1310
12399
12266
12132
12098
12086
12115
12106
12460
11905
11951
200548
200356
199907
201054
199844
200137
199486
199437
200178
200090
1964
1901
1958
1964
1972
1958
1981
1955
1972
1957
1433
1429
1427
1434
1431
1431
1436
1457
1456
1426
1552
1566
1566
1572
1571
1575
1573
1573
1557
1569
971
971
978
974
943
974
970
974
970
976
7236
7071
7140
7189
7132
7284
7211
7140
7156
7427
366
361
360
360
360
350
367
368
360
362
4625
4547
4529
4564
4493
4565
4525
4586
4502
4578
1009
1021
1009
1015
1009
1006
1016
1017
1031
1009
2579
2548
2491
2547
2535
2531
2549
2502
2569
2570
296
294
295
294
299
294
294
296
295
301
217250
219330
218053
217412
217062
216501
216719
218414
216837
218468
4881
4940
4909
4913
4918
4860
4982
4921
4844
4919
4046
4060
4015
4045
4000
3924
4056
4066
4023
3970
2247
2239
2300
2269
2303
2297
2256
2306
2310
2307
13005646
12980523
13201216
13123518
13094376
13085083
13110841
13053476
13107773
13052733
4710
4825
4782
4847
4806
4774
4721
4803
4736
4610
103731
103625
105634
103341
104827
103788
103764
103606
105084
103737
1405322
1384450
1389752
1408505
1394393
1397931
1390434
1396962
1391519
1399196
3444
3376
3277
3372
3379
3374
3310
3381
3277
3368
630
636
630
635
636
633
629
631
628
629
7933
8012
7796
7942
7933
8119
7836
8120
8082
8074
2086
2021
2070
2005
2107
2071
2078
2066
2047
2042
775917
770728
771506
772385
773184
793204
779570
770173
772824
771931
3352
3353
3309
3373
3349
3388
3351
3347
3316
3346
3833
3856
3851
3812
3899
3894
3849
3859
3809
3855
4442
4425
4420
4390
4439
4349
4402
4365
4416
4461
5205
5172
5319
5169
5225
5228
5191
5183
5245
5208
277
267
276
279
274
275
280
275
279
276
711
728
729
732
732
730
732
730
732
745
322
321
329
322
320
320
320
320
321
322
3218
3329
3285
3315
3270
3249
3213
3367
3306
3317
474
486
477
488
490
482
481
487
478
476
3280
3325
3329
3286
3294
3260
3322
3257
3333
3339
1517
1563
1578
1559
1577
1594
1564
1558
1567
1568
2787
2800
2830
2849
2869
2790
2834
2867
2865
2846
5344
5215
5237
5338
5312
5329
5269
5238
5202
5092
202076
201768
201835
202407
201618
200913
199547
201753
201717
200686
1682
1674
1680
1661
1678
1681
1672
1671
1673
1674
5274
5143
5159
5437
5247
5219
5264
5285
5216
5230
2445
2444
2442
2508
2454
2474
2399
2447
2439
2404
1814
1819
1830
1889
1783
1815
1833
1768
1813
1804
677
655
675
675
675
674
683
674
676
687
16
15
14
14
15
14
15
15
15
14
688
680
682
686
686
687
683
704
683
686
13417
13430
13797
13504
13352
13651
13547
13668
13319
13396
24306
24384
24245
24179
24456
24611
24478
24360
24465
25072
810
803
795
794
806
793
803
792
804
790
4146
4167
4177
4179
4160
4092
4378
4175
4219
4247
137457
138241
137936
137614
139514
138388
138316
137592
138106
136962
2884
2921
2916
2837
2860
2861
2931
2845
2880
2911
1843
1872
1882
1871
1896
1868
1844
1890
1871
1878
12757
12898
12834
12575
12587
12684
12790
12776
12566
12783
7648
7882
7703
7792
7763
7798
7872
7747
7716
7788
28787
28566
28863
28917
28499
28523
29070
28438
28616
29034
2345
2377
2376
2375
2378
2378
2405
2373
2371
2410
4083
4098
4097
4090
4062
4089
4083
4027
4033
4077
2116
2058
2125
2116
2098
2131
2062
2044
2061
2109
3918
3946
4001
4013
3999
4004
4016
3944
3959
3905
504
512
515
512
511
512
510
512
513
514
5991
6049
5924
5957
5985
5877
5889
5916
5899
5980
3458
3587
3605
3579
3565
3449
3478
3540
3437
3472
35637
35742
35211
35644
35759
35358
35554
35075
35076
35382
5513
5427
5572
5460
5535
5388
5486
5530
5413
5487
3281
3372
3339
3371
3379
3344
3411
3309
3316
3331
50682
50593
50731
51035
51310
50459
50007
50364
50361
50523
394
402
403
402
414
407
404
403
403
391
1355
1343
1353
1366
1368
1371
1370
1366
1352
1346
5236
5107
5144
5170
5152
5103
5205
5192
5157
5112
6595
6582
6404
6471
6523
6512
6506
6526
6474
6387
858
843
841
842
848
847
854
854
841
843
6544
6147
6314
6554
6266
6445
6436
6406
6359
6319
2123
2069
2104
2114
2105
2100
2098
2104
2107
2142
2161
2121
2183
2097
2202
2163
2125
2183
2242
2178
591
584
589
592
591
587
580
574
601
599
2325
2329
2270
2278
2324
2295
2358
2343
2264
2332
7205
7140
7172
7257
7188
7288
7368
7317
7271
7225
958
978
990
987
975
998
995
989
979
975
15583
15169
15109
15288
15214
15211
15045
15123
15333
15320
1084
1076
1040
1082
1069
1071
1065
1069
1068
1077
12011
11669
11759
12070
11890
12470
11846
12056
12033
11958
736
729
728
728
737
729
728
728
727
730
5025
5025
4852
5031
5011
4943
4927
5035
4952
5012
10386
10507
10235
10403
10214
10415
10486
10222
10461
10534
12
11
11
11
11
11
11
11
11
11
2479
2516
2509
2497
2498
2494
2499
2585
2499
2544
10204
9902
10293
10149
10082
10261
10255
10503
10385
10387
1012
1018
1002
1023
1019
1005
1002
1002
1002
1004
4269
4234
4399
4353
4209
4281
4213
4256
4247
4227
100024
99277
99143
99366
98895
99239
98798
99536
99243
99753
4806
4986
4875
4745
4962
4728
4888
4851
4869
4787
15017
15189
14896
15028
15050
15048
14881
14924
15036
14911
6657
6511
6617
6631
6673
6724
6766
6579
6463
6637
702
713
720
719
694
719
720
721
703
693
5895
5938
5805
5839
5891
5815
5853
5868
5894
5880
3411
3387
3310
3413
3397
3416
3422
3365
3422
3373
1630
1654
1599
1646
1628
1617
1622
1630
1630
1602
4759
4736
4795
4666
4711
4703
4764
4627
4607
4741
6831
6749
6686
6962
6791
6857
6657
6783
6804
6683
3122
3118
3036
3128
3081
3121
3062
3080
3046
3058
4772
4802
4762
4787
4799
4788
4872
4819
4766
4764
121251
120897
120433
120419
120283
120093
119634
120900
120193
121272
41234
40893
41103
41230
41369
41284
40938
40874
41200
41976
12853
12886
12881
12950
12984
12764
12780
12758
12766
12595
13336
13382
13507
13123
13348
13299
13526
13340
13607
13330
6531
6418
6476
6486
6495
6489
6486
6418
6449
6606
11894
11803
11787
11968
11809
11846
11764
11718
11882
11913
580
566
567
566
550
565
573
566
567
582
6718
6657
6600
6661
6633
6665
6658
6603
6700
6707
932
914
923
921
931
919
918
922
916
940
1102
1086
1093
1090
1100
1104
1113
1099
1093
1086
666
679
673
665
669
666
671
666
668
664
1887
1952
1927
1940
1924
1868
1918
1897
1916
1884
1879
1843
1842
1781
1850
1835
1842
1803
1846
1868
3209
3190
3202
3166
3130
3099
3185
3184
3257
3160
8793
8918
8555
8766
8758
8898
8757
8626
8827
8559
1241
1244
1261
1258
1249
1242
1245
1247
1246
1253
3610
3510
3564
3649
3604
3574
3573
3606
3602
3593
8016
7984
8079
7965
8117
7999
7944
8160
8054
7990
4838
4913
4929
4843
4937
4932
4804
4951
4919
4838
4422
4325
4370
4486
4538
4483
4390
4429
4444
4440
30825
30572
30470
30920
31373
30938
30376
31479
30853
30695
8503
8753
8399
8633
8524
8611
8436
8504
8429
8451
42549
43414
42322
42591
42654
42456
42044
42620
42381
43168
368355
364189
362080
362373
360550
363360
365687
360847
365312
364850
527
522
523
529
526
523
529
507
523
523
1089
1118
1096
1111
1111
1098
1098
1100
1116
1066
6258
6103
6123
6174
6196
6176
6050
6034
6173
6205
1806
1846
1821
1863
1846
1872
1829
1854
1842
1857
3747
3673
3754
3683
3814
3764
3810
3756
3711
3755
134374
133289
134456
134360
133166
133790
133179
131812
132241
131333
1528
1534
1511
1502
1510
1507
1484
1525
1513
1488
9868
9781
9619
9754
9731
9666
9695
9912
9831
9838
577
541
560
558
556
557
573
556
569
558
4117
4063
4182
4317
4128
4119
4133
4076
4146
4230
483
461
478
475
483
476
478
476
473
474
281958
285786
283586
284860
282097
282230
283057
282014
283548
282181
4975
4976
4960
5025
5085
4989
5014
5043
5111
5061
132367
132932
133088
131853
132669
132956
133770
133017
133623
132704
13101
13143
12771
12994
12964
13050
12845
13192
12830
13418
8115
8052
7953
8152
7915
7884
7929
7896
8147
8002
1186
1189
1155
1248
1175
1175
1180
1194
1178
1203
6705
6672
6708
6886
6843
6734
6676
6693
6626
6753
4332
4207
4264
4341
4221
4260
4281
4313
4281
4250
19823
19323
19441
19329
19665
19449
19216
19308
19259
19119
8384
8540
8381
8413
8381
8444
8408
8318
8430
8236
1481
1444
1480
1470
1422
1468
1470
1462
1461
1476
4076
4116
4159
4153
4059
4222
4144
4153
4038
4105
4336
4246
4272
4233
4286
4355
4363
4306
4314
4351
155556
156378
154744
154678
156396
154820
155043
156795
155036
154866
5234
5205
5159
5164
5224
5238
5200
5193
5150
5204
9804
9802
9804
9945
9844
9875
9820
9737
9745
9874
895
861
897
885
857
889
882
863
885
884
6018
5814
5872
5803
5721
5860
5745
5726
5863
5842
2892
2913
2830
2889
2821
2913
2874
2886
2897
2892
651
651
657
633
652
649
658
662
651
650
4139
4217
4172
4185
4200
4215
4133
4121
4232
4254
782
771
782
773
782
773
781
781
778
759
5384
5345
5301
5356
5361
5418
5308
5289
5489
5412
7758
7597
7660
7824
7763
7614
7560
7497
7651
7540
2758261524
2728670656
