10
9
9
9
8
8
9
9
9
9
11
9
9
9
9
9
9
10
10
10
10
9
9
9
9
8
9
8
9
9
10
9
9
9
8
9
9
8
9
9
10
9
9
9
8
9
9
8
9
9
10
9
9
8
9
8
9
9
9
9
11
9
9
9
9
9
9
9
8
8
10
8
9
9
9
9
8
9
10
9
10
9
9
9
8
8
9
9
8
9
11
9
9
9
10
9
9
9
9
9
14
12
12
12
12
12
12
12
12
11
14
12
12
12
12
12
12
12
11
13
13
11
12
12
12
12
12
12
12
12
13
11
11
12
11
12
11
12
12
11
13
12
12
11
12
11
12
12
12
11
14
11
12
13
12
12
13
13
12
11
14
12
12
12
12
12
12
11
12
12
13
12
12
12
12
12
12
11
12
12
13
13
12
12
12
12
12
12
11
11
13
12
11
12
12
12
11
12
12
11
20
18
18
18
19
18
18
18
18
18
20
24
18
18
18
22
18
18
17
18
26
18
19
18
18
20
18
18
18
18
20
18
18
18
18
18
18
18
18
17
19
18
18
18
18
18
18
18
19
18
19
18
18
18
19
18
18
18
17
18
20
18
18
22
18
18
18
18
18
19
21
18
18
18
18
18
18
18
18
17
20
19
18
17
18
18
18
18
18
18
19
18
18
18
18
18
18
19
18
17
18
17
17
17
17
17
17
17
17
16
19
17
18
17
18
18
18
17
17
17
19
16
17
16
17
17
17
17
16
17
19
17
17
16
17
17
17
17
17
16
18
16
17
17
16
17
17
17
17
17
18
17
18
17
17
16
17
17
17
17
18
17
17
17
16
17
16
16
18
17
19
17
17
17
17
17
17
16
19
17
19
17
17
23
17
17
17
16
17
17
19
18
17
17
17
17
18
17
20
18
16
15
15
15
15
14
15
14
14
15
16
15
15
15
14
15
15
14
15
15
16
15
14
16
14
15
15
14
16
15
17
14
15
14
14
14
14
14
14
15
17
15
14
14
14
15
15
15
15
14
16
15
15
15
16
15
15
16
15
31
22
14
15
15
14
15
15
14
15
15
17
14
15
15
15
15
15
14
15
14
16
15
15
15
14
14
15
15
15
15
16
15
15
15
14
14
14
15
15
15
30
29
29
29
30
29
29
29
29
29
32
28
29
29
29
28
28
30
30
29
31
29
28
29
29
28
29
29
29
29
31
28
28
29
29
28
29
29
28
28
31
29
29
29
28
28
29
28
28
28
30
29
28
28
29
29
29
29
28
29
30
28
29
28
29
28
28
28
28
28
32
29
30
30
29
28
29
28
28
28
29
28
30
29
29
28
29
28
28
28
37
29
28
28
29
28
29
29
28
28
23
22
22
22
22
22
22
22
22
21
24
22
21
22
22
22
22
22
22
22
24
23
21
22
24
22
23
25
22
22
24
22
22
22
22
22
23
22
23
23
24
22
22
22
23
22
22
22
22
22
28
22
22
22
22
22
22
22
23
23
24
23
22
23
23
22
22
22
22
22
24
22
22
22
22
22
22
22
23
22
31
22
22
22
22
22
22
22
22
22
25
23
22
22
22
22
22
22
22
22
29
27
26
27
28
27
27
32
28
27
28
28
27
28
27
27
27
28
27
27
30
27
27
27
26
27
27
27
27
27
29
28
27
27
27
27
28
27
27
27
30
27
27
27
27
27
26
27
28
27
28
27
27
27
27
27
27
27
27
28
29
28
27
27
27
27
27
27
27
28
29
27
27
27
27
28
27
28
27
28
30
28
28
28
27
27
27
27
27
27
29
28
27
26
27
28
28
27
27
27
45
42
41
42
43
42
42
42
42
41
43
42
43
41
42
42
42
42
42
42
44
42
43
42
42
42
42
43
46
42
44
43
41
43
42
43
44
43
44
42
43
42
41
42
42
42
41
43
42
42
44
41
42
42
41
42
42
42
41
42
43
41
42
41
42
42
42
43
42
43
44
42
43
42
42
47
42
42
42
42
44
42
43
42
42
42
42
43
42
43
44
42
42
42
42
43
42
42
42
41
42
39
39
39
39
39
39
39
39
39
41
39
39
39
38
38
39
39
38
39
41
40
41
39
39
39
39
39
40
40
41
40
40
39
39
40
39
39
40
40
40
39
39
39
39
39
39
39
39
39
42
39
40
37
39
40
39
38
39
39
41
39
39
39
40
39
39
39
39
39
41
40
39
39
40
40
39
39
41
40
41
40
39
39
40
39
40
40
40
41
41
39
39
39
39
39
40
39
39
39
44
41
41
41
42
42
41
41
42
42
43
42
41
42
42
41
41
42
43
41
45
42
41
42
41
42
42
41
42
41
44
42
41
42
41
42
41
41
41
42
45
41
42
41
41
43
41
41
41
41
42
41
41
41
41
41
42
41
41
42
43
42
43
41
42
41
41
42
42
41
44
42
42
41
42
43
42
42
42
42
43
42
42
42
42
41
42
43
42
42
43
42
42
42
42
42
42
42
41
41
61
60
60
61
59
61
61
60
60
61
62
60
60
60
60
60
60
65
60
60
63
60
61
60
61
60
60
60
61
60
61
60
60
60
60
60
60
60
60
59
61
60
60
61
60
60
61
60
60
60
63
61
60
60
60
60
60
60
60
60
62
61
59
60
61
60
61
60
60
60
60
59
61
60
60
60
60
61
60
60
61
61
60
60
60
60
60
60
60
63
63
60
60
60
60
61
60
61
60
61
60
58
58
58
57
58
58
57
57
59
59
58
57
57
58
57
57
57
58
58
58
57
58
59
57
58
57
61
58
58
59
58
57
57
58
57
57
58
57
57
61
61
59
58
57
57
58
57
57
57
59
58
59
58
57
58
58
57
58
55
60
57
57
57
62
57
58
58
55
57
60
57
59
58
57
58
62
57
57
59
59
57
57
58
57
57
58
58
58
58
58
58
59
58
58
61
58
58
57
59
71
62
61
61
61
61
60
61
61
61
61
61
61
60
61
60
61
61
60
61
63
61
61
60
61
60
61
60
61
61
63
60
61
61
61
60
62
61
61
61
63
61
61
61
61
61
62
62
63
62
63
61
61
61
61
60
60
61
60
62
64
61
61
61
60
61
60
61
60
61
63
61
61
60
61
61
60
61
60
61
63
60
60
61
61
61
62
61
61
61
63
61
65
60
60
60
61
62
62
61
86
82
83
85
82
83
83
83
83
83
81
83
83
83
82
83
82
82
84
80
83
85
83
84
83
83
87
82
82
83
85
83
84
84
85
83
82
83
83
84
84
85
86
84
83
83
83
83
83
84
84
83
84
83
83
83
84
83
82
83
84
85
82
83
83
82
82
83
86
80
93
83
83
82
84
85
82
83
83
83
83
83
82
84
83
83
83
83
83
82
85
85
81
83
82
83
84
82
84
82
138
136
134
138
135
135
135
136
135
134
137
134
135
135
135
136
135
137
134
134
132
134
134
135
136
134
134
135
136
136
137
134
134
136
136
135
135
135
135
134
142
138
132
135
136
136
135
134
134
135
137
134
134
135
136
136
137
135
134
134
142
140
138
140
139
144
135
135
135
138
133
134
135
135
136
135
134
136
136
134
137
143
135
136
137
135
136
135
137
134
137
134
134
135
135
135
134
138
134
136
141
144
142
145
142
146
143
142
144
144
141
143
143
143
142
145
143
142
142
142
148
145
143
142
141
143
142
143
145
141
142
143
143
142
143
145
143
144
143
144
144
142
144
143
142
142
143
142
145
143
140
142
142
145
143
142
143
143
145
140
141
145
142
143
146
143
142
143
144
145
145
143
143
144
143
142
142
143
143
144
145
145
142
143
141
143
145
142
143
143
142
143
143
148
142
142
142
143
143
143
496
505
507
509
509
505
509
506
506
514
496
510
506
507
507
512
507
507
506
507
513
507
508
507
509
511
506
513
506
508
509
516
512
514
499
512
510
506
513
506
510
508
507
509
505
511
507
506
507
508
521
505
507
512
510
507
507
514
509
507
510
506
512
507
506
511
511
508
505
506
542
506
506
514
509
505
507
506
512
511
516
507
511
507
506
518
507
515
506
508
499
512
507
509
505
507
509
511
508
512
194
190
190
197
191
193
191
192
191
191
193
190
191
191
196
194
193
192
192
191
188
190
191
191
193
190
191
190
191
191
194
195
192
190
190
191
190
196
191
191
187
190
192
192
192
190
193
191
191
193
194
191
194
193
192
192
192
191
192
193
193
194
192
193
191
191
192
192
193
194
193
193
190
191
215
191
191
198
192
190
230
209
211
208
210
209
218
211
209
217
198
197
196
197
196
196
196
197
197
191
204
201
203
206
209
204
204
204
202
202
197
201
202
204
202
203
202
201
201
207
205
202
202
202
196
203
202
201
202
202
202
201
202
201
201
203
204
201
202
204
199
201
202
201
201
201
203
207
202
201
211
234
202
202
202
202
202
202
206
201
203
201
201
202
201
201
202
201
202
201
223
202
201
208
202
202
202
201
202
205
205
201
201
202
203
203
202
209
198
201
207
203
204
203
202
201
200
201
204
202
668
673
680
680
673
673
688
678
676
674
658
678
656
682
675
680
681
674
676
674
682
678
675
674
674
681
675
675
680
672
680
676
655
674
678
683
676
672
679
675
689
674
677
679
675
676
677
681
675
675
684
680
678
675
674
673
679
678
674
679
684
674
685
674
676
680
675
679
677
675
677
682
680
680
677
673
674
679
675
677
683
682
680
675
674
669
679
679
682
675
695
674
674
674
675
675
679
677
676
679
263
258
257
261
261
260
258
260
258
262
256
260
258
261
264
257
257
265
259
260
260
270
257
266
258
258
258
259
258
259
262
258
259
262
259
257
264
258
257
259
252
258
259
258
257
257
259
261
270
258
260
258
257
260
263
260
258
260
257
258
266
258
257
258
258
262
259
257
258
258
262
258
259
258
258
259
259
266
260
261
260
258
260
259
258
258
258
264
258
260
260
264
261
258
261
260
259
258
259
257
266
278
271
271
270
271
270
270
278
271
273
276
271
273
276
273
273
273
270
272
273
272
271
281
271
274
276
271
272
273
266
271
271
274
271
271
272
272
272
272
268
270
271
272
271
271
277
271
271
276
274
272
272
276
274
272
277
272
286
276
274
273
273
279
271
278
276
274
272
276
281
273
271
278
272
272
290
274
272
281
266
264
277
271
273
271
272
271
277
264
258
271
270
271
272
273
272
273
271
273
860
875
865
865
865
865
864
869
864
861
872
870
840
867
864
865
865
865
873
866
874
865
877
868
867
870
870
871
865
877
843
874
865
865
879
865
867
866
887
871
877
865
867
879
872
867
867
866
867
869
870
866
867
868
864
869
866
864
860
868
869
867
865
871
866
872
868
866
866
870
844
864
864
865
890
873
872
871
865
884
880
866
868
872
876
865
870
866
872
868
871
869
865
874
891
868
864
872
866
874
338
338
337
337
340
337
338
337
342
337
330
341
342
338
342
336
342
348
337
336
339
338
342
337
335
343
340
338
336
337
337
336
337
335
343
342
349
338
337
346
335
337
337
337
337
337
336
337
337
336
330
336
338
337
349
339
342
342
341
337
345
340
335
340
337
336
339
342
338
337
341
336
337
335
336
337
339
338
337
335
347
336
342
341
341
329
339
340
337
337
330
336
338
341
336
339
336
338
338
344
359
353
356
354
354
358
353
356
353
359
357
355
358
356
353
357
356
352
352
353
349
357
354
358
351
344
353
352
357
353
354
353
356
353
352
358
353
342
353
353
355
352
358
353
352
354
356
356
354
355
348
356
355
359
363
343
359
354
352
353
348
352
353
352
352
357
353
353
362
352
344
356
351
353
359
353
352
353
358
354
345
353
353
353
357
359
353
356
354
355
362
353
352
358
357
358
356
352
355
353
1053
1089
1088
1084
1081
1091
1081
1081
1102
1090
1076
1083
1084
1079
1073
1082
1082
1092
1083
1081
1090
1087
1085
1085
1083
1098
1089
1088
1083
1103
1083
1087
1106
1083
1080
1098
1084
1083
1082
1081
1083
1087
1082
1081
1085
1081
1084
1081
1082
1081
1051
1079
1087
1084
1055
1081
1083
1082
1069
1083
1085
1087
1080
1086
1087
1094
1087
1084
1089
1082
1052
1086
1082
1098
1083
1113
1050
1080
1084
1053
1088
1088
1080
1086
1093
1098
1093
1079
1085
1080
1097
1086
1085
1106
1133
1121
1119
1124
1112
1114
416
430
430
430
424
431
425
427
425
437
416
427
414
438
425
428
431
428
426
430
441
425
426
425
424
429
417
426
431
424
429
427
426
427
427
427
426
425
426
426
416
424
430
429
426
426
427
425
425
432
429
432
430
426
429
426
426
428
425
426
416
425
425
424
434
429
430
426
425
428
417
427
431
426
428
433
423
429
427
459
415
424
430
425
426
425
418
426
425
425
423
416
431
426
427
426
425
428
427
425
445
443
449
444
445
445
450
444
443
447
452
445
451
445
443
453
445
445
443
444
453
445
445
445
448
444
444
447
449
451
447
447
445
449
443
446
451
449
449
445
433
445
443
447
444
444
446
444
444
444
446
444
445
445
445
445
445
447
451
443
450
475
466
460
444
431
444
445
449
443
439
445
446
447
444
445
459
447
445
446
435
446
443
448
452
448
451
443
445
447
447
446
449
449
447
445
445
445
444
445
1325
1319
1324
1339
1361
1336
1338
1318
1324
1319
1327
1315
1332
1319
1326
1320
1327
1322
1318
1317
1284
1318
1332
1318
1329
1317
1326
1331
1326
1326
1332
1338
1347
1321
1328
1279
1329
1322
1330
1321
1328
1324
1316
1326
1323
1319
1330
1326
1321
1329
1324
1319
1332
1326
1321
1323
1320
1321
1357
1317
1322
1326
1344
1343
1319
1361
1320
1316
1281
1324
1291
1318
1353
1317
1329
1320
1328
1326
1318
1322
1323
1329
1333
1330
1324
1336
1323
1319
1320
1349
1293
1324
1323
1330
1309
1334
1324
1318
1322
1329
535
526
535
526
529
533
511
525
528
525
513
529
510
540
529
524
525
524
510
526
515
524
525
531
525
526
526
526
523
533
536
527
525
548
528
527
512
531
526
522
536
535
526
526
526
531
526
527
535
526
520
531
524
524
527
527
535
526
529
526
533
525
577
577
581
577
584
577
578
526
527
525
529
529
528
543
526
525
526
537
521
526
526
524
541
526
526
528
526
530
514
526
528
532
526
529
526
526
526
526
700
718
708
715
715
711
720
716
726
713
717
718
711
712
720
728
710
712
715
715
718
713
713
710
716
697
717
730
713
710
736
712
718
713
719
712
697
732
713
713
719
714
691
718
721
716
711
724
717
712
703
711
726
714
712
712
699
725
695
729
694
710
718
712
718
716
719
711
714
716
695
711
715
712
713
733
723
722
724
712
702
721
714
718
710
716
692
710
718
721
714
726
714
723
717
728
713
713
712
710
4610
4766
4613
4748
4759
4671
4756
4752
4687
4649
4744
4661
4663
4777
4628
4698
4767
4699
4760
4733
4811
4758
4759
4760
4688
4686
4759
4667
4782
4729
4597
4750
4703
4773
4622
4691
4813
4764
4805
4726
4759
4759
4803
4777
4582
4764
4791
4833
4790
4845
4736
4757
4746
4744
4706
4824
4821
4662
4757
4793
4711
4678
4816
4668
4739
4793
4772
4733
4832
4752
4735
4770
4767
4915
4947
4694
4719
4785
4790
4784
4814
4762
4788
4830
4795
4851
4763
4803
4760
4682
4842
4724
4722
4921
4956
4723
4744
4787
4836
4658
2612
2619
2605
2604
2612
2620
2576
2730
2608
2709
2574
2635
2602
2603
2620
2605
2643
2623
2613
2769
2673
2606
2632
2618
2633
2614
2601
2628
2606
2599
2603
2595
2634
2652
2662
2607
2683
2610
2785
2639
2614
2603
2605
2610
2612
2643
2678
2568
2592
2608
2617
2635
2609
2630
2611
2577
2617
2588
2619
2619
2547
2599
2614
2611
2617
2594
2575
2610
2623
2624
2635
2578
2563
2605
2613
2576
2610
2558
2624
2619
2607
2561
2579
2618
2609
2609
2579
2599
2582
2596
2550
2617
2618
2605
2579
2561
2566
2627
2618
2616
871
869
870
870
869
882
869
874
871
872
836
869
876
870
873
881
870
867
870
870
846
879
879
846
878
874
868
865
871
881
850
878
874
868
872
869
878
872
888
873
884
878
874
869
874
875
878
874
872
883
894
883
868
884
869
870
890
879
871
872
846
847
877
870
874
884
881
871
873
881
881
873
872
868
870
846
870
904
869
872
944
882
867
869
880
875
870
872
892
872
897
863
854
867
870
875
874
876
870
882
5598
5582
5678
5693
5726
5666
5702
5637
5583
5676
5660
5711
5613
5646
5824
5739
5672
5561
5564
5691
5574
5565
5585
5547
5724
5725
5643
5694
5663
5594
5752
5647
5637
5598
5624
5600
5654
5618
5618
5579
5608
5568
5641
5634
5587
5507
5727
5599
5615
5710
5611
5590
5552
5696
5671
5613
5674
5674
5654
5688
5602
5634
5682
5571
5708
5675
5583
5649
5666
5638
5694
5559
5693
5603
5626
5638
5698
5644
5646
5593
5552
5671
5568
5667
5612
5602
5644
5625
5553
5724
5617
5641
5682
5554
5578
5699
5618
5725
5586
5596
3080
3142
3105
3072
3168
3136
3073
3135
3130
3130
3051
3101
3157
3138
3094
3129
3161
3202
3157
3162
3064
3091
3073
3081
3130
3125
3159
3131
3072
3044
3076
3062
3134
3098
3144
3135
3037
3144
3166
3143
3083
3136
3156
3133
3098
3039
3118
3055
3134
3169
3073
3144
3135
3139
3138
3110
3135
3126
3139
3088
3061
3145
3062
3069
3166
3074
3135
3157
3134
3096
3041
3129
3143
3149
3104
3132
3109
3133
3133
3138
3127
3118
3137
3130
3143
3184
3066
3858
4056
3080
3145
3102
3133
3083
3166
3021
3119
3109
3101
3134
1015
1040
1046
1051
1017
1042
1045
1040
1041
1074
1051
1057
1070
1057
1044
1064
1041
1047
1051
1055
1018
1075
1043
1041
1050
1043
1044
1041
1057
1048
1107
1066
1042
1054
1042
1044
1046
1054
1058
1042
1073
1043
1041
1041
1046
1041
1051
1057
1035
1048
1050
1045
1060
1046
1026
1041
1054
1061
1043
1054
1036
1047
1042
1046
1053
1056
1062
1028
1037
1043
1046
1042
1040
1033
1062
1050
1072
1040
1041
1050
1013
1024
1050
1045
1038
1051
1043
1056
1041
1056
1047
1047
1042
1046
1045
1057
1039
1046
1052
1058
6739
6571
6648
6592
6660
6512
6566
6779
6651
6586
6763
6714
6772
6740
6751
6672
6838
6607
6694
6596
6753
6678
6760
6722
6828
6654
6653
6699
6612
6671
6461
6729
6579
6706
6706
6609
6618
6666
6573
6738
6691
6657
6636
6591
6558
6670
6735
6624
6670
6606
6477
6665
6633
6643
6792
6718
6704
6576
6692
6710
6629
6611
6588
6598
6653
6565
6626
6535
6554
6736
6804
6941
6810
6722
6560
6572
6599
6697
6697
6737
6645
6671
6737
6578
6562
6543
6587
6651
6782
6631
6575
6686
6571
6601
6665
6599
6695
6652
6522
6576
