0 53
0 54
0 27
0 27
0 26
0 46
0 79
0 27
0 26
0 27
0 27
0 25
0 26
0 27
0 35
0 35
0 34
0 32
0 31
0 30
0 29
0 26
0 31
0 32
0 33
0 32
0 31
0 33
0 31
0 42
0 28
0 28
0 26
0 26
0 35
0 37
0 34
0 79
0 32
0 80
0 28
0 27
0 27
0 35
0 36
0 34
0 30
0 31
0 31
0 32
0 27
0 26
0 26
0 27
0 32
0 32
0 32
0 32
0 32
0 32
0 28
0 26
0 26
0 46
0 54
0 51
0 32
0 32
0 32
0 32
0 28
0 26
0 26
0 35
0 34
0 35
0 32
0 31
0 35
0 35
0 28
0 27
0 36
0 35
0 36
0 35
0 36
0 35
0 31
0 32
0 34
0 27
0 26
0 27
0 40
0 62
0 27
0 26
0 27
0 27
0 28
0 32
0 32
0 31
0 36
0 34
0 45
0 36
0 36
0 33
0 31
0 57
0 40
0 29
0 27
0 26
0 36
0 36
0 36
0 35
0 29
0 26
0 27
0 31
0 32
0 32
0 27
0 26
0 26
0 26
0 27
0 27
0 31
0 31
0 31
0 31
0 32
0 32
0 31
0 31
0 27
0 27
0 28
0 46
0 81
0 27
0 27
0 27
0 33
0 32
0 81
0 27
0 26
0 28
0 35
0 36
0 35
0 32
0 32
0 31
0 27
0 27
0 49
0 51
0 30
0 42
0 41
0 39
0 39
0 27
0 83
0 32
0 32
0 29
0 45
0 27
0 27
0 26
0 27
0 32
0 54
0 28
0 39
0 33
0 39
0 27
0 27
0 37
0 44
0 33
0 55
0 54
0 56
0 29
0 27
0 28
0 26
0 32
0 31
0 32
0 27
0 27
0 32
0 34
0 32
0 57
0 38
0 41
0 54
0 27
0 28
0 27
0 40
0 39
0 42
0 32
0 32
0 33
0 31
0 32
0 28
0 27
0 27
0 26
0 32
0 33
0 32
0 32
0 32
0 34
0 28
0 27
0 37
0 36
0 37
0 33
0 33
0 32
0 80
0 28
0 28
0 27
0 27
0 27
0 26
0 27
0 36
0 35
0 35
0 33
0 28
0 27
0 27
0 27
0 33
0 33
0 32
0 33
0 32
0 35
0 28
0 28
0 32
0 33
0 33
0 33
0 32
0 33
0 32
0 33
0 28
0 28
0 28
0 27
0 36
0 35
0 36
0 32
0 32
0 31
0 28
0 27
0 34
0 33
0 32
0 33
0 32
0 33
0 81
0 47
0 28
0 27
0 28
0 27
0 26
0 36
0 36
0 33
0 32
0 32
0 100
0 81
0 81
0 27
0 27
0 27
0 37
0 35
0 37
0 33
0 28
0 33
0 32
0 32
0 33
0 34
0 33
0 33
0 33
0 32
0 28
0 84
0 27
0 30
0 33
0 32
0 33
0 33
0 32
0 32
0 28
0 27
0 38
0 117
0 33
0 35
0 33
0 85
0 29
0 34
0 28
0 38
0 37
0 38
0 37
0 83
0 34
0 54
0 54
0 28
0 27
0 30
0 27
0 27
0 26
0 28
0 33
0 32
0 34
0 38
0 38
0 37
0 40
0 41
0 37
0 68
0 37
0 32
0 41
0 41
0 28
0 28
0 48
0 27
0 55
0 27
0 29
0 29
0 27
0 27
0 29
0 28
0 28
0 27
0 27
0 36
0 36
0 36
0 32
0 33
0 41
0 27
0 27
0 27
0 36
0 36
0 37
0 32
0 32
0 32
0 28
0 27
0 27
0 36
0 37
0 37
0 90
0 29
0 38
0 27
0 30
0 85
0 81
0 30
0 28
0 28
0 28
0 47
0 47
0 32
0 29
0 28
0 28
0 27
0 27
0 27
0 33
0 33
0 33
0 34
0 28
0 33
0 33
0 34
0 34
0 33
0 32
0 33
0 32
0 34
0 28
0 27
0 33
0 34
0 46
0 34
0 33
0 35
0 33
0 33
0 28
0 28
0 27
0 27
0 28
0 84
0 28
0 27
0 47
0 29
0 29
0 34
0 32
0 33
0 34
0 33
0 34
0 33
0 34
0 33
0 29
0 27
0 28
0 27
0 37
0 37
0 83
0 27
0 84
0 27
0 29
0 28
0 28
0 28
0 37
0 36
0 37
0 37
0 37
0 38
0 28
0 28
0 32
0 33
0 33
0 33
0 33
0 33
0 36
0 36
0 30
0 31
0 29
0 36
0 37
0 35
0 33
0 34
0 43
0 33
0 42
0 29
0 38
0 31
0 43
0 75
0 56
0 56
0 28
0 27
0 29
0 28
0 28
0 28
0 27
0 33
0 32
0 33
0 33
0 28
0 29
0 37
0 37
0 37
0 38
0 34
0 42
0 36
0 43
0 37
0 30
0 27
0 28
0 27
0 28
0 27
0 34
0 33
0 34
0 39
0 29
0 27
0 27
0 37
0 37
0 37
0 37
0 37
0 33
0 34
0 28
0 27
0 28
0 48
0 50
0 33
0 34
0 33
0 33
0 34
0 29
0 28
0 27
0 28
0 33
0 34
0 33
0 34
0 34
0 33
0 30
0 28
0 28
0 38
0 39
0 37
0 34
0 35
0 33
0 35
0 28
0 28
0 33
0 33
0 33
0 34
0 34
0 34
0 34
0 33
0 28
0 28
0 34
0 34
0 33
0 34
0 35
0 35
0 34
0 38
0 29
0 29
0 29
0 33
0 47
0 34
0 34
0 34
0 33
0 34
0 29
0 28
0 38
0 36
0 38
0 33
0 33
0 34
0 34
0 39
0 30
0 27
0 33
0 35
0 33
0 35
0 34
0 33
0 33
0 34
0 29
0 27
0 33
0 34
0 35
0 34
0 33
0 34
0 33
0 34
0 29
0 28
0 34
0 33
0 35
0 33
0 34
0 33
0 34
0 41
0 28
0 34
0 34
0 33
0 35
0 33
0 33
0 33
0 33
0 33
0 29
0 28
0 34
0 33
0 34
0 34
0 34
0 35
0 34
0 34
0 29
0 30
0 34
0 34
0 35
0 33
0 34
0 33
0 33
0 33
0 37
0 28
0 39
0 40
0 41
0 41
0 29
0 39
0 29
0 35
0 29
0 28
0 29
0 28
0 28
0 27
0 28
0 28
0 27
0 28
0 29
0 28
0 28
0 34
0 37
0 38
0 38
0 37
0 37
0 37
0 57
0 29
0 38
0 38
0 38
0 36
0 28
0 28
0 29
0 28
0 30
0 28
0 35
0 34
0 34
0 34
0 33
0 35
0 34
0 34
0 29
0 33
0 34
0 34
0 35
0 34
0 34
0 34
0 34
0 34
0 30
0 28
0 38
0 38
0 38
0 33
0 34
0 34
0 34
0 34
0 31
0 29
0 28
0 38
0 44
0 39
0 34
0 34
0 33
0 34
0 29
0 34
0 33
0 35
0 33
0 34
0 33
0 38
0 38
0 37
0 30
0 28
0 38
0 37
0 38
0 85
0 84
0 50
0 33
0 34
0 30
0 35
0 28
0 28
0 29
0 38
0 39
0 38
0 38
0 37
0 29
0 29
0 33
0 34
0 35
0 33
0 34
0 34
0 34
0 33
0 86
0 29
0 30
0 28
0 29
0 29
0 40
0 38
0 37
0 38
0 30
0 29
0 37
0 69
0 29
0 28
0 29
0 29
0 51
0 37
0 30
0 28
0 29
0 40
0 38
0 37
0 37
0 34
0 34
0 44
0 29
0 30
0 29
0 28
0 35
0 34
0 35
0 35
0 48
0 33
0 30
0 28
0 29
0 46
0 38
0 30
0 29
0 28
0 29
0 38
0 29
0 28
0 29
0 29
0 35
0 35
0 34
0 35
0 34
0 34
0 40
0 43
0 30
0 39
0 40
0 41
0 58
0 29
0 39
0 45
0 31
0 29
0 28
0 28
0 29
0 36
0 35
0 36
0 34
0 34
0 30
0 37
0 39
0 39
0 30
0 39
0 28
0 39
0 38
0 29
0 43
0 42
0 58
0 56
0 29
0 29
0 29
0 29
0 35
0 36
0 30
0 30
0 29
0 39
0 38
0 38
0 38
0 34
0 34
0 34
0 30
0 34
0 35
0 34
0 36
0 36
0 34
0 34
0 34
0 35
0 30
0 30
0 29
0 35
0 35
0 35
0 34
0 33
0 33
0 34
0 30
0 30
0 29
0 36
0 34
0 44
0 35
0 69
0 35
0 35
0 30
0 29
0 29
0 59
0 57
0 29
0 28
0 29
0 30
0 28
0 29
0 36
0 30
0 29
0 29
0 35
0 34
0 35
0 35
0 35
0 29
0 30
0 31
0 29
0 38
0 39
0 37
0 40
0 39
0 36
0 30
0 30
0 28
0 28
0 36
0 34
0 35
0 34
0 34
0 34
0 30
0 29
0 29
0 29
0 28
0 39
0 35
0 35
0 34
0 34
0 30
0 29
0 29
0 28
0 29
0 29
0 38
0 39
0 39
0 39
0 36
0 30
0 29
0 29
0 42
0 38
0 39
0 39
0 38
0 37
0 30
0 35
0 34
0 34
0 35
0 35
0 34
0 34
0 33
0 36
0 31
0 30
0 35
0 35
0 36
0 35
0 35
0 35
0 35
0 35
0 31
0 31
0 29
0 29
0 39
0 39
0 39
0 38
0 38
0 36
0 29
0 29
0 39
0 39
0 39
0 39
0 51
0 42
0 42
0 41
0 43
0 44
0 51
0 50
0 34
0 35
0 35
0 35
0 35
0 35
0 30
0 30
0 29
0 35
0 35
0 117
0 40
0 39
0 40
0 40
0 31
0 46
0 49
0 35
0 31
0 29
0 30
0 29
0 29
0 29
0 30
0 30
0 30
0 30
0 39
0 39
0 98
0 30
0 30
0 30
0 30
0 29
0 30
0 39
0 39
0 38
0 35
0 35
0 35
0 35
0 30
0 36
0 35
0 36
0 41
0 40
0 38
0 38
0 39
0 39
0 32
0 31
0 36
0 37
0 36
0 36
0 37
0 36
0 36
0 37
0 31
0 31
0 31
0 41
0 42
0 41
0 39
0 40
0 41
0 38
0 32
0 38
0 37
0 37
0 37
0 37
0 37
0 42
0 41
0 74
0 33
0 32
0 43
0 43
0 44
0 38
0 38
0 38
0 37
0 37
0 33
0 32
0 32
0 39
0 38
0 39
0 43
0 42
0 42
0 38
0 32
0 38
0 38
0 38
0 42
0 41
0 41
0 37
0 37
0 37
0 33
0 31
0 38
0 39
0 39
0 38
0 38
0 38
0 38
0 38
0 40
0 32
0 33
0 31
0 48
0 62
0 32
0 33
0 32
0 32
0 34
0 38
0 37
0 39
0 44
0 42
0 42
0 39
0 39
0 39
0 34
0 32
0 38
0 38
0 39
0 38
0 39
0 37
0 39
0 37
0 33
0 32
0 32
0 44
0 44
0 43
0 43
0 42
0 42
0 44
0 33
0 39
0 39
0 39
0 44
0 58
0 44
0 34
0 47
0 45
0 46
0 33
0 44
0 32
0 32
0 33
0 39
0 39
0 40
0 39
0 34
0 33
0 33
0 39
0 66
0 44
0 86
0 44
0 53
0 32
0 33
0 44
0 56
0 52
0 52
0 34
0 49
0 34
0 32
0 32
0 35
0 39
0 40
0 39
0 40
0 39
0 39
0 39
0 39
0 38
0 33
0 33
0 38
0 40
0 39
0 79
0 38
0 40
0 39
0 55
0 33
0 33
0 33
0 39
0 39
0 40
0 80
0 33
0 129
0 102
0 34
0 32
0 43
0 44
0 43
0 40
0 39
0 39
0 40
0 39
0 35
0 33
0 33
0 46
0 44
0 45
0 44
0 44
0 44
0 45
0 34
0 41
0 39
0 40
0 43
0 44
0 43
0 79
0 34
0 34
0 34
0 40
0 40
0 41
0 41
0 39
0 39
0 40
0 39
0 39
0 35
0 34
0 33
0 33
0 33
0 45
0 46
0 46
0 44
0 40
0 37
0 37
0 34
0 35
0 42
0 41
0 42
0 41
0 41
0 42
0 143
0 34
0 35
0 71
0 71
0 44
0 43
0 41
0 47
0 46
0 37
0 34
0 35
0 34
0 35
0 35
0 50
0 47
0 45
0 48
0 35
0 35
0 36
0 35
0 46
0 47
0 47
0 41
0 47
0 47
0 42
0 35
0 48
0 49
0 47
0 61
0 44
0 42
0 42
0 42
0 36
0 35
0 36
0 47
0 74
0 49
0 36
0 48
0 51
0 36
0 74
0 47
0 63
0 36
0 35
0 36
0 44
0 43
0 42
0 42
0 37
0 36
0 43
0 43
0 43
0 45
0 44
0 49
0 49
0 37
0 38
0 58
0 56
0 103
0 44
0 44
0 44
0 44
0 44
0 43
0 38
0 38
0 38
0 37
0 45
0 45
0 73
0 66
0 58
0 61
0 79
0 55
0 90
0 55
0 58
0 53
0 62
0 43
0 117
0 41
0 55
0 92
0 51
0 51
0 50
0 80
0 49
0 66
0 72
0 47
0 58
0 39
0 54
0 46
0 47
0 46
0 45
0 48
0 48
0 60
0 40
0 41
0 44
0 39
0 40
0 49
0 46
0 46
0 46
0 45
0 41
0 39
0 39
0 52
0 56
0 47
0 48
0 47
0 45
0 47
0 40
0 39
0 41
0 48
0 47
0 122
0 121
0 39
0 81
0 94
0 41
0 45
0 96
0 69
0 67
0 66
0 66
0 39
0 39
0 39
0 41
0 67
0 163
0 120
0 121
0 39
0 39
0 39
0 119
0 120
0 41
0 40
0 41
0 40
0 55
0 52
0 52
0 53
0 47
0 49
0 40
0 120
0 61
0 61
0 42
0 40
0 39
0 119
0 40
0 43
0 50
0 48
0 155
0 99
0 42
0 65
0 58
0 70
0 54
0 41
0 42
0 42
0 43
0 41
0 42
0 49
0 48
0 48
0 49
0 54
0 58
0 58
0 57
0 42
0 42
0 63
0 41
0 83
0 59
0 62
0 63
0 62
0 42
0 99
0 55
0 54
0 59
0 63
0 55
0 57
0 41
0 56
0 57
0 58
0 65
0 51
0 41
0 50
0 63
0 55
0 42
0 41
0 41
0 42
0 42
0 56
0 55
0 57
0 50
0 50
0 42
0 41
0 42
0 55
0 55
0 54
0 42
0 41
0 41
0 55
0 42
0 50
0 50
0 49
0 50
0 49
0 51
0 50
0 50
0 50
0 42
0 42
0 54
0 54
0 55
0 49
0 49
0 51
0 128
0 43
0 43
0 46
0 216
0 64
0 78
0 58
0 62
0 64
0 57
0 59
0 126
0 44
0 43
0 42
0 41
0 51
0 51
0 50
0 51
0 50
0 43
0 42
0 73
0 72
0 131
0 42
0 43
0 67
0 63
0 59
0 46
0 57
0 69
0 52
0 87
0 46
0 132
0 53
0 45
0 104
0 114
0 62
0 43
0 60
0 43
0 60
0 43
0 44
0 86
0 62
0 44
0 44
0 43
0 133
0 59
0 133
0 92
0 66
0 65
0 65
0 45
0 44
0 44
0 53
0 54
0 51
0 52
0 52
0 145
0 52
0 45
0 45
0 53
0 52
0 89
0 89
0 44
0 44
0 44
0 44
0 45
0 44
0 53
0 53
0 52
0 52
0 53
0 53
0 52
0 68
0 45
0 44
0 44
0 45
0 44
0 46
0 56
0 54
0 54
0 52
0 48
0 46
0 46
0 46
0 57
0 56
0 56
0 56
0 57
0 56
0 49
0 48
0 48
0 58
0 58
0 57
0 58
0 58
0 58
0 57
0 51
0 59
0 61
0 59
0 61
0 58
0 59
0 59
0 57
0 58
0 53
0 51
0 61
0 62
0 61
0 63
0 70
0 62
0 62
0 60
0 56
0 54
0 54
0 54
0 65
0 65
0 65
0 65
0 64
0 64
0 59
0 58
0 57
0 78
0 78
0 79
0 59
0 74
0 79
0 78
0 180
0 61
0 62
0 61
0 60
0 72
0 85
0 85
0 84
0 85
0 70
0 68
0 68
0 90
0 92
0 98
0 92
0 81
0 81
0 80
0 75
0 74
0 73
0 73
0 96
0 95
0 96
0 86
0 87
0 87
0 77
0 76
0 92
0 92
0 92
0 93
0 92
0 91
0 91
0 91
0 82
0 114
0 114
0 137
0 242
0 109
0 164
0 162
0 104
0 81
0 85
0 85
0 85
0 85
0 83
0 112
0 134
0 116
0 85
0 116
0 93
0 132
0 144
0 88
0 86
0 85
0 86
0 88
0 86
0 86
0 90
0 134
0 133
0 131
0 89
0 89
0 88
0 89
0 106
0 108
0 98
0 132
0 93
0 93
0 93
0 93
0 133
0 134
0 296
0 201
0 232
0 129
0 128
0 165
0 165
0 117
0 114
0 115
0 116
0 116
0 115
0 115
0 114
0 116
0 153
0 154
0 138
0 139
0 138
0 154
0 122
0 144
0 144
0 144
0 161
0 160
0 161
0 144
0 145
0 145
0 129
0 221
0 221
0 171
0 169
0 170
0 169
0 168
0 170
0 153
0 131
0 128
0 131
0 129
0 129
0 156
0 155
0 155
0 177
0 167
0 134
0 132
0 178
0 176
0 186
0 570
0 134
0 196
0 135
0 192
0 208
0 143
0 203
0 159
0 202
0 142
0 214
0 198
0 137
0 214
0 206
0 200
0 148
0 199
0 204
0 149
0 168
0 336
0 166
0 332
0 164
0 145
0 163
0 174
0 172
0 175
0 173
0 171
0 173
0 170
0 151
0 152
0 148
0 150
0 153
0 180
0 181
0 181
0 182
0 180
0 163
0 164
0 162
0 161
0 196
0 196
0 197
0 199
0 196
0 195
0 176
0 176
0 175
0 207
0 214
0 208
0 174
0 174
0 191
0 178
0 188
0 184
0 184
0 255
0 269
0 253
0 249
0 263
0 198
0 277
0 662
0 203
0 202
0 205
0 243
0 266
0 245
0 272
0 261
0 552
0 346
0 300
0 347
0 253
0 346
0 346
0 266
0 368
0 268
0 333
0 896
0 893
0 372
0 371
0 370
0 391
0 374
0 396
0 371
0 369
0 403
0 480
0 482
0 481
0 478
0 483
0 480
0 405
0 400
0 399
0 447
0 443
0 435
0 642
0 1328
0 1024
0 1030
0 430
0 426
0 426
0 503
0 505
0 603
0 611
0 661
0 601
0 605
0 601
0 604
0 606
0 601
0 500
0 497
0 1537
0 1506
0 1499
0 496
0 497
0 607
0 601
1 475
1 474
1 626
1 637
1 576
1 569
1 591
1 574
1 568
1 570
1 682
1 464
1 700
1 468
1 467
1 675
1 693
1 490
1 677
1 464
1 453
1 666
1 462
1 661
1 462
1 651
1 691
1 648
1 673
1 1357
1 440
1 441
1 441
1 442
1 1050
1 1367
1 443
1 442
1 527
1 568
1 441
1 435
1 437
1 437
1 1044
1 437
1 437
1 436
1 436
1 572
1 427
1 448
1 428
1 429
1 535
1 519
1 508
1 520
1 572
1 566
1 421
1 420
1 424
1 421
1 557
1 562
1 581
1 503
1 581
1 587
1 428
1 427
1 611
1 619
1 417
1 608
1 416
1 614
1 439
1 636
1 608
1 605
1 619
1 423
1 607
1 614
1 419
1 589
1 415
1 672
1 1717
1 577
1 404
1 584
1 410
1 570
1 403
1 609
1 551
1 455
1 449
1 399
1 479
1 484
1 481
1 482
1 480
1 535
1 534
1 512
1 400
1 415
1 398
1 513
1 1187
1 481
1 978
1 392
1 399
1 568
1 388
1 1202
1 388
1 392
1 517
1 517
1 425
1 389
1 387
1 474
1 390
1 496
1 458
1 457
1 492
1 465
1 386
1 389
1 382
1 510
1 385
1 403
1 381
1 521
1 506
1 538
1 515
1 459
1 496
1 504
1 380
1 376
1 379
1 459
1 405
1 379
1 376
1 455
1 450
1 450
1 392
1 455
1 453
1 452
1 498
1 506
1 456
1 451
1 453
1 464
1 379
1 374
1 374
1 400
1 457
1 447
1 449
1 449
1 451
1 384
1 455
1 1127
1 379
1 372
1 375
1 377
1 646
1 520
1 447
1 446
1 383
1 400
1 445
1 444
1 499
1 507
1 451
1 453
1 443
1 453
1 371
1 373
1 372
1 371
1 448
1 440
1 440
1 443
1 444
1 441
1 382
1 367
1 413
1 1107
1 445
1 882
1 373
1 368
1 365
1 489
1 396
1 367
1 365
1 363
1 442
1 435
1 436
1 437
1 436
1 365
1 366
1 545
1 367
1 544
1 665
1 536
1 536
1 364
1 369
1 1098
1 365
1 366
1 1108
1 362
1 1086
1 364
1 361
1 435
1 433
1 513
1 550
1 509
1 376
1 438
1 432
1 428
1 490
1 476
1 515
1 379
1 359
1 359
1 363
1 363
1 430
1 437
1 437
1 429
1 1090
1 727
1 361
1 356
1 361
1 378
1 362
1 358
1 356
1 356
1 434
1 433
1 359
1 356
1 430
1 434
1 442
1 423
1 425
1 473
1 473
1 361
1 356
1 353
1 427
1 438
1 425
1 424
1 425
1 424
1 444
1 427
1 357
1 358
1 355
1 354
1 428
1 424
1 450
1 420
1 418
1 420
1 351
1 418
1 419
1 420
1 355
1 350
1 378
1 422
1 416
1 418
1 350
1 417
1 416
1 420
1 352
1 347
1 348
1 425
1 461
1 419
1 346
1 414
1 416
1 416
1 422
1 418
1 419
1 422
1 415
1 415
1 353
1 345
1 348
1 352
1 415
1 457
1 415
1 414
1 410
1 414
1 363
1 365
1 347
1 460
1 461
1 463
1 416
1 415
1 412
1 411
1 346
1 341
1 345
1 409
1 424
1 413
1 408
1 413
1 409
1 409
1 341
1 346
1 337
1 408
1 411
1 413
1 355
1 340
1 409
1 411
1 346
1 340
1 337
1 405
1 406
1 406
1 410
1 407
1 406
1 361
1 338
1 404
1 410
1 407
1 1450
1 337
1 498
1 499
1 495
1 493
1 815
1 574
1 572
1 335
1 339
1 337
1 399
1 401
1 1081
1 487
1 488
1 348
1 491
1 433
1 334
1 575
1 579
1 334
1 336
1 337
1 333
1 333
1 399
1 397
1 399
1 330
1 333
1 331
1 435
1 404
1 336
1 331
1 397
1 396
1 397
1 399
1 411
1 1052
1 501
1 802
1 332
1 329
1 400
1 395
1 402
1 331
1 339
1 330
1 395
1 399
1 348
1 328
1 396
1 394
1 398
1 404
1 419
1 398
1 395
1 395
1 330
1 328
1 396
1 396
1 333
1 331
1 329
1 400
1 396
1 395
1 468
1 331
1 412
1 396
1 399
1 394
1 395
1 395
1 422
1 399
1 329
1 402
1 392
1 392
1 395
1 395
1 337
1 329
1 334
1 397
1 336
1 327
1 338
1 327
1 394
1 391
1 390
1 440
1 391
1 381
1 331
1 327
1 391
1 391
1 391
1 396
1 387
1 391
1 395
1 390
1 1046
1 325
1 325
1 329
1 390
1 394
1 396
1 394
1 393
1 390
1 326
1 328
1 394
1 399
1 393
1 341
1 335
1 384
1 390
1 392
1 323
1 324
1 388
1 386
1 387
1 329
1 324
1 369
1 395
1 386
1 322
1 324
1 326
1 325
1 432
1 430
1 429
1 398
1 408
1 388
1 476
1 332
1 475
1 474
1 322
1 494
1 329
1 453
1 915
1 321
1 321
1 323
1 325
1 388
1 387
1 385
1 385
1 324
1 319
1 429
1 465
1 320
1 460
1 460
1 339
1 497
1 672
1 391
1 491
1 487
1 320
1 321
1 383
1 387
1 383
1 318
1 319
1 319
1 404
1 386
1 322
1 393
1 380
1 385
1 380
1 380
1 389
1 383
1 381
1 383
1 322
1 319
1 380
1 391
1 413
1 339
1 333
1 399
1 381
1 382
1 328
1 319
1 382
1 382
1 380
1 319
1 322
1 319
1 405
1 391
1 317
1 316
1 381
1 395
1 379
1 379
1 382
1 379
1 383
1 384
1 317
1 313
1 376
1 380
1 392
1 327
1 323
1 368
1 378
1 384
1 314
1 316
1 1175
1 318
1 314
1 318
1 379
1 382
1 381
1 401
1 319
1 318
1 316
1 423
1 419
1 431
1 380
1 376
1 378
1 399
1 370
1 320
1 378
1 382
1 379
1 420
1 497
1 483
1 548
1 423
1 314
1 317
1 315
1 312
1 320
1 391
1 422
1 417
1 418
1 429
1 313
1 309
1 308
1 313
1 415
1 418
1 414
1 411
1 372
1 380
1 308
1 331
1 309
1 308
1 312
1 314
1 313
1 307
1 308
1 358
1 311
1 310
1 307
1 311
1 306
1 306
1 433
1 413
1 408
1 407
1 314
1 309
1 306
1 393
1 1384
1 462
1 465
1 309
1 460
1 452
1 615
1 548
1 524
1 304
1 306
1 308
1 311
1 330
1 320
1 307
1 307
1 318
1 303
1 346
1 306
1 369
1 450
1 309
1 446
1 308
1 443
1 321
1 310
1 411
1 556
1 631
1 311
1 307
1 319
1 309
1 316
1 323
1 327
1 306
1 310
1 309
1 309
1 309
1 306
1 307
1 309
1 367
1 371
1 375
1 976
1 306
1 309
1 306
1 307
1 388
1 307
1 308
1 304
1 307
1 307
1 311
1 308
1 321
1 305
1 308
1 308
1 305
1 305
1 309
1 309
1 336
1 367
1 371
1 370
1 376
1 906
1 303
1 312
1 303
1 364
1 362
1 359
1 365
1 359
1 357
1 303
1 298
1 407
1 401
1 387
1 942
1 299
1 300
1 299
1 297
1 297
1 301
1 299
1 304
1 300
1 299
1 305
1 300
1 300
1 303
1 305
1 363
1 358
1 362
1 305
1 300
1 300
1 383
1 361
1 364
1 301
1 298
1 301
1 302
1 377
1 356
1 371
1 363
1 361
1 366
1 303
1 360
1 360
1 363
1 360
1 363
1 361
1 299
1 297
1 300
1 300
1 304
1 362
1 359
1 357
1 358
1 360
1 358
1 363
1 365
1 298
1 357
1 362
1 355
1 350
1 358
1 971
1 449
1 600
1 596
1 305
1 298
1 358
1 362
1 357
1 310
1 308
1 331
1 360
1 353
1 298
1 298
1 362
1 359
1 358
1 358
1 457
1 447
1 398
1 458
1 300
1 297
1 299
1 296
1 294
1 298
1 296
1 357
1 369
1 362
1 298
1 901
1 413
1 732
1 298
1 434
1 296
1 439
1 305
1 436
1 298
1 576
1 604
1 592
1 406
1 508
1 900
1 301
1 303
1 356
1 304
1 366
1 355
1 361
1 393
1 429
1 361
1 390
1 361
1 386
1 298
1 325
1 299
1 358
1 354
1 357
1 357
1 362
1 360
1 362
1 901
1 841
1 890
1 313
1 297
1 309
1 397
1 400
1 394
1 423
1 301
1 295
1 393
1 401
1 400
1 299
1 317
1 359
1 402
1 397
1 296
1 296
1 384
1 359
1 401
1 397
1 392
1 311
1 307
1 384
1 297
1 359
1 357
1 360
1 364
1 356
1 359
1 360
1 364
1 353
1 884
1 302
1 442
1 364
1 381
1 360
1 358
1 358
1 356
1 351
1 303
1 896
1 297
1 305
1 301
1 393
1 371
1 296
1 303
1 292
1 300
1 298
1 300
1 295
1 314
1 294
1 299
1 297
1 297
1 380
1 296
1 355
1 1268
1 432
1 888
1 295
1 298
1 299
1 298
1 303
1 297
1 296
1 297
1 294
1 295
1 296
1 295
1 356
1 358
1 355
1 293
1 297
1 295
1 391
1 393
1 354
1 353
1 356
1 398
1 418
1 294
1 298
1 399
1 393
1 398
1 295
1 293
1 291
1 528
1 436
1 295
1 293
1 444
1 405
1 707
1 297
1 299
1 298
1 294
1 308
1 295
1 299
1 292
1 298
1 867
1 292
1 439
1 293
1 436
1 437
1 392
1 293
1 427
1 590
1 586
1 317
1 291
1 294
1 296
1 291
1 296
1 294
1 293
1 352
1 353
1 351
1 353
1 296
1 292
1 293
1 885
1 294
1 391
1 396
1 407
1 355
1 349
1 349
1 349
1 351
1 292
1 290
1 371
1 463
1 388
1 389
1 352
1 350
1 350
1 349
1 293
1 351
1 349
1 351
1 356
1 349
1 354
1 394
1 376
1 350
1 294
1 329
1 317
1 338
1 356
1 351
1 353
1 351
1 348
1 350
1 294
1 290
1 293
1 291
1 369
1 353
1 357
1 355
1 348
1 356
1 291
1 289
1 293
1 299
1 349
1 395
1 353
1 359
1 350
1 427
1 294
1 292
1 290
1 350
1 355
1 364
1 350
1 347
1 349
1 346
1 292
1 289
1 290
1 363
1 353
1 391
1 385
1 389
1 362
1 351
1 910
1 291
1 291
1 291
1 347
1 347
1 354
1 348
1 346
1 348
1 292
1 357
1 351
1 345
1 388
1 386
1 561
1 441
1 577
1 584
1 295
1 290
1 386
1 390
1 390
1 289
1 294
1 297
1 390
1 384
1 288
1 290
1 698
1 446
1 523
1 290
1 440
1 308
1 439
1 314
1 591
1 605
1 321
1 293
1 290
1 355
1 347
1 346
1 287
1 289
1 432
1 440
1 326
1 428
1 514
1 468
1 390
1 344
1 343
1 344
1 286
1 286
1 286
1 292
1 346
1 346
1 587
1 588
1 292
1 299
1 333
1 297
1 351
1 342
1 349
1 337
1 338
1 337
1 337
1 338
1 282
1 280
1 375
1 387
1 345
1 342
1 337
1 337
1 337
1 336
1 934
1 485
1 485
1 481
1 282
1 285
1 282
1 338
1 337
1 339
1 283
1 282
1 370
1 378
1 402
1 297
1 298
1 365
1 336
1 336
1 283
1 282
1 335
1 335
1 339
1 341
1 339
1 351
1 335
1 335
1 291
1 286
1 347
1 335
1 338
1 337
1 337
1 373
1 372
1 394
1 852
1 285
1 337
1 342
1 348
1 353
1 347
1 853
1 471
1 562
1 282
1 289
1 281
1 285
1 281
1 286
1 349
1 339
1 382
1 371
1 284
1 293
1 348
1 383
1 372
1 378
1 398
1 336
1 335
1 336
1 282
1 286
1 278
1 278
1 281
1 280
1 278
1 361
1 373
1 375
1 280
1 279
1 349
1 566
1 862
1 280
1 278
1 279
1 371
1 373
1 281
1 278
1 384
1 381
1 370
1 386
1 334
1 332
1 334
1 335
1 283
1 283
1 341
1 336
1 505
1 559
1 424
1 434
1 288
1 432
1 836
1 279
1 280
1 279
1 282
1 280
1 276
1 286
1 376
1 342
1 277
1 418
1 277
1 417
1 422
1 452
1 583
1 393
1 449
1 275
1 278
1 276
1 276
1 278
1 276
1 280
1 850
1 368
1 379
1 278
1 275
1 275
1 278
1 286
1 276
1 274
1 284
1 283
1 275
1 330
1 274
1 281
1 278
1 274
1 335
1 328
1 334
1 330
1 329
1 329
1 277
1 290
1 280
1 277
1 330
1 329
1 332
1 334
1 330
1 346
1 276
1 276
1 273
1 279
1 329
1 336
1 328
1 328
1 332
1 340
1 270
1 325
1 320
1 320
1 323
1 323
1 334
1 279
1 830
1 803
1 280
1 321
1 319
1 323
1 322
1 337
1 321
1 273
1 269
1 298
1 270
1 268
1 329
1 325
1 331
1 328
1 322
1 320
1 333
1 321
1 284
1 323
1 322
1 322
1 319
1 335
1 320
1 269
1 642
1 845
1 278
1 274
1 267
1 319
1 340
1 320
1 321
1 325
1 319
1 321
1 269
1 267
1 266
1 319
1 325
1 328
1 322
1 343
1 369
1 322
1 268
1 268
1 271
1 322
1 323
1 327
1 320
1 329
1 320
1 266
1 270
1 320
1 325
1 332
1 322
1 323
1 343
1 320
1 324
1 321
1 277
1 267
1 267
1 267
1 799
1 816
1 803
1 269
1 422
1 426
1 431
1 268
1 267
1 467
1 272
1 355
1 354
1 368
1 822
1 466
1 268
1 267
1 267
1 269
1 327
1 321
1 321
1 402
1 268
1 494
1 453
1 273
1 479
1 399
1 357
1 369
1 266
1 278
1 268
1 272
1 267
1 267
1 264
1 332
1 321
1 277
1 266
1 266
1 266
1 318
1 265
1 272
1 266
1 265
1 320
1 319
1 320
1 317
1 319
1 322
1 273
1 268
1 318
1 317
1 332
1 276
1 282
1 328
1 319
1 323
1 266
1 269
1 353
1 353
1 360
1 329
1 318
1 318
1 328
1 316
1 268
1 265
1 318
1 338
1 318
1 320
1 333
1 320
1 317
1 317
1 265
1 265
1 328
1 319
1 317
1 317
1 345
1 320
1 318
1 316
1 267
1 266
1 320
1 332
1 265
1 264
1 266
1 318
1 318
1 316
1 266
1 265
1 318
1 325
1 327
1 327
1 316
1 327
1 317
1 318
1 265
1 262
1 315
1 316
1 319
1 319
1 349
1 316
1 316
1 315
1 265
1 264
1 359
1 352
1 319
1 318
1 316
1 337
1 331
1 317
1 263
1 262
1 315
1 314
1 316
1 319
1 336
1 326
1 316
1 317
1 263
1 262
1 350
1 350
1 359
1 316
1 315
1 321
1 316
1 314
1 266
1 262
1 316
1 327
1 317
1 319
1 316
1 314
1 315
1 315
1 262
1 262
1 321
1 316
1 314
1 318
1 314
1 313
1 501
1 415
1 265
1 423
1 410
1 397
1 263
1 353
1 522
1 302
1 261
1 271
1 273
1 268
1 839
1 631
1 395
1 395
1 262
1 262
1 262
1 1240
1 409
1 408
1 440
1 275
1 274
1 262
1 261
1 350
1 372
1 349
1 266
1 267
1 319
1 314
1 348
1 349
1 347
1 348
1 315
1 811
1 270
1 317
1 263
1 269
1 351
1 359
1 261
1 262
1 262
1 320
1 264
1 829
1 261
1 261
1 291
1 261
1 262
1 261
1 261
1 323
1 261
1 260
1 283
1 260
1 261
1 261
1 260
1 262
1 313
1 325
1 260
1 260
1 261
1 259
1 348
1 344
1 348
1 347
1 312
1 311
1 260
1 260
1 260
1 273
1 261
1 272
1 260
1 259
1 265
1 306
1 260
1 331
1 310
1 309
1 321
1 312
1 310
1 326
1 311
1 316
1 272
1 262
1 262
1 270
1 272
1 261
1 262
1 263
1 311
1 317
1 262
1 313
1 314
1 322
1 347
1 349
1 315
1 313
1 314
1 315
1 263
1 315
1 313
1 312
1 784
1 785
1 262
1 261
1 278
1 349
1 262
1 261
1 262
1 259
1 311
1 335
1 325
1 312
1 314
1 312
1 270
1 311
1 309
1 311
1 331
1 322
1 346
1 344
1 348
1 351
1 780
1 259
1 302
1 258
1 312
1 311
1 260
1 261
1 419
1 538
1 269
1 418
1 344
1 456
1 259
1 260
1 260
1 528
1 514
1 259
1 320
1 257
1 258
1 264
1 324
1 314
1 331
1 310
1 310
1 308
1 417
1 259
1 404
1 259
1 445
1 456
1 296
1 522
1 621
1 259
1 866
1 258
1 261
1 270
1 260
1 257
1 259
1 257
1 308
1 313
1 266
1 265
1 341
1 340
1 389
1 321
1 327
1 304
1 306
1 311
