0 108
0 45
0 45
0 44
0 43
0 44
0 44
0 45
0 44
0 52
0 45
0 53
0 54
0 135
0 176
0 44
0 43
0 54
0 67
0 54
0 46
0 55
0 52
0 45
0 167
0 135
0 44
0 44
0 53
0 53
0 46
0 45
0 45
0 46
0 44
0 60
0 53
0 45
0 45
0 44
0 47
0 55
0 54
0 52
0 54
0 53
0 54
0 53
0 45
0 45
0 45
0 45
0 44
0 54
0 53
0 54
0 52
0 44
0 45
0 44
0 46
0 64
0 53
0 53
0 54
0 54
0 53
0 54
0 54
0 54
0 47
0 44
0 132
0 135
0 44
0 45
0 45
0 54
0 45
0 59
0 136
0 45
0 91
0 88
0 45
0 48
0 60
0 47
0 67
0 54
0 136
0 44
0 45
0 44
0 46
0 60
0 58
0 44
0 45
0 45
0 94
0 86
0 104
0 60
0 89
0 60
0 71
0 106
0 121
0 51
0 45
0 44
0 44
0 45
0 46
0 44
0 54
0 60
0 80
0 53
0 46
0 44
0 44
0 45
0 45
0 44
0 53
0 55
0 44
0 46
0 46
0 136
0 54
0 53
0 53
0 54
0 54
0 52
0 54
0 46
0 46
0 54
0 54
0 46
0 46
0 44
0 54
0 54
0 54
0 54
0 45
0 44
0 53
0 55
0 46
0 46
0 45
0 45
0 45
0 45
0 45
0 46
0 46
0 47
0 54
0 60
0 61
0 54
0 54
0 54
0 48
0 46
0 46
0 75
0 59
0 55
0 53
0 55
0 54
0 53
0 46
0 61
0 60
0 53
0 134
0 60
0 59
0 45
0 45
0 45
0 46
0 45
0 45
0 46
0 44
0 54
0 54
0 46
0 45
0 44
0 45
0 44
0 54
0 54
0 53
0 54
0 45
0 45
0 45
0 45
0 46
0 46
0 45
0 54
0 54
0 45
0 44
0 44
0 53
0 55
0 62
0 46
0 68
0 45
0 68
0 89
0 62
0 47
0 46
0 133
0 47
0 45
0 55
0 54
0 45
0 44
0 45
0 53
0 54
0 45
0 46
0 89
0 60
0 45
0 61
0 51
0 49
0 54
0 46
0 45
0 46
0 46
0 44
0 45
0 55
0 53
0 46
0 46
0 44
0 56
0 45
0 45
0 54
0 54
0 54
0 54
0 53
0 54
0 54
0 60
0 46
0 46
0 45
0 60
0 60
0 54
0 55
0 54
0 61
0 46
0 46
0 54
0 54
0 55
0 46
0 44
0 61
0 61
0 54
0 54
0 46
0 45
0 61
0 60
0 46
0 45
0 61
0 60
0 54
0 67
0 46
0 46
0 60
0 60
0 54
0 54
0 54
0 54
0 53
0 54
0 47
0 46
0 60
0 60
0 54
0 54
0 54
0 61
0 55
0 54
0 47
0 46
0 59
0 60
0 54
0 54
0 55
0 55
0 55
0 54
0 46
0 45
0 60
0 61
0 54
0 54
0 54
0 54
0 54
0 54
0 45
0 46
0 54
0 54
0 55
0 56
0 54
0 55
0 54
0 54
0 46
0 45
0 46
0 54
0 55
0 45
0 45
0 45
0 44
0 54
0 45
0 55
0 56
0 46
0 63
0 45
0 63
0 62
0 169
0 46
0 63
0 139
0 46
0 46
0 45
0 54
0 54
0 46
0 47
0 46
0 47
0 45
0 53
0 55
0 45
0 44
0 46
0 45
0 62
0 45
0 70
0 51
0 69
0 142
0 122
0 47
0 46
0 45
0 46
0 45
0 47
0 44
0 45
0 46
0 45
0 46
0 46
0 45
0 45
0 45
0 46
0 46
0 46
0 46
0 45
0 45
0 45
0 45
0 47
0 45
0 46
0 46
0 46
0 46
0 46
0 46
0 45
0 45
0 46
0 45
0 48
0 46
0 45
0 45
0 46
0 46
0 46
0 45
0 45
0 58
0 48
0 46
0 45
0 54
0 55
0 48
0 45
0 45
0 45
0 46
0 47
0 55
0 55
0 55
0 54
0 56
0 55
0 56
0 45
0 46
0 46
0 46
0 140
0 55
0 139
0 46
0 45
0 137
0 138
0 45
0 48
0 149
0 78
0 46
0 47
0 45
0 48
0 45
0 46
0 45
0 46
0 45
0 46
0 56
0 54
0 46
0 46
0 45
0 54
0 55
0 46
0 46
0 54
0 55
0 45
0 46
0 46
0 54
0 56
0 110
0 45
0 47
0 46
0 56
0 55
0 47
0 46
0 45
0 55
0 77
0 64
0 62
0 140
0 69
0 69
0 68
0 46
0 63
0 63
0 61
0 46
0 46
0 45
0 45
0 45
0 54
0 63
0 46
0 45
0 45
0 47
0 61
0 61
0 46
0 73
0 71
0 52
0 46
0 46
0 114
0 46
0 47
0 46
0 46
0 47
0 62
0 61
0 55
0 54
0 46
0 47
0 55
0 54
0 56
0 54
0 56
0 55
0 56
0 55
0 55
0 47
0 55
0 55
0 55
0 55
0 55
0 55
0 57
0 61
0 62
0 47
0 58
0 55
0 55
0 55
0 55
0 63
0 61
0 46
0 46
0 49
0 56
0 55
0 56
0 55
0 56
0 61
0 62
0 54
0 56
0 47
0 46
0 56
0 57
0 61
0 61
0 55
0 57
0 55
0 56
0 47
0 46
0 62
0 62
0 55
0 57
0 55
0 56
0 56
0 56
0 48
0 48
0 64
0 63
0 56
0 57
0 58
0 57
0 56
0 56
0 49
0 47
0 56
0 56
0 56
0 57
0 47
0 47
0 47
0 62
0 48
0 48
0 48
0 64
0 64
0 58
0 57
0 57
0 56
0 57
0 49
0 57
0 56
0 57
0 56
0 57
0 57
0 57
0 58
0 57
0 67
0 47
0 65
0 142
0 47
0 81
0 57
0 58
0 66
0 50
0 96
0 95
0 48
0 47
0 48
0 50
0 48
0 48
0 47
0 49
0 49
0 62
0 63
0 47
0 63
0 64
0 50
0 72
0 113
0 68
0 48
0 48
0 56
0 58
0 56
0 57
0 56
0 58
0 58
0 57
0 49
0 49
0 49
0 67
0 65
0 59
0 58
0 49
0 48
0 47
0 50
0 58
0 58
0 58
0 59
0 58
0 64
0 65
0 58
0 59
0 177
0 49
0 50
0 48
0 49
0 48
0 50
0 49
0 49
0 49
0 50
0 49
0 49
0 59
0 58
0 59
0 49
0 50
0 49
0 49
0 49
0 58
0 50
0 59
0 58
0 48
0 48
0 48
0 58
0 59
0 49
0 49
0 58
0 59
0 49
0 50
0 49
0 66
0 65
0 59
0 50
0 49
0 49
0 59
0 60
0 60
0 59
0 60
0 58
0 60
0 51
0 59
0 59
0 61
0 60
0 60
0 59
0 60
0 49
0 49
0 51
0 60
0 51
0 50
0 50
0 49
0 50
0 48
0 49
0 48
0 50
0 52
0 50
0 48
0 49
0 49
0 49
0 49
0 49
0 50
0 53
0 75
0 69
0 50
0 68
0 69
0 49
0 149
0 51
0 49
0 52
0 61
0 59
0 50
0 50
0 49
0 60
0 59
0 111
0 51
0 52
0 50
0 50
0 67
0 50
0 66
0 51
0 65
0 56
0 75
0 151
0 100
0 60
0 61
0 50
0 49
0 49
0 178
0 152
0 50
0 51
0 50
0 50
0 49
0 50
0 49
0 66
0 69
0 59
0 60
0 51
0 50
0 66
0 68
0 59
0 60
0 60
0 60
0 60
0 60
0 51
0 51
0 60
0 61
0 60
0 51
0 51
0 67
0 66
0 61
0 52
0 50
0 51
0 68
0 66
0 60
0 60
0 60
0 59
0 62
0 52
0 61
0 61
0 61
0 60
0 61
0 62
0 62
0 60
0 61
0 53
0 62
0 61
0 62
0 61
0 61
0 61
0 62
0 61
0 61
0 52
0 53
0 62
0 61
0 62
0 62
0 61
0 62
0 61
0 61
0 53
0 51
0 68
0 70
0 61
0 63
0 60
0 71
0 61
0 61
0 53
0 53
0 68
0 70
0 61
0 62
0 61
0 61
0 62
0 62
0 53
0 52
0 61
0 63
0 62
0 62
0 61
0 52
0 52
0 61
0 53
0 54
0 71
0 82
0 52
0 73
0 53
0 52
0 52
0 52
0 57
0 105
0 63
0 63
0 52
0 51
0 52
0 61
0 63
0 62
0 64
0 64
0 63
0 52
0 53
0 53
0 54
0 70
0 52
0 71
0 136
0 72
0 53
0 104
0 109
0 54
0 54
0 55
0 53
0 54
0 55
0 55
0 65
0 64
0 54
0 52
0 54
0 53
0 55
0 52
0 56
0 66
0 66
0 66
0 67
0 67
0 67
0 67
0 55
0 55
0 56
0 56
0 55
0 65
0 68
0 68
0 67
0 55
0 56
0 55
0 57
0 68
0 67
0 66
0 56
0 56
0 76
0 75
0 56
0 56
0 57
0 55
0 54
0 67
0 67
0 66
0 68
0 56
0 69
0 68
0 58
0 56
0 57
0 56
0 56
0 56
0 56
0 56
0 57
0 57
0 59
0 57
0 56
0 69
0 68
0 68
0 67
0 68
0 69
0 67
0 59
0 57
0 57
0 67
0 67
0 57
0 58
0 57
0 68
0 69
0 58
0 58
0 69
0 70
0 67
0 69
0 68
0 69
0 69
0 68
0 60
0 58
0 76
0 78
0 69
0 70
0 58
0 60
0 59
0 69
0 61
0 59
0 59
0 72
0 203
0 60
0 60
0 73
0 70
0 62
0 62
0 72
0 104
0 81
0 60
0 81
0 60
0 80
0 88
0 102
0 96
0 62
0 60
0 60
0 60
0 59
0 60
0 60
0 59
0 178
0 60
0 61
0 60
0 60
0 60
0 72
0 82
0 62
0 81
0 72
0 156
0 202
0 62
0 61
0 62
0 62
0 61
0 74
0 73
0 64
0 64
0 74
0 73
0 76
0 74
0 74
0 74
0 74
0 93
0 77
0 64
0 61
0 75
0 75
0 76
0 74
0 74
0 75
0 75
0 92
0 214
0 62
0 77
0 76
0 74
0 76
0 73
0 79
0 77
0 76
0 63
0 63
0 76
0 77
0 82
0 76
0 61
0 63
0 67
0 64
0 65
0 62
0 63
0 78
0 74
0 76
0 76
0 76
0 190
0 64
0 65
0 64
0 77
0 77
0 76
0 76
0 78
0 78
0 66
0 64
0 66
0 64
0 64
0 63
0 78
0 77
0 78
0 64
0 64
0 64
0 66
0 65
0 78
0 79
0 95
0 77
0 64
0 86
0 65
0 66
0 67
0 81
0 65
0 79
0 79
0 66
0 66
0 68
0 81
0 80
0 69
0 67
0 66
0 78
0 78
0 67
0 66
0 65
0 200
0 201
0 68
0 66
0 88
0 89
0 92
0 67
0 92
0 67
0 91
0 158
0 70
0 68
0 67
0 71
0 89
0 69
0 82
0 82
0 66
0 68
0 68
0 68
0 68
0 81
0 82
0 67
0 67
0 68
0 68
0 69
0 90
0 69
0 100
0 124
0 136
0 67
0 205
0 203
0 69
0 68
0 70
0 67
0 82
0 81
0 68
0 67
0 67
0 82
0 84
0 81
0 69
0 69
0 205
0 103
0 101
0 70
0 68
0 67
0 92
0 87
0 207
0 71
0 68
0 68
0 69
0 69
0 81
0 82
0 68
0 67
0 71
0 68
0 69
0 83
0 81
0 82
0 82
0 68
0 69
0 68
0 72
0 69
0 83
0 82
0 81
0 83
0 69
0 68
0 68
0 68
0 70
0 70
0 67
0 83
0 82
0 69
0 69
0 68
0 83
0 82
0 72
0 69
0 82
0 83
0 70
0 69
0 70
0 82
0 83
0 69
0 70
0 68
0 68
0 70
0 83
0 84
0 81
0 82
0 69
0 70
0 71
0 70
0 68
0 84
0 82
0 83
0 84
0 69
0 69
0 69
0 71
0 69
0 84
0 82
0 83
0 83
0 81
0 84
0 70
0 68
0 71
0 69
0 70
0 84
0 84
0 83
0 82
0 68
0 68
0 70
0 98
0 70
0 96
0 97
0 70
0 93
0 90
0 70
0 69
0 70
0 72
0 70
0 140
0 142
0 69
0 75
0 71
0 70
0 70
0 83
0 72
0 69
0 70
0 94
0 93
0 70
0 73
0 94
0 72
0 94
0 81
0 96
0 95
0 72
0 71
0 70
0 228
0 211
0 70
0 72
0 72
0 70
0 84
0 85
0 118
0 94
0 86
0 85
0 70
0 70
0 73
0 72
0 95
0 95
0 88
0 86
0 87
0 92
0 86
0 85
0 73
0 72
0 95
0 86
0 71
0 123
0 121
0 71
0 72
0 70
0 74
0 71
0 85
0 86
0 86
0 84
0 114
0 96
0 84
0 86
0 74
0 71
0 86
0 84
0 85
0 84
0 71
0 70
0 70
0 84
0 73
0 71
0 70
0 85
0 84
0 86
0 85
0 71
0 71
0 72
0 73
0 72
0 85
0 86
0 86
0 86
0 96
0 96
0 85
0 85
0 73
0 72
0 215
0 86
0 72
0 71
0 71
0 85
0 85
0 72
0 75
0 72
0 71
0 71
0 87
0 85
0 72
0 71
0 72
0 84
0 74
0 73
0 72
0 96
0 97
0 72
0 72
0 88
0 88
0 88
0 103
0 73
0 100
0 75
0 110
0 110
0 111
0 220
0 73
0 73
0 89
0 89
0 88
0 76
0 74
0 88
0 88
0 73
0 147
0 224
0 85
0 100
0 74
0 98
0 75
0 112
0 111
0 121
0 90
0 89
0 76
0 75
0 89
0 89
0 74
0 75
0 74
0 90
0 88
0 89
0 75
0 75
0 76
0 90
0 106
0 75
0 74
0 73
0 74
0 91
0 231
0 231
0 75
0 100
0 101
0 76
0 75
0 90
0 115
0 243
0 78
0 90
0 91
0 91
0 91
0 92
0 90
0 93
0 90
0 91
0 78
0 93
0 91
0 91
0 91
0 93
0 91
0 91
0 76
0 76
0 77
0 76
0 92
0 91
0 91
0 92
0 77
0 75
0 77
0 76
0 78
0 77
0 77
0 92
0 91
0 91
0 93
0 124
0 103
0 92
0 107
0 78
0 76
0 102
0 103
0 94
0 91
0 94
0 91
0 94
0 80
0 92
0 92
0 94
0 92
0 93
0 92
0 93
0 92
0 102
0 78
0 77
0 93
0 92
0 92
0 93
0 105
0 104
0 93
0 93
0 79
0 77
0 93
0 93
0 92
0 93
0 92
0 94
0 78
0 108
0 236
0 134
0 79
0 80
0 78
0 106
0 154
0 80
0 105
0 157
0 240
0 138
0 136
0 79
0 81
0 106
0 107
0 79
0 79
0 109
0 82
0 119
0 120
0 173
0 97
0 160
0 119
0 97
0 254
0 80
0 82
0 80
0 81
0 95
0 94
0 89
0 80
0 79
0 96
0 95
0 81
0 81
0 191
0 191
0 142
0 139
0 81
0 80
0 80
0 80
0 82
0 82
0 82
0 101
0 99
0 82
0 80
0 80
0 83
0 81
0 83
0 81
0 107
0 98
0 110
0 98
0 83
0 82
0 81
0 83
0 84
0 81
0 82
0 100
0 97
0 82
0 82
0 83
0 99
0 98
0 84
0 83
0 99
0 109
0 83
0 81
0 84
0 99
0 97
0 82
0 85
0 98
0 100
0 88
0 82
0 82
0 99
0 279
0 142
0 141
0 86
0 84
0 101
0 101
0 89
0 82
0 84
0 102
0 99
0 103
0 85
0 84
0 85
0 100
0 128
0 85
0 83
0 83
0 102
0 102
0 85
0 85
0 84
0 85
0 113
0 113
0 84
0 95
0 102
0 100
0 87
0 86
0 101
0 102
0 86
0 84
0 87
0 103
0 137
0 85
0 203
0 146
0 147
0 85
0 86
0 258
0 174
0 117
0 87
0 115
0 86
0 86
0 86
0 115
0 113
0 88
0 86
0 86
0 103
0 133
0 87
0 116
0 87
0 115
0 116
0 92
0 130
0 93
0 115
0 87
0 88
0 88
0 88
0 87
0 115
0 115
0 87
0 86
0 86
0 104
0 90
0 87
0 89
0 108
0 106
0 88
0 88
0 94
0 109
0 105
0 93
0 111
0 112
0 110
0 109
0 111
0 112
0 110
0 111
0 110
0 94
0 113
0 110
0 114
0 112
0 123
0 113
0 280
0 95
0 93
0 95
0 115
0 117
0 114
0 113
0 115
0 114
0 112
0 112
0 115
0 98
0 97
0 115
0 123
0 139
0 129
0 116
0 115
0 138
0 119
0 100
0 98
0 98
0 118
0 130
0 131
0 116
0 117
0 119
0 118
0 102
0 100
0 133
0 132
0 121
0 120
0 118
0 120
0 121
0 120
0 102
0 100
0 133
0 133
0 101
0 99
0 120
0 121
0 100
0 109
0 102
0 103
0 123
0 121
0 164
0 102
0 101
0 137
0 138
0 120
0 104
0 101
0 103
0 137
0 136
0 120
0 123
0 123
0 164
0 102
0 313
0 155
0 122
0 125
0 102
0 103
0 103
0 124
0 122
0 102
0 104
0 103
0 103
0 103
0 103
0 101
0 309
0 308
0 102
0 102
0 104
0 103
0 102
0 139
0 104
0 140
0 103
0 138
0 149
0 317
0 105
0 104
0 103
0 103
0 102
0 103
0 103
0 103
0 104
0 105
0 105
0 103
0 103
0 104
0 351
0 159
0 157
0 106
0 315
0 105
0 109
0 140
0 144
0 105
0 112
0 105
0 105
0 318
0 317
0 325
0 108
0 108
0 110
0 142
0 142
0 131
0 128
0 130
0 128
0 128
0 110
0 130
0 132
0 128
0 129
0 129
0 130
0 108
0 108
0 107
0 127
0 131
0 132
0 131
0 135
0 132
0 132
0 133
0 131
0 131
0 115
0 137
0 134
0 135
0 137
0 133
0 134
0 134
0 133
0 132
0 114
0 113
0 136
0 136
0 151
0 150
0 135
0 134
0 135
0 136
0 114
0 115
0 138
0 137
0 114
0 115
0 142
0 145
0 138
0 137
0 120
0 118
0 155
0 156
0 139
0 140
0 141
0 139
0 142
0 142
0 124
0 120
0 174
0 120
0 119
0 167
0 356
0 119
0 237
0 120
0 179
0 164
0 177
0 127
0 125
0 125
0 149
0 154
0 125
0 123
0 128
0 129
0 127
0 128
0 126
0 141
0 129
0 127
0 127
0 177
0 203
0 225
0 235
0 164
0 135
0 235
0 231
0 134
0 135
0 135
0 153
0 184
0 180
0 181
0 180
0 206
0 181
0 180
0 180
0 180
0 164
0 194
0 193
0 214
0 194
0 191
0 193
0 195
0 193
0 192
0 169
0 203
0 202
0 201
0 199
0 180
0 254
0 172
0 168
0 171
0 189
0 183
0 235
0 220
0 184
0 182
0 183
0 183
0 183
0 184
0 303
0 359
0 357
0 303
0 301
0 302
0 364
0 359
0 360
0 361
0 617
0 860
0 358
0 357
0 357
0 361
0 359
0 526
0 429
0 360
0 375
0 372
0 372
0 373
0 372
0 372
0 443
0 451
0 372
0 372
0 379
0 948
0 646
0 650
0 377
0 380
0 399
0 1192
0 380
0 386
0 382
0 482
0 646
0 379
0 549
0 381
0 669
0 1142
0 653
0 568
0 393
0 393
0 389
0 764
0 791
0 401
0 422
0 393
0 393
0 395
0 503
0 483
0 653
0 644
0 590
0 582
0 486
0 484
0 675
0 676
0 815
0 820
0 824
0 807
0 853
0 810
0 811
0 993
0 972
0 813
0 795
0 1580
0 2343
0 780
0 790
0 773
0 774
0 786
0 780
0 776
0 1171
0 1245
0 942
0 939
0 790
0 780
0 939
0 934
0 778
0 784
0 874
0 855
0 984
0 1022
0 1026
0 993
0 850
0 853
0 1036
0 1024
0 842
0 1006
0 1020
0 1009
0 1009
0 1269
0 2532
0 837
0 837
0 842
0 832
0 828
0 999
0 991
0 838
0 827
0 954
0 1001
0 994
0 1011
1 822
1 962
1 959
1 800
1 804
1 805
1 800
1 952
1 963
1 1146
1 781
1 926
1 925
1 931
1 921
1 766
1 820
1 926
1 933
1 928
1 755
1 907
1 1325
1 757
1 1121
1 1256
1 2297
1 1555
1 759
1 756
1 755
1 1495
1 1488
1 749
1 743
1 897
1 911
1 936
1 889
1 747
1 740
1 755
1 1562
1 751
1 1046
1 1120
1 756
1 882
1 2199
1 731
1 731
1 733
1 726
1 724
1 722
1 843
1 733
1 731
1 732
1 718
1 2237
1 958
1 947
1 712
1 711
1 719
1 720
1 718
1 723
1 710
1 784
1 720
1 714
1 715
1 709
1 710
1 719
1 2189
1 710
1 708
1 708
1 702
1 852
1 871
1 846
1 858
1 712
1 716
1 705
1 1043
1 709
1 708
1 704
1 2110
1 2179
1 706
1 718
1 704
1 858
1 867
1 699
1 851
1 866
1 883
1 847
1 696
1 699
1 708
1 732
1 701
1 704
1 697
1 837
1 1026
1 723
1 1031
1 1210
1 1204
1 2119
1 700
1 692
1 696
1 703
1 1001
1 692
1 694
1 1191
1 700
1 690
1 712
1 703
1 699
1 692
1 687
1 685
1 708
1 988
1 690
1 1012
1 1092
1 833
1 829
1 692
1 688
1 2049
1 1494
1 720
1 708
1 685
1 683
1 689
1 689
1 694
1 688
1 695
1 711
1 2091
1 685
1 697
1 693
1 690
1 686
1 692
1 685
1 686
1 702
1 686
1 684
1 688
1 681
1 686
1 711
1 683
1 696
1 683
1 681
1 702
1 690
1 679
1 683
1 686
1 688
1 826
1 681
1 685
1 687
1 689
1 2086
1 687
1 693
1 692
1 833
1 817
1 691
1 702
1 687
1 681
1 820
1 824
1 874
1 678
1 820
1 811
1 809
1 816
1 824
1 851
1 672
1 676
1 817
1 678
1 673
1 815
1 2032
1 2077
1 678
1 829
1 679
1 808
1 810
1 999
1 2015
1 2046
1 2051
1 686
1 670
1 815
1 824
1 676
1 673
1 674
1 697
1 679
1 676
1 671
1 679
1 693
1 668
1 676
1 680
1 697
1 671
1 672
1 675
1 977
1 674
1 962
1 775
1 1134
1 773
1 684
1 797
1 809
1 670
1 665
1 796
1 807
1 663
1 682
1 795
1 677
1 666
1 842
1 802
1 812
1 848
1 800
1 663
1 662
1 800
1 667
1 687
1 803
1 798
1 811
1 802
1 662
1 664
1 663
1 679
1 674
1 803
1 837
1 799
1 791
1 709
1 666
1 659
1 665
1 801
1 661
1 658
1 663
1 670
1 787
1 795
1 789
1 834
1 792
1 816
1 663
1 656
1 788
1 791
1 784
1 793
1 661
1 663
1 663
1 663
1 674
1 785
1 794
1 796
1 784
1 655
1 654
1 786
1 665
1 664
1 653
1 657
1 658
1 656
1 783
1 664
1 648
1 692
1 649
1 749
1 659
1 783
1 795
1 657
1 655
1 797
1 792
1 2015
1 943
1 873
1 1576
1 1604
1 661
1 658
1 1997
1 663
1 665
1 656
1 667
1 653
1 821
1 1025
1 661
1 998
1 652
1 662
1 654
1 674
1 672
1 662
1 683
1 673
1 652
1 658
1 653
1 655
1 649
1 648
1 652
1 653
1 653
1 652
1 655
1 652
1 652
1 649
1 794
1 786
1 647
1 650
1 647
1 777
1 804
1 645
1 663
1 646
1 647
1 647
1 648
1 650
1 655
1 644
1 643
1 771
1 764
1 649
1 648
1 644
1 658
1 647
1 646
1 655
1 645
1 656
1 665
1 652
1 673
1 643
1 664
1 658
1 658
1 643
1 643
1 648
1 669
1 646
1 645
1 641
1 661
1 644
1 648
1 653
1 642
1 649
1 795
1 774
1 646
1 638
1 648
1 640
1 636
1 644
1 775
1 782
1 636
1 659
1 642
1 634
1 637
1 634
1 664
1 769
1 769
1 790
1 761
1 642
1 644
1 639
1 639
1 769
1 632
1 638
1 642
1 636
1 629
1 629
1 644
1 639
1 650
1 668
1 673
1 630
1 631
1 633
1 631
1 632
1 635
1 637
1 948
1 947
1 838
1 639
1 629
1 680
1 854
1 1352
1 842
1 858
1 636
1 628
1 626
1 628
1 753
1 739
1 630
1 631
1 632
1 623
1 1911
1 942
1 634
1 629
1 629
1 630
1 666
1 625
1 745
1 752
1 623
1 627
1 627
1 620
1 767
1 754
1 633
1 629
1 745
1 712
1 633
1 702
1 624
1 750
1 795
1 621
1 628
1 754
1 757
1 772
1 746
1 747
1 630
1 744
1 754
1 617
1 626
1 741
1 745
1 644
1 635
1 764
1 628
1 617
1 748
1 769
1 1881
1 627
1 627
1 743
1 741
1 626
1 619
1 617
1 618
1 618
1 615
1 645
1 1528
1 828
1 848
1 639
1 961
1 646
1 968
1 636
1 636
1 782
1 1275
1 930
1 707
1 626
1 2360
1 717
1 762
1 782
1 721
1 1204
1 1029
1 1196
1 686
1 927
1 631
1 1093
1 1171
1 954
1 624
1 929
1 942
1 630
1 634
1 628
1 669
1 890
1 1392
1 1295
1 818
1 936
1 626
1 1843
1 812
1 816
1 626
1 609
1 620
1 614
1 612
1 622
1 623
1 618
1 772
1 736
1 623
1 731
1 742
1 617
1 627
1 746
1 733
1 766
1 735
1 620
1 616
1 1896
1 625
1 610
1 609
1 624
1 614
1 632
1 625
1 644
1 1363
1 613
1 690
1 736
1 613
1 614
1 613
1 616
1 615
1 613
1 613
1 613
1 740
1 735
1 608
1 611
1 608
1 615
1 648
1 617
1 627
1 615
1 754
1 714
1 610
1 633
1 619
1 613
1 616
1 610
1 618
1 745
1 804
1 610
1 633
1 620
1 612
1 622
1 624
1 617
1 613
1 736
1 733
1 626
1 630
1 759
1 728
1 645
1 610
1 731
1 1383
1 634
1 616
1 617
1 614
1 733
1 743
1 612
1 612
1 612
1 611
1 929
1 605
1 913
1 845
1 625
1 1039
1 1042
1 606
1 619
1 630
1 725
1 770
1 744
1 725
1 685
1 600
1 1191
1 982
1 930
1 602
1 606
1 604
1 619
1 602
1 735
1 718
1 618
1 610
1 631
1 605
1 1446
1 1835
1 594
1 603
1 763
1 723
1 602
1 597
1 596
1 615
1 604
1 716
1 722
1 717
1 716
1 745
1 766
1 603
1 597
1 595
1 717
1 745
1 725
1 716
1 738
1 711
1 598
1 596
1 1388
1 613
1 598
1 597
1 725
1 717
1 726
1 714
1 721
1 737
1 723
1 600
1 717
1 723
1 726
1 718
1 608
1 594
1 722
1 720
1 1169
1 605
1 619
1 600
1 597
1 716
1 741
1 720
1 725
1 740
1 727
1 594
1 713
1 746
1 726
1 710
1 639
1 592
1 712
1 719
1 985
1 875
1 621
1 711
1 715
1 730
1 717
1 1229
1 900
1 649
1 604
1 601
1 593
1 600
1 601
1 602
1 595
1 595
1 591
1 594
1 603
1 591
1 850
1 597
1 887
1 587
1 606
1 1061
1 891
1 1225
1 585
1 605
1 586
1 615
1 589
1 589
1 595
1 588
1 601
1 596
1 598
1 590
1 589
1 628
1 589
1 636
1 587
1 588
1 599
1 600
1 586
1 588
1 583
1 584
1 625
1 585
1 587
1 594
1 593
1 591
1 584
1 594
1 591
1 589
1 585
1 702
1 716
1 591
1 603
1 751
1 710
1 584
1 590
1 700
1 689
1 583
1 587
1 586
1 579
1 586
1 585
1 591
1 697
1 703
1 709
1 697
1 583
1 586
1 712
1 693
1 581
1 585
1 577
1 582
1 583
1 609
1 580
1 582
1 621
1 584
1 590
1 581
1 582
1 586
1 582
1 607
1 587
1 579
1 584
1 578
1 706
1 580
1 606
1 584
1 582
1 584
1 579
1 582
1 584
1 599
1 580
1 585
1 577
1 579
1 575
1 585
1 578
1 889
1 576
1 893
1 577
1 584
1 572
1 583
1 575
1 576
1 598
1 581
1 572
1 696
1 702
1 859
1 575
1 861
1 911
1 947
1 688
1 702
1 577
1 1726
1 1179
1 585
1 575
1 766
1 645
1 584
1 601
1 704
1 695
1 714
1 681
1 597
1 576
1 592
1 690
1 686
1 704
1 686
1 693
1 705
1 687
1 580
1 690
1 711
1 697
1 684
1 585
1 584
1 675
1 685
1 575
1 572
1 579
1 691
1 685
1 574
1 569
1 574
1 1712
1 568
1 572
1 571
1 696
1 683
1 571
1 576
1 672
1 688
1 1230
1 1773
1 571
1 572
1 566
1 703
1 704
1 572
1 572
1 583
1 576
1 583
1 737
1 578
1 696
1 685
1 1713
1 1387
1 1099
1 571
1 574
1 575
1 572
1 586
1 570
1 573
1 603
1 575
1 571
1 571
1 573
1 572
1 568
1 869
1 809
1 1139
1 684
1 684
1 575
1 578
1 571
1 605
1 570
1 573
1 572
1 576
1 584
1 576
1 850
1 845
1 571
1 846
1 903
1 1718
1 573
1 686
1 680
1 1711
1 1148
1 580
1 581
1 574
1 574
1 567
1 587
1 577
1 569
1 574
1 569
1 586
1 578
1 576
1 584
1 566
1 577
1 657
1 692
1 568
1 568
1 695
1 688
1 684
1 690
1 571
1 676
1 683
1 681
1 678
1 703
1 685
1 562
1 572
1 692
1 565
1 571
1 691
1 700
1 680
1 679
1 703
1 675
1 565
1 570
1 600
1 677
1 677
1 683
1 677
1 571
1 579
1 701
1 682
1 1721
1 573
1 558
1 673
1 795
1 778
1 560
1 599
1 567
1 559
1 570
1 1043
1 1125
1 564
1 563
1 696
1 678
1 562
1 562
1 563
1 562
1 566
1 566
1 678
1 671
1 571
1 565
1 686
1 569
1 880
1 1386
1 848
1 1706
1 561
1 570
1 562
1 557
1 671
1 671
1 693
1 686
1 608
1 692
1 843
1 847
1 1027
1 566
1 810
1 568
1 566
1 707
1 561
1 558
1 682
1 683
1 570
1 585
1 673
1 672
1 679
1 669
1 1673
1 958
1 968
1 584
1 559
1 667
1 667
1 665
1 666
1 559
1 557
1 555
1 566
1 630
1 555
1 557
1 558
1 565
1 557
1 557
1 556
1 561
1 553
1 571
1 563
1 568
1 556
1 553
1 558
1 551
1 572
1 669
1 1038
1 576
1 554
1 669
1 682
1 556
1 572
1 670
1 566
1 557
1 686
1 671
1 562
1 552
1 674
1 672
1 565
1 553
1 557
1 680
1 669
1 620
1 555
1 675
1 671
1 667
1 1712
1 585
1 568
1 586
1 747
1 700
1 554
1 562
1 668
1 670
1 667
1 1000
1 1675
1 1201
1 555
1 1532
1 1122
1 551
1 1377
1 559
1 581
1 668
1 1271
1 557
1 592
1 571
1 579
1 563
1 610
1 555
1 557
1 568
1 567
1 562
1 581
1 568
1 556
1 571
1 580
1 566
1 567
1 555
1 557
1 562
1 551
1 562
1 555
1 565
1 552
1 562
1 569
1 559
1 572
1 1671
1 554
1 557
1 563
1 556
1 670
1 679
1 570
1 675
1 569
1 557
1 558
1 663
1 670
1 542
1 553
1 671
1 654
1 557
1 543
1 545
1 546
1 540
1 567
1 566
1 542
1 1667
1 542
1 542
1 591
1 557
1 547
1 541
1 540
1 546
1 557
1 557
1 565
1 544
1 854
1 1341
1 945
1 546
1 549
1 545
1 561
1 832
1 949
1 925
1 555
1 1727
1 540
1 539
1 547
1 537
1 566
1 538
1 536
1 542
1 568
1 538
1 583
1 540
1 540
1 537
1 557
1 643
1 651
1 539
1 541
1 539
1 558
1 536
1 536
1 549
1 543
1 534
1 542
1 540
1 1677
1 530
1 528
1 536
1 529
1 663
1 641
1 530
1 530
1 655
1 534
1 528
1 533
1 557
1 558
1 529
1 526
1 540
1 526
1 644
1 527
1 532
1 533
1 527
1 634
1 632
1 530
1 553
1 1602
1 548
1 533
1 544
1 530
1 543
1 534
1 527
1 537
1 534
1 551
1 531
1 530
1 532
1 533
1 528
1 554
1 528
1 549
1 548
1 534
1 643
1 546
1 546
1 531
1 529
1 530
1 848
1 535
1 1661
1 724
1 532
1 819
1 940
1 541
1 706
1 532
1 553
1 1592
1 529
1 546
1 553
1 665
1 633
1 529
1 528
1 538
1 553
1 577
1 547
1 587
1 534
1 526
1 1620
1 697
1 544
1 530
1 625
1 625
1 649
1 925
1 890
1 523
1 523
1 523
1 518
1 528
1 525
1 526
1 531
1 523
1 523
1 527
1 627
1 1483
1 522
1 544
1 523
1 519
1 625
1 638
1 542
1 552
1 546
1 821
1 554
1 535
1 522
1 546
1 627
1 629
1 520
1 525
1 525
1 532
1 518
1 520
1 527
1 524
1 638
1 673
1 521
1 833
1 520
1 1250
1 601
1 857
1 1091
1 649
1 625
1 532
1 545
1 525
1 521
1 517
1 547
1 518
1 524
1 535
1 552
1 521
1 550
1 557
1 519
1 522
1 542
1 520
1 518
1 521
1 520
1 526
1 520
1 533
1 521
1 546
1 542
1 519
1 625
1 621
1 519
1 523
1 537
1 526
1 657
1 621
1 534
1 520
1 672
1 622
1 520
1 1296
1 543
1 526
1 522
1 519
1 536
1 550
1 521
1 521
1 519
1 525
1 623
1 525
1 1558
1 814
1 778
1 532
1 520
1 524
1 522
1 518
1 539
1 545
1 521
1 640
1 627
1 517
1 544
1 630
1 619
1 523
1 519
1 521
1 680
1 840
1 802
1 799
1 812
1 1570
1 1039
1 1603
1 1273
1 555
1 520
1 536
1 1574
1 1078
1 814
1 604
1 844
1 949
1 726
1 518
1 545
1 520
1 1557
1 1575
1 519
1 519
1 522
1 519
1 547
1 525
1 519
1 543
1 515
1 525
1 522
1 544
1 522
1 541
1 518
1 517
1 520
1 541
1 523
1 520
1 534
1 541
1 556
1 552
1 541
1 524
1 516
1 1548
1 516
1 714
1 688
1 520
1 519
1 621
1 657
1 518
1 621
1 649
1 649
1 619
1 629
1 617
1 778
1 990
1 538
1 1552
1 1554
1 522
1 646
1 1037
1 655
1 665
1 519
1 548
1 1094
1 2393
1 538
1 884
1 823
1 695
1 553
1 515
1 513
1 524
1 519
1 531
1 513
1 522
1 514
1 618
1 1346
1 1526
1 515
1 628
1 643
1 516
1 625
1 671
1 616
1 639
1 626
1 624
1 516
1 514
1 619
1 516
1 518
1 622
1 672
1 624
1 618
1 633
1 640
1 547
1 514
1 523
1 507
1 1526
1 504
1 681
1 684
1 506
1 511
1 635
1 608
1 504
1 614
1 607
1 605
1 603
1 606
1 609
1 504
1 513
1 588
1 1098
1 823
1 1229
1 862
1 510
1 502
1 1515
1 506
1 505
1 506
1 507
1 509
1 508
1 532
1 613
1 610
1 609
1 514
1 800
1 528
1 879
1 1333
1 513
1 508
1 505
1 551
1 507
1 507
1 547
1 510
1 506
1 1601
1 1507
1 1527
1 555
1 508
1 507
1 1513
1 538
1 535
