0 99
0 100
0 98
0 99
0 98
0 98
0 98
0 102
0 98
0 98
0 100
0 99
0 98
0 98
0 98
0 116
0 99
0 100
0 98
0 98
0 99
0 98
0 98
0 99
0 98
0 98
0 104
0 97
0 98
0 98
0 100
0 98
0 97
0 98
0 99
0 135
0 296
0 141
0 100
0 97
0 100
0 100
0 98
0 98
0 98
0 98
0 98
0 98
0 98
0 98
0 100
0 99
0 98
0 98
0 99
0 99
0 109
0 98
0 130
0 110
0 101
0 99
0 99
0 118
0 99
0 99
0 98
0 119
0 108
0 108
0 100
0 105
0 99
0 100
0 99
0 98
0 100
0 101
0 98
0 137
0 205
0 100
0 99
0 99
0 98
0 98
0 98
0 98
0 101
0 98
0 100
0 98
0 99
0 98
0 135
0 98
0 98
0 99
0 98
0 100
0 99
0 98
0 99
0 98
0 99
0 99
0 98
0 98
0 98
0 99
0 101
0 98
0 98
0 109
0 98
0 99
0 99
0 101
0 100
0 99
0 99
0 98
0 100
0 98
0 99
0 99
0 99
0 100
0 99
0 99
0 142
0 101
0 102
0 99
0 108
0 103
0 98
0 104
0 100
0 99
0 100
0 99
0 99
0 106
0 98
0 100
0 97
0 103
0 98
0 98
0 105
0 98
0 98
0 99
0 98
0 99
0 97
0 126
0 137
0 109
0 110
0 98
0 98
0 101
0 101
0 98
0 100
0 100
0 98
0 98
0 101
0 100
0 98
0 99
0 99
0 123
0 102
0 118
0 98
0 99
0 99
0 99
0 98
0 99
0 100
0 98
0 98
0 98
0 98
0 99
0 99
0 99
0 99
0 99
0 99
0 98
0 98
0 98
0 99
0 98
0 100
0 126
0 99
0 100
0 98
0 99
0 98
0 110
0 99
0 119
0 100
0 98
0 99
0 101
0 100
0 99
0 99
0 98
0 98
0 98
0 100
0 101
0 133
0 101
0 98
0 101
0 98
0 99
0 99
0 100
0 100
0 106
0 152
0 100
0 134
0 104
0 167
0 185
0 99
0 99
0 150
0 111
0 104
0 112
0 101
0 106
0 102
0 151
0 123
0 100
0 100
0 100
0 99
0 99
0 98
0 100
0 101
0 99
0 100
0 99
0 110
0 100
0 98
0 106
0 99
0 98
0 99
0 106
0 100
0 99
0 99
0 98
0 130
0 108
0 100
0 99
0 98
0 107
0 100
0 100
0 126
0 105
0 169
0 103
0 109
0 102
0 103
0 135
0 100
0 108
0 105
0 100
0 100
0 109
0 129
0 104
0 148
0 138
0 135
0 142
0 107
0 105
0 99
0 126
0 99
0 101
0 105
0 109
0 102
0 102
0 103
0 108
0 104
0 103
0 143
0 108
0 159
0 251
0 104
0 145
0 106
0 108
0 100
0 101
0 170
0 140
0 143
0 103
0 107
0 102
0 105
0 101
0 101
0 106
0 101
0 122
0 100
0 108
0 342
0 101
0 102
0 109
0 183
0 102
0 101
0 106
0 122
0 102
0 101
0 102
0 102
0 101
0 101
0 102
0 101
0 108
0 101
0 101
0 103
0 103
0 103
0 101
0 101
0 101
0 102
0 102
0 101
0 101
0 101
0 101
0 106
0 136
0 103
0 102
0 103
0 102
0 106
0 101
0 102
0 102
0 103
0 102
0 102
0 102
0 122
0 102
0 101
0 101
0 101
0 102
0 104
0 112
0 102
0 113
0 103
0 103
0 124
0 109
0 103
0 102
0 130
0 104
0 148
0 104
0 104
0 153
0 103
0 102
0 103
0 102
0 104
0 103
0 102
0 345
0 101
0 101
0 102
0 102
0 103
0 102
0 103
0 103
0 103
0 103
0 104
0 103
0 101
0 103
0 104
0 103
0 114
0 107
0 104
0 103
0 105
0 103
0 104
0 108
0 110
0 124
0 105
0 102
0 103
0 104
0 103
0 103
0 103
0 113
0 113
0 139
0 104
0 103
0 104
0 132
0 143
0 113
0 108
0 178
0 104
0 103
0 144
0 108
0 104
0 104
0 104
0 103
0 103
0 104
0 103
0 104
0 105
0 134
0 140
0 106
0 141
0 140
0 104
0 103
0 114
0 103
0 107
0 104
0 105
0 136
0 149
0 111
0 209
0 105
0 104
0 104
0 105
0 113
0 109
0 106
0 106
0 106
0 104
0 105
0 105
0 104
0 106
0 104
0 105
0 105
0 127
0 116
0 105
0 104
0 105
0 105
0 106
0 105
0 127
0 105
0 106
0 105
0 105
0 105
0 106
0 105
0 106
0 126
0 105
0 105
0 104
0 104
0 105
0 104
0 104
0 105
0 106
0 104
0 107
0 127
0 143
0 316
0 157
0 106
0 105
0 105
0 107
0 113
0 106
0 106
0 106
0 107
0 106
0 106
0 105
0 106
0 106
0 106
0 117
0 107
0 107
0 105
0 110
0 107
0 117
0 107
0 107
0 105
0 105
0 106
0 106
0 105
0 106
0 109
0 152
0 108
0 107
0 105
0 106
0 106
0 108
0 107
0 106
0 105
0 105
0 106
0 108
0 106
0 106
0 106
0 106
0 105
0 106
0 105
0 107
0 106
0 107
0 107
0 108
0 106
0 106
0 105
0 107
0 106
0 105
0 106
0 320
0 107
0 105
0 106
0 107
0 105
0 108
0 107
0 106
0 107
0 107
0 110
0 146
0 108
0 110
0 107
0 107
0 129
0 107
0 107
0 113
0 112
0 135
0 113
0 112
0 111
0 193
0 112
0 112
0 113
0 113
0 168
0 180
0 121
0 113
0 170
0 113
0 113
0 114
0 116
0 113
0 114
0 114
0 115
0 114
0 113
0 121
0 114
0 115
0 111
0 114
0 113
0 115
0 113
0 113
0 115
0 112
0 135
0 114
0 113
0 115
0 113
0 345
0 113
0 155
0 114
0 115
0 115
0 114
0 113
0 116
0 116
0 114
0 115
0 115
0 114
0 115
0 114
0 115
0 115
0 115
0 114
0 117
0 115
0 115
0 117
0 115
0 116
0 114
0 115
0 116
0 140
0 169
0 178
0 116
0 115
0 117
0 117
0 115
0 116
0 117
0 115
0 114
0 116
0 115
0 115
0 123
0 114
0 139
0 115
0 116
0 116
0 116
0 139
0 116
0 115
0 115
0 116
0 115
0 115
0 116
0 118
0 114
0 115
0 116
0 116
0 115
0 115
0 116
0 115
0 117
0 116
0 115
0 117
0 114
0 115
0 116
0 116
0 115
0 116
0 117
0 122
0 117
0 116
0 116
0 115
0 116
0 116
0 130
0 117
0 131
0 363
0 116
0 118
0 117
0 117
0 118
0 115
0 117
0 117
0 118
0 118
0 117
0 117
0 117
0 118
0 117
0 117
0 118
0 118
0 131
0 119
0 119
0 119
0 118
0 117
0 121
0 118
0 119
0 117
0 122
0 121
0 119
0 142
0 119
0 118
0 118
0 118
0 119
0 119
0 120
0 119
0 119
0 120
0 142
0 118
0 118
0 119
0 143
0 119
0 122
0 123
0 180
0 120
0 121
0 140
0 121
0 119
0 120
0 119
0 175
0 149
0 121
0 122
0 144
0 123
0 122
0 123
0 122
0 122
0 125
0 123
0 124
0 122
0 130
0 123
0 123
0 148
0 123
0 122
0 124
0 123
0 151
0 123
0 124
0 122
0 147
0 124
0 123
0 123
0 139
0 125
0 213
0 124
0 124
0 123
0 124
0 122
0 124
0 124
0 126
0 124
0 124
0 132
0 124
0 124
0 123
0 123
0 123
0 124
0 126
0 127
0 126
0 124
0 123
0 125
0 124
0 125
0 125
0 126
0 185
0 140
0 181
0 126
0 129
0 125
0 125
0 126
0 125
0 127
0 126
0 125
0 125
0 126
0 125
0 126
0 124
0 125
0 131
0 126
0 128
0 126
0 151
0 130
0 127
0 125
0 125
0 127
0 199
0 132
0 153
0 127
0 126
0 127
0 126
0 125
0 126
0 127
0 125
0 126
0 126
0 127
0 126
0 139
0 137
0 137
0 127
0 127
0 126
0 209
0 128
0 127
0 127
0 127
0 126
0 126
0 128
0 128
0 127
0 126
0 138
0 128
0 125
0 127
0 128
0 127
0 127
0 135
0 128
0 129
0 128
0 126
0 135
0 129
0 128
0 129
0 127
0 128
0 128
0 127
0 136
0 129
0 127
0 128
0 127
0 128
0 127
0 131
0 130
0 130
0 144
0 130
0 129
0 129
0 129
0 129
0 131
0 196
0 403
0 155
0 131
0 130
0 130
0 129
0 130
0 129
0 130
0 129
0 130
0 132
0 131
0 128
0 129
0 129
0 129
0 130
0 134
0 132
0 130
0 129
0 135
0 129
0 130
0 130
0 132
0 131
0 130
0 130
0 129
0 129
0 131
0 131
0 132
0 130
0 137
0 139
0 136
0 136
0 199
0 133
0 134
0 132
0 131
0 132
0 176
0 131
0 137
0 131
0 173
0 131
0 134
0 133
0 132
0 168
0 132
0 132
0 132
0 133
0 132
0 132
0 133
0 137
0 132
0 132
0 132
0 131
0 131
0 132
0 133
0 132
0 138
0 133
0 133
0 138
0 131
0 132
0 143
0 132
0 133
0 157
0 132
0 133
0 132
0 133
0 132
0 133
0 133
0 132
0 134
0 133
0 133
0 133
0 132
0 134
0 133
0 160
0 133
0 133
0 135
0 134
0 134
0 134
0 135
0 133
0 133
0 135
0 200
0 134
0 135
0 135
0 135
0 136
0 133
0 132
0 133
0 133
0 133
0 140
0 135
0 134
0 139
0 134
0 133
0 132
0 132
0 133
0 134
0 133
0 133
0 176
0 140
0 134
0 133
0 134
0 134
0 133
0 133
0 134
0 134
0 134
0 134
0 133
0 134
0 133
0 135
0 135
0 133
0 133
0 134
0 133
0 142
0 134
0 135
0 142
0 134
0 154
0 135
0 135
0 135
0 136
0 137
0 134
0 136
0 179
0 136
0 136
0 135
0 133
0 133
0 134
0 134
0 133
0 136
0 134
0 139
0 136
0 135
0 135
0 135
0 136
0 136
0 134
0 134
0 147
0 140
0 136
0 134
0 133
0 134
0 134
0 134
0 135
0 136
0 135
0 133
0 134
0 136
0 134
0 137
0 134
0 136
0 134
0 133
0 132
0 134
0 134
0 135
0 134
0 137
0 134
0 152
0 138
0 136
0 135
0 133
0 135
0 161
0 136
0 134
0 140
0 135
0 185
0 137
0 196
0 134
0 135
0 136
0 135
0 134
0 135
0 135
0 140
0 135
0 136
0 136
0 134
0 136
0 135
0 134
0 161
0 135
0 139
0 143
0 136
0 136
0 137
0 134
0 136
0 136
0 135
0 197
0 145
0 136
0 137
0 135
0 136
0 136
0 135
0 135
0 138
0 138
0 137
0 136
0 138
0 136
0 138
0 136
0 137
0 137
0 137
0 139
0 201
0 195
0 206
0 154
0 145
0 149
0 154
0 201
0 159
0 149
0 152
0 191
0 179
0 198
0 206
0 268
0 198
0 149
0 143
0 178
0 331
0 136
0 137
0 142
0 137
0 138
0 136
0 136
0 137
0 143
0 136
0 138
0 142
0 138
0 138
0 137
0 141
0 139
0 137
0 138
0 138
0 137
0 137
0 139
0 137
0 136
0 136
0 137
0 186
0 138
0 139
0 138
0 137
0 164
0 137
0 137
0 137
0 165
0 137
0 139
0 138
0 137
0 165
0 139
0 148
0 143
0 274
0 137
0 137
0 140
0 141
0 140
0 136
0 164
0 138
0 139
0 138
0 413
0 137
0 138
0 137
0 141
0 137
0 137
0 138
0 137
0 140
0 138
0 142
0 139
0 138
0 139
0 137
0 138
0 138
0 139
0 137
0 138
0 137
0 141
0 139
0 141
0 139
0 137
0 137
0 138
0 142
0 140
0 139
0 141
0 139
0 138
0 139
0 139
0 139
0 140
0 139
0 138
0 139
0 139
0 139
0 139
0 278
0 138
0 139
0 139
0 140
0 139
0 139
0 143
0 141
0 139
0 140
0 139
0 140
0 139
0 140
0 140
0 140
0 141
0 145
0 140
0 139
0 140
0 139
0 139
0 141
0 141
0 141
0 144
0 139
0 140
0 139
0 139
0 139
0 139
0 140
0 139
0 148
0 142
0 140
0 140
0 144
0 139
0 139
0 142
0 140
0 141
0 140
0 141
0 168
0 140
0 141
0 140
0 141
0 140
0 156
0 140
0 140
0 190
0 140
0 140
0 168
0 141
0 142
0 140
0 140
0 140
0 150
0 141
0 141
0 141
0 141
0 140
0 170
0 141
0 140
0 140
0 191
0 146
0 141
0 141
0 142
0 144
0 142
0 143
0 142
0 145
0 143
0 151
0 143
0 141
0 171
0 142
0 142
0 142
0 145
0 142
0 142
0 157
0 143
0 144
0 143
0 144
0 142
0 142
0 153
0 142
0 143
0 145
0 144
0 145
0 144
0 145
0 172
0 143
0 143
0 142
0 144
0 145
0 144
0 147
0 143
0 144
0 144
0 205
0 145
0 144
0 144
0 143
0 144
0 162
0 144
0 144
0 145
0 143
0 145
0 145
0 145
0 157
0 145
0 146
0 144
0 145
0 149
0 174
0 144
0 145
0 144
0 145
0 146
0 146
0 147
0 146
0 145
0 145
0 146
0 145
0 150
0 150
0 151
0 146
0 146
0 176
0 148
0 147
0 146
0 176
0 147
0 152
0 148
0 153
0 176
0 147
0 147
0 149
0 150
0 147
0 149
0 162
0 152
0 151
0 149
0 148
0 148
0 149
0 148
0 149
0 155
0 151
0 150
0 150
0 150
0 179
0 150
0 150
0 149
0 155
0 148
0 155
0 153
0 162
0 149
0 151
0 183
0 150
0 150
0 151
0 182
0 154
0 154
0 155
0 153
0 155
0 152
0 153
0 154
0 152
0 153
0 156
0 162
0 155
0 156
0 156
0 169
0 166
0 159
0 156
0 156
0 159
0 159
0 160
0 157
0 157
0 161
0 160
0 159
0 161
0 159
0 164
0 162
0 163
0 163
0 167
0 165
0 163
0 164
0 163
0 162
0 199
0 178
0 176
0 177
0 178
0 178
0 178
0 184
0 179
0 177
0 208
0 186
0 186
0 188
0 250
0 185
0 187
0 184
0 184
0 183
0 190
0 192
0 194
0 190
0 191
0 191
0 190
0 190
0 190
0 190
0 203
0 193
0 194
0 194
0 196
0 193
0 194
0 194
0 194
0 194
0 206
0 288
0 205
0 198
0 392
0 197
0 194
0 202
0 197
0 236
0 215
0 201
0 198
0 200
0 202
0 197
0 594
0 264
0 200
0 200
0 207
0 213
0 247
0 203
0 207
0 204
0 204
0 203
0 203
0 218
0 223
0 208
0 320
0 208
0 206
0 207
0 207
0 206
0 206
0 207
0 209
0 208
0 207
0 208
0 208
0 208
0 209
0 279
0 298
0 654
0 212
0 212
0 211
0 212
0 213
0 212
0 210
0 252
0 211
0 210
0 215
0 215
0 213
0 213
0 214
0 214
0 213
0 212
0 212
0 217
0 217
0 217
0 214
0 215
0 216
0 280
0 224
0 228
0 303
0 316
0 219
0 220
0 218
0 217
0 221
0 219
0 218
0 216
0 234
0 217
0 221
0 221
0 263
0 227
0 221
0 220
0 220
0 221
0 219
0 219
0 241
0 222
0 237
0 225
0 224
0 223
0 222
0 224
0 224
0 222
0 233
0 293
0 231
0 230
0 229
0 232
0 230
0 231
0 232
0 279
0 246
0 241
0 240
0 241
0 288
0 241
0 239
0 239
0 240
0 238
0 739
0 248
0 246
0 243
0 244
0 244
0 247
0 254
0 245
0 244
0 248
0 248
0 251
0 246
0 246
0 294
0 246
0 247
0 246
0 246
0 257
0 253
0 253
0 253
0 303
0 254
0 255
0 255
0 304
0 255
0 258
0 256
0 255
0 258
0 257
0 258
0 258
0 256
0 256
0 257
0 263
0 257
0 379
0 264
0 441
0 259
0 258
0 774
0 278
0 346
0 261
0 636
0 260
0 262
0 262
0 261
0 261
0 261
0 262
0 262
0 292
0 272
0 269
0 271
0 270
0 269
0 269
0 273
0 279
0 269
0 835
0 326
0 273
0 271
0 274
0 279
0 276
0 271
0 337
0 271
0 279
0 279
0 277
0 277
0 277
0 280
0 279
0 279
0 277
0 279
0 283
0 284
0 282
0 290
0 284
0 283
0 282
0 286
0 283
0 285
0 291
0 285
0 497
0 284
0 282
0 281
0 284
0 282
0 284
0 283
0 296
0 287
0 284
0 289
0 286
0 285
0 287
0 288
0 287
0 288
0 290
0 288
0 433
0 298
0 437
0 690
0 289
0 288
0 288
0 287
0 291
0 349
0 292
0 291
0 293
0 289
0 290
0 291
0 289
0 291
0 293
0 289
0 301
0 288
0 351
0 290
0 290
0 290
0 299
0 289
0 297
0 296
0 297
0 504
0 294
0 295
0 292
0 292
0 290
0 294
0 367
0 365
0 365
0 362
0 365
0 366
0 362
0 364
0 362
0 362
0 379
0 376
0 377
0 377
0 454
0 388
0 378
0 380
0 376
0 381
0 401
0 392
0 392
0 470
0 396
0 391
0 391
0 391
0 391
0 390
0 395
0 395
0 396
0 393
0 393
0 394
0 410
0 395
0 393
0 393
0 413
0 575
0 403
0 533
0 605
0 397
0 396
0 396
0 399
0 396
0 404
0 400
0 403
0 400
0 410
0 404
0 401
0 401
0 408
0 401
0 413
0 413
0 411
0 412
0 422
0 418
0 412
0 412
0 411
0 412
0 423
0 597
0 426
0 421
0 429
0 422
0 425
0 423
0 504
0 419
0 436
0 434
0 433
0 439
0 436
0 434
0 455
0 433
0 433
0 435
0 441
0 549
0 438
0 450
0 436
0 437
0 435
0 436
0 437
0 438
0 456
0 443
0 445
0 442
0 445
0 443
0 442
0 1041
0 446
0 443
0 454
0 450
0 541
0 451
0 454
0 452
0 450
0 452
0 455
0 452
0 462
0 459
0 460
0 465
0 644
0 466
0 463
0 923
0 461
0 468
0 470
0 713
0 700
0 471
0 473
0 469
0 474
0 569
0 469
0 592
0 470
0 492
0 468
0 672
0 489
0 472
0 1092
0 473
0 470
0 486
0 478
0 474
0 472
0 477
0 476
0 478
0 477
0 471
0 476
0 480
0 480
0 486
0 475
0 475
0 475
0 481
0 476
0 474
0 480
0 475
0 482
0 481
0 484
0 478
0 481
0 486
0 479
0 483
0 481
0 477
0 489
0 539
0 497
0 486
0 488
0 486
0 483
0 484
0 485
0 485
0 506
0 490
0 596
0 490
0 493
0 490
0 492
0 496
0 490
0 490
0 761
0 500
0 497
0 496
0 495
0 495
0 498
0 499
0 495
0 496
0 673
0 502
0 502
0 502
0 502
0 504
0 499
0 516
0 618
0 502
0 525
0 501
0 665
0 500
0 502
0 1004
0 498
0 495
0 492
0 499
0 507
0 502
0 510
0 502
0 508
0 502
0 521
0 503
0 504
0 502
0 514
0 507
0 505
0 508
0 1457
0 506
0 508
0 506
0 504
0 504
0 550
0 536
0 533
0 1057
0 542
0 530
0 528
0 528
0 529
0 529
0 777
0 759
0 764
0 769
0 774
0 780
0 760
0 794
0 765
0 765
0 833
0 821
0 821
0 820
0 821
0 828
0 822
0 820
0 835
0 828
0 834
0 830
0 1110
0 1450
0 1161
0 1317
0 841
0 831
0 837
0 839
0 942
0 940
0 954
0 950
0 941
0 940
0 943
0 1177
0 977
0 943
0 1032
0 1036
0 1038
0 1032
0 1035
0 1028
0 1031
0 1040
0 1035
0 1029
0 1208
0 1176
0 1184
0 1289
0 1180
0 1188
0 1181
0 1190
0 1197
0 1177
0 1219
0 1255
0 1211
0 1212
0 1207
0 1208
0 1440
0 1266
0 1923
0 2776
0 1298
0 1358
0 1885
0 1322
0 1277
0 1310
0 1289
0 1724
0 1288
0 1513
1 1857
1 1860
1 1846
1 2075
1 1833
1 3781
1 1845
1 2072
1 1867
1 1857
1 3106
1 2736
1 1821
1 2898
1 1848
1 1903
1 1790
1 1807
1 1820
1 1829
1 1795
1 1800
1 1816
1 1812
1 1819
1 1801
1 1835
1 1816
1 1840
1 1811
1 1774
1 1791
1 1784
1 1802
1 1805
1 1805
1 1780
1 1815
1 1800
1 1816
1 1780
1 1752
1 1768
1 1787
1 1767
1 1801
1 1768
1 1795
1 1771
1 1796
1 1740
1 1757
1 1780
1 1746
1 1783
1 1753
1 1767
1 1773
1 1791
1 1773
1 1727
1 1764
1 1732
1 1751
1 1739
1 1778
1 2465
1 1749
1 1728
1 1766
1 1769
1 1738
1 1758
1 2524
1 2394
1 1737
1 3459
1 1752
1 1722
1 1766
1 1737
1 1714
1 1738
1 1721
1 1769
1 1717
1 1737
1 1717
1 1731
1 1732
1 1729
1 1749
1 1741
1 1753
1 1733
1 1737
1 1723
1 1729
1 1718
1 1737
1 1734
1 1743
1 1714
1 1719
1 1740
1 1698
1 1744
1 1743
1 1709
1 1740
1 1718
1 1702
1 1710
1 1724
1 1718
1 1723
1 1707
1 1723
1 1711
1 1724
1 1683
1 1684
1 1730
1 1684
1 1703
1 1682
1 1717
1 1680
1 1702
1 1715
1 1686
1 1671
1 1694
1 1689
1 1689
1 1699
1 1681
1 2429
1 2076
1 1692
1 1683
1 1691
1 1715
1 1686
1 1697
1 1690
1 1684
1 1694
1 1677
1 1684
1 1710
1 1692
1 1690
1 1678
1 1772
1 1669
1 1676
1 1704
1 1673
1 1685
1 1665
1 1697
1 1655
1 1655
1 1657
1 1670
1 1665
1 1677
1 1695
1 1656
1 2471
1 1681
1 1714
1 1680
1 1703
1 1700
1 1692
1 1673
1 1700
1 1707
1 1669
1 1673
1 1699
1 1689
1 1670
1 1686
1 1645
1 1684
1 1665
1 1668
1 1664
1 1667
1 1655
1 1660
1 1653
1 1672
1 1644
1 1667
1 1678
1 1663
1 1646
1 1662
1 1679
1 2576
1 3847
1 1657
1 1636
1 1664
1 1966
1 1661
1 1640
1 1641
1 1663
1 1661
1 1678
1 1641
1 1650
1 1656
1 1670
1 1643
1 1645
1 1767
1 1645
1 1667
1 1653
1 1649
1 1629
1 1658
1 1636
1 1664
1 1627
1 1634
1 1668
1 1660
1 1645
1 2456
1 1619
1 1621
1 1667
1 1623
1 1632
1 1639
1 1653
1 1632
1 1629
1 1942
1 1686
1 1680
1 1958
1 1635
1 1630
1 3499
1 1995
1 1660
1 1675
1 1689
1 1678
1 1646
1 1609
1 2152
1 1927
1 1868
1 2174
1 2501
1 1688
1 1637
1 1858
1 1692
1 1874
1 1624
1 2136
1 1974
1 1780
1 1627
1 1708
1 2390
1 1973
1 1727
1 1637
1 1650
1 1635
1 1617
1 1622
1 1604
1 1664
1 1614
1 1620
1 1635
1 1633
1 1611
1 1627
1 1604
1 1596
1 1642
1 1625
1 1625
1 1636
1 1622
1 1633
1 1607
1 1591
1 1647
1 1707
1 1616
1 1610
1 1609
1 1592
1 1676
1 1624
1 1630
1 1618
1 1601
1 1629
1 1609
1 1610
1 1591
1 1621
1 1591
1 1609
1 1601
1 1590
1 1604
1 1605
1 1623
1 1599
1 1608
1 1624
1 1610
1 1598
1 1619
1 2758
1 2748
1 2083
1 1621
1 1576
1 1595
1 1581
1 1632
1 1598
1 1620
1 1631
1 1588
1 1612
1 1576
1 1616
1 1589
1 1640
1 2627
1 2971
1 2272
1 1631
1 1569
1 1595
1 1593
1 1609
1 1605
1 1601
1 1616
1 1604
1 1588
1 1771
1 1603
1 1624
1 1616
1 2075
1 1584
1 1579
1 1585
1 1582
1 1568
1 1605
1 1601
1 1571
1 1602
1 1570
1 1608
1 1605
1 1602
1 1576
1 1585
1 1601
1 1570
1 1600
1 1582
1 1604
1 1566
1 1584
1 1572
1 1607
1 1567
1 1558
1 1598
1 1593
1 1595
1 1561
1 1588
1 1584
1 1581
1 1571
1 1619
1 1577
1 1572
1 1809
1 1598
1 2339
1 1898
1 1610
1 1674
1 1559
1 1632
1 1552
1 1590
1 2513
1 1591
1 1589
1 1599
1 1642
1 1599
1 1595
1 1599
1 1564
1 1553
1 2815
1 1588
1 1612
1 1607
1 1594
1 1588
1 1610
1 1586
1 1592
1 1551
1 1568
1 1588
1 1585
1 1547
1 1569
1 1570
1 1589
1 1574
1 1547
1 1556
1 1562
1 1585
1 1561
1 1566
1 2044
1 2937
1 2286
1 2993
1 2006
1 2040
1 2112
1 1590
1 1544
1 1596
1 1558
1 1756
1 1553
1 1544
1 1536
1 1580
1 1554
1 2236
1 2563
1 1548
1 1554
1 1558
1 1648
1 1565
1 1592
1 1549
1 1583
1 1589
1 1558
1 1587
1 1534
1 1565
1 1566
1 1575
1 1567
1 2320
1 3157
1 1537
1 1560
1 1543
1 1553
1 1569
1 1567
1 1557
1 1559
1 1559
1 1559
1 1563
1 1581
1 1565
1 1572
1 1579
1 1552
1 1574
1 1524
1 1530
1 1551
1 1522
1 1547
1 1541
1 1557
1 1519
1 1561
1 1518
1 1532
1 1566
1 1534
1 1550
1 1535
1 1547
1 1540
1 1543
1 1545
1 1572
1 1534
1 1532
1 1557
1 1752
1 2333
1 1527
1 1547
1 1552
1 1524
1 1517
1 2214
1 2534
1 1531
1 1518
1 1540
1 1526
1 1511
1 1584
1 1569
1 1553
1 1549
1 1534
1 1542
1 1567
1 1529
1 1558
1 1541
1 1559
1 1551
1 1529
1 1519
1 1528
1 1847
1 1550
1 1582
1 1529
1 1540
1 2298
1 4290
1 1534
1 1518
1 1520
1 1513
1 1509
1 1510
1 1524
1 1508
1 1519
1 1500
1 1518
1 1537
1 1505
1 1529
1 1530
1 2553
1 1518
1 1564
1 1504
1 1512
1 1502
1 1532
1 1540
1 1501
1 1500
1 1551
1 1535
1 1510
1 1523
1 1544
1 1529
1 1509
1 1517
1 1549
1 2305
1 1501
1 1536
1 1524
1 1521
1 1525
1 1517
1 1517
1 1506
1 1516
1 1497
1 2215
1 2212
1 1507
1 1702
1 1501
1 1512
1 1531
1 1517
1 1488
1 1515
1 1513
1 1504
1 1528
1 1500
1 1490
1 1526
1 1505
1 1501
1 1486
1 1503
1 1492
1 1524
1 1508
1 1515
1 2243
1 1496
1 1786
1 1494
1 1484
1 1501
1 1498
1 1510
1 1513
1 1501
1 1478
1 1524
1 1532
1 1479
1 1525
1 1490
1 1504
1 1489
1 1525
1 1478
1 1527
1 1502
1 1477
1 1503
1 1492
1 1522
1 1476
1 1511
1 1769
1 1542
1 1478
1 1521
1 1501
1 1499
1 1526
1 1503
1 1517
1 1497
1 1513
1 1502
1 1508
1 1480
1 1494
1 2891
1 2207
1 1469
1 1486
1 1490
1 1509
1 1501
1 1495
1 1496
1 1503
1 1492
1 1493
1 1497
1 1514
1 1485
1 1499
1 1548
1 1509
1 1468
1 1504
1 1516
1 1478
1 1501
1 1490
1 1494
1 1465
1 1494
1 1482
1 1493
1 1468
1 1489
1 1526
1 1465
1 3013
1 3010
1 2202
1 1467
1 1480
1 1497
1 1509
1 1469
1 1490
1 1530
1 1517
1 1501
1 1500
1 1475
1 1486
1 1459
1 1462
1 1499
1 1461
1 1504
1 1470
1 1524
1 1476
1 1493
1 1469
1 1493
1 1950
1 1454
1 1474
1 1477
1 1518
1 1473
1 1479
1 2163
1 2183
1 1990
1 1483
1 1472
1 1510
1 1469
1 1494
1 1478
1 1495
1 1464
1 1498
1 1464
1 1468
1 1482
1 1485
1 1467
1 1447
1 1466
1 1462
1 1494
1 1448
1 1469
1 1750
1 1447
1 1507
1 1477
1 1473
1 1448
1 1477
1 1461
1 1471
1 1449
1 2235
1 1459
1 2910
1 1465
1 1484
1 1485
1 1480
1 1472
1 1496
1 1480
1 1449
1 1453
1 1471
1 1458
1 1453
1 1463
1 1471
1 1484
1 1438
1 1487
1 1437
1 1476
1 1453
1 1455
1 1465
1 1444
1 1437
1 1438
1 1441
1 1460
1 1459
1 1449
1 1434
1 1450
1 1455
1 1435
1 1468
1 2178
1 1949
1 1543
1 1443
1 1476
1 1479
1 1472
1 1463
1 1466
1 1455
1 1481
1 1458
1 1468
1 1453
1 1434
1 1491
1 1465
1 1490
1 1462
1 1466
1 1447
1 1494
1 1449
1 1451
1 1463
1 1439
1 1483
1 1449
1 1489
1 1438
1 1460
1 1445
1 1445
1 1478
1 1454
1 1455
1 1480
1 1833
1 1488
1 1472
1 1468
1 1499
1 1474
1 1501
1 1484
1 1434
1 1442
1 1456
1 1450
1 1435
1 1431
1 1429
1 1424
1 1443
1 1485
1 1448
1 2168
1 2000
1 1457
1 1491
1 1465
1 1466
1 1480
1 1937
1 1929
1 1454
1 1451
1 1463
1 1469
1 1485
1 1455
1 1453
1 1465
1 1417
1 1433
1 1456
1 1425
1 1506
1 1432
1 1425
1 1436
1 1433
1 1451
1 1422
1 1439
1 1456
1 1443
1 1462
1 1418
1 1458
1 1429
1 1459
1 1432
1 2168
1 1413
1 1442
1 1442
1 1425
1 1401
1 1445
1 1417
1 1431
1 1416
1 1410
1 1442
1 1429
1 1423
1 1425
1 1439
1 1435
1 1436
1 1411
1 1448
1 1406
1 1433
1 1444
1 1449
1 1430
1 1402
1 3233
1 1413
1 1425
1 1402
1 1424
1 1406
1 1413
1 1417
1 1404
1 1420
1 1428
1 2478
1 1402
1 1429
1 1391
1 1401
1 1395
1 1398
1 1430
1 1392
1 1418
1 1413
1 1403
1 1424
1 1443
1 1415
1 1399
1 1399
1 1408
1 1398
1 1400
1 1417
1 1431
1 1397
1 1425
1 1410
1 1446
1 1406
1 1407
1 1418
1 1424
1 1431
1 2176
1 1431
1 1419
1 1430
1 1451
1 1423
1 1458
1 1435
1 1473
1 1467
1 1449
1 1423
1 1394
1 1413
1 1439
1 1440
1 1453
1 1463
1 1452
1 1442
1 1428
1 1433
1 1409
1 1420
1 1411
1 1403
1 1418
1 1461
1 1413
1 1429
1 1406
1 1429
1 1411
1 1428
1 1415
1 1415
1 1422
1 1420
1 1438
1 1427
1 1440
1 1405
1 1413
1 1882
1 1439
1 1430
1 1407
1 1413
1 1439
1 1425
1 1392
1 1429
1 1409
1 1402
1 1426
1 1399
1 1458
1 1397
1 1457
1 1400
1 1433
1 1400
1 1419
1 1431
1 1399
1 1417
1 1404
1 1420
1 1410
1 1440
1 1402
1 1428
1 1870
1 1415
1 1435
1 1451
1 1412
1 1414
1 1437
1 1391
1 1417
1 1394
1 1389
1 1415
1 1392
1 1411
1 1405
1 1412
1 1398
1 1425
1 1398
1 1405
1 1379
1 1392
1 1431
1 1420
1 1401
1 1381
1 1410
1 1411
1 1417
1 1405
1 1396
1 1412
1 1403
1 1410
1 1387
1 1406
1 1417
1 1419
1 1392
1 1436
1 1402
1 1382
1 1428
1 1413
1 1405
1 1398
1 1408
1 1417
1 1438
1 2334
1 2399
1 1421
1 1425
1 1407
1 1415
1 1427
1 1394
1 1395
1 1405
1 1412
1 1392
1 1406
1 1435
1 1397
1 1407
1 1416
1 1392
1 1396
1 1420
1 1410
1 1469
1 1396
1 1423
1 1413
1 1755
1 1388
1 1413
1 1431
1 1404
1 1418
1 1384
1 1412
1 1384
1 1396
1 1403
1 1412
1 1370
1 1425
1 1386
1 1424
1 1404
1 1371
1 1405
1 1413
1 1422
1 1403
1 1425
1 1435
1 1396
1 1378
1 1425
1 1397
1 1372
1 1406
1 1445
1 1405
1 1387
1 1413
1 1410
1 1416
1 1416
1 2015
1 1391
1 1403
1 1392
1 1369
1 1413
1 1417
1 1392
1 1359
1 2090
1 1400
1 1595
1 1408
1 1405
1 1403
1 1387
1 1536
1 1385
1 1389
1 1381
1 1389
1 1414
1 1391
1 1390
1 1414
1 1415
1 1372
1 1393
1 1368
1 1399
1 1388
1 1375
1 1387
1 1368
1 1409
1 1371
1 1392
1 1373
1 1392
1 1368
1 1371
1 1419
1 1378
1 1398
1 1402
1 1422
1 1423
1 1414
1 1379
1 1360
1 1375
1 1365
1 1408
1 1365
1 1391
1 1404
1 1393
1 1391
1 1416
1 1410
1 1355
1 1367
1 1379
1 1359
1 1359
1 1373
1 1356
1 1368
1 1372
1 1472
1 1400
1 1355
1 1408
1 1393
1 1380
1 2317
1 1379
1 1396
1 1381
1 1381
1 1375
1 1385
1 1397
1 1373
1 1378
1 1406
1 1407
1 1375
1 1397
1 1361
1 1383
1 1381
1 1397
1 1367
1 2091
1 1365
1 1379
1 2129
1 1359
1 1365
1 1407
1 1371
1 1351
1 1347
1 1370
1 1358
1 1375
1 1350
1 1383
1 1367
1 1379
1 1353
1 1354
1 1353
1 1394
1 1358
1 1383
1 1357
1 1385
1 1348
1 1382
1 1375
1 1357
1 1376
1 1405
1 1384
1 1361
1 1381
1 1370
1 1355
1 1374
1 1365
1 1378
1 1367
1 1411
1 1363
1 1372
1 1373
1 1369
1 1353
1 2382
1 1964
1 1365
1 1374
1 1360
1 1390
1 1406
1 1369
1 1388
1 1371
1 1374
1 1379
1 1374
1 1366
1 1385
1 1353
1 1364
1 1365
1 1364
1 1376
1 1345
1 1367
1 1388
1 1406
1 1368
1 1367
1 1362
1 1398
1 1348
1 1348
1 1376
1 1357
1 1775
1 1365
1 1373
1 1359
1 1367
1 1374
1 1378
1 1360
1 1362
1 1379
1 1376
1 1357
1 1361
1 1376
1 1379
1 1362
1 1406
1 1349
1 1390
1 1363
1 1385
1 1373
1 1375
1 1382
1 1361
1 1406
1 1377
1 1360
1 1370
1 1347
1 1529
1 1365
1 1395
1 1378
1 1387
1 1383
1 1341
1 1337
1 1369
1 1475
1 1369
1 1407
1 1344
1 1341
1 1377
1 1376
1 1379
1 1366
1 1345
1 1378
1 1374
1 1351
1 1357
1 1404
1 1375
1 1387
1 1376
1 1346
1 1392
1 1347
1 1372
1 1409
1 1376
1 1386
1 1367
1 1380
1 1367
1 1363
1 1346
1 1365
1 1384
1 1369
1 1353
1 1349
1 1353
1 1364
1 1364
1 1389
1 1358
1 1370
1 1343
1 1372
1 1404
1 1373
1 1432
1 1382
1 1386
1 1340
1 1362
1 1410
1 1381
1 1354
1 1390
1 1370
1 1363
1 1378
1 1419
1 1370
1 1386
1 1358
1 1333
1 1368
1 1349
1 1338
1 1390
1 1344
1 1365
1 1441
1 1619
1 1331
1 1363
1 1423
1 1343
1 1411
1 1359
1 1363
1 1376
1 1329
1 1340
1 1375
1 1369
1 1383
1 1402
1 1462
1 1376
1 1358
1 1381
1 1371
1 1383
1 1373
1 1369
1 1345
1 1396
1 1372
1 1376
1 1336
1 1391
1 1325
1 1321
1 1353
1 2001
1 1353
1 1371
1 1371
1 1323
1 1348
1 1326
1 1343
1 1323
1 1321
1 1331
1 1344
1 1336
1 1321
1 1353
1 1338
1 1322
1 1327
1 1371
1 1321
1 1329
1 1342
1 1352
1 1364
1 1367
1 1345
1 1354
1 2266
1 1588
1 1304
1 1356
1 1325
1 1317
1 1333
1 1328
1 1328
1 2001
1 2020
1 1316
1 1300
1 1302
1 1297
1 1302
1 1321
1 1347
1 1293
1 2142
1 1292
1 1297
1 1300
1 1295
1 1327
1 1311
1 1292
1 1292
1 1371
1 1295
1 1307
1 1306
1 1299
1 1301
1 1353
1 1316
1 1346
1 1339
1 1308
1 1307
1 2063
1 1293
1 1288
1 1317
1 1337
1 1323
1 1357
1 1320
1 1326
1 1366
1 1345
1 1294
1 1354
1 1332
1 1327
1 1326
1 1369
1 1322
1 1320
1 1323
1 1315
1 1313
1 1327
1 1307
1 1318
1 1326
1 1331
1 1313
1 1368
1 1315
1 1303
1 1309
1 1553
1 1315
1 1281
1 1317
1 1371
1 1284
1 1284
1 2270
1 1702
1 1279
1 1286
1 1286
1 1277
1 1309
1 1321
1 1316
1 1309
1 1277
1 1287
1 1305
1 1315
1 1346
1 1315
1 1330
1 1366
1 1351
1 1311
1 1314
1 1308
1 1289
1 1303
1 1330
1 1317
1 1337
1 1313
1 1321
1 1285
1 1281
1 1300
1 1274
1 1313
1 1323
1 1301
1 1291
1 1299
1 1312
1 1308
1 1332
1 1300
1 1354
1 1315
1 1374
1 1314
1 1296
1 1289
1 1272
1 1271
1 1309
1 1274
1 1278
1 1313
1 1352
1 1307
1 1324
1 1358
1 1294
1 1358
1 1311
1 1269
1 1282
1 1303
1 1259
1 1284
1 1282
1 1440
1 1271
1 1332
1 1309
1 1345
1 1393
1 1303
1 1278
1 1577
1 1310
1 1261
1 1299
1 1305
1 1366
1 1350
1 1258
1 1303
1 1395
1 1517
1 1259
1 1259
1 1278
1 1256
1 1302
1 1275
1 1269
1 1271
1 1319
1 1256
1 1297
1 1269
1 1257
1 1261
1 1326
1 1293
1 1270
1 1279
1 1295
1 1283
1 1303
1 1281
1 1298
1 1278
1 1358
1 1249
1 1289
1 1285
1 1277
1 1352
1 1698
1 1277
1 1298
1 1295
1 1297
1 1324
1 1282
1 1382
1 2582
1 2564
1 2856
1 1289
1 1291
1 1257
1 1253
1 1252
1 1343
1 1266
1 1247
1 1250
1 1255
1 1246
1 1251
1 1309
1 1275
1 1311
1 1321
1 1285
1 1346
1 1281
1 1355
1 1287
1 1284
1 1279
1 1261
