15
13
13
30
21
18
22
23
23
21
19
17
17
17
16
17
16
15
15
15
17
14
14
14
13
13
13
14
13
13
15
14
13
12
13
13
13
13
29
13
18
14
15
15
14
15
15
15
14
15
15
13
13
13
13
13
13
13
13
13
15
13
13
13
13
13
13
12
14
13
17
14
15
14
14
14
14
14
14
15
21
18
17
18
18
18
19
18
18
18
17
15
15
14
15
15
14
18
18
18
40
38
37
37
37
38
43
43
42
43
20
17
18
17
18
22
22
22
22
21
42
42
72
72
72
73
72
78
50
50
42
40
40
40
40
39
40
40
39
40
23
18
19
19
18
19
19
19
19
18
45
37
37
37
37
38
37
37
74
37
14
12
12
12
12
12
12
12
12
12
40
37
37
37
36
37
37
37
37
46
21
17
17
17
18
17
18
18
17
17
40
38
37
38
38
37
36
37
37
37
312
309
309
309
309
352
353
351
353
353
30
28
27
32
32
32
32
32
32
32
287
291
292
301
321
298
380
380
377
378
18
17
16
17
16
16
16
16
16
17
21
19
19
19
30
31
31
30
31
30
33
29
30
28
27
27
27
27
27
28
26
23
23
23
24
22
23
23
23
23
14
12
13
13
12
12
13
13
12
12
296
292
304
291
291
291
330
291
293
294
17
15
16
16
16
16
16
16
16
20
44
42
42
42
42
42
42
76
76
76
122
119
118
119
119
119
119
119
120
119
1628
1629
1624
1654
1992
2202
2202
2044
1740
1746
1628
1865
1871
1885
1952
1869
1737
1743
1745
1742
1627
2877
1868
2334
1786
1624
1625
1631
1631
1627
309
309
306
308
307
311
308
377
375
375
26
24
24
23
23
23
23
24
23
24
26
24
23
24
30
29
28
29
29
29
22
18
18
17
18
18
18
17
17
18
27
25
25
24
25
27
27
27
27
26
665
670
673
671
676
671
669
677
680
676
41
36
36
36
36
36
36
36
36
36
692
715
709
712
710
707
712
806
708
709
675
671
677
671
674
683
673
697
676
678
164
164
137
135
143
118
135
141
136
137
29
27
26
27
26
26
27
26
27
27
81
75
54
76
85
76
77
77
77
76
39
37
37
37
37
37
37
37
38
46
75
38
37
37
38
60
61
60
61
60
40
38
38
38
38
38
37
38
38
38
55
52
52
53
54
54
53
54
54
55
88
86
87
86
87
87
87
87
89
122
25
23
22
22
23
23
23
23
23
22
157
161
166
153
159
276
283
278
280
232
84
81
80
81
80
82
81
80
78
78
90
78
79
78
78
78
78
79
81
81
74
59
59
59
59
83
84
83
85
83
62
63
61
61
61
61
62
59
71
60
54
54
54
54
52
52
52
53
52
54
4925
6657
10446
5607
5374
5055
5152
5372
5564
5727
8169
7869
10251
5359
5120
5057
5359
5471
5368
5394
31
30
28
28
28
33
30
29
28
29
41
41
40
40
40
40
40
41
42
47
126
128
112
112
111
111
108
125
108
107
42
36
35
35
36
35
41
40
40
50
116
113
114
113
112
113
114
122
113
112
74
62
62
63
62
62
62
63
61
63
688
667
666
665
664
722
801
808
803
808
5343
5234
5230
5211
4751
6960
5990
5654
5419
7871
93
93
91
89
89
90
90
90
89
90
94
86
86
87
85
87
84
84
84
84
4920
4964
4906
4991
5026
5033
4990
4937
5064
4911
168
170
169
172
171
169
170
171
170
172
1182
1148
1166
1184
1220
1231
1241
1233
1220
1219
182
171
170
179
170
170
169
186
224
182
53
48
48
48
51
51
51
59
58
58
60
58
57
59
59
57
58
67
67
67
188
185
184
184
184
200
198
198
197
198
165
164
163
183
175
175
175
176
176
175
98
83
83
83
82
83
84
83
83
82
52
50
50
51
50
50
50
50
50
50
224
222
222
221
222
221
222
221
221
253
3940
2446
2445
2452
2448
2449
2451
2450
2466
2448
55
54
54
54
54
54
54
67
63
62
21265
19306
19087
18454
18451
19082
19247
19311
18387
18245
19909
19147
19363
19212
19231
19248
20652
19201
19186
19043
4863
6180
4894
4907
5016
4951
5805
8960
9246
6148
92
90
90
90
91
88
87
99
100
99
198
196
196
198
197
197
200
197
198
227
135
133
135
122
122
123
122
121
122
121
50
48
48
47
48
48
48
47
47
48
100
96
96
96
97
96
96
96
102
96
13869
12194
12717
13885
12233
17599
12059
12157
12889
12442
213
212
212
213
212
211
223
201
215
267
341
154
154
154
154
155
153
155
154
163
343
352
351
442
443
442
441
449
442
443
188
185
185
185
186
185
184
185
346
283
217
214
213
215
218
214
286
286
293
286
152
152
150
160
164
162
162
161
161
163
68
67
68
67
68
67
76
68
68
68
373
378
371
374
372
373
371
372
480
487
141
139
140
139
140
138
160
159
160
160
9084
8808
7989
9076
8609
8524
8245
8150
8531
9011
601
614
789
829
840
835
832
875
912
903
259
260
257
263
274
277
274
277
274
274
188
184
185
186
186
189
184
247
244
245
42
40
41
40
41
47
46
46
46
46
103
100
99
99
99
104
99
100
99
97
291
255
296
288
289
332
331
331
333
331
144
141
140
140
142
140
141
141
141
142
80
77
76
77
77
76
77
77
78
77
326
308
308
305
305
304
308
304
304
596
469
492
466
475
467
516
564
571
564
567
21163
20109
19246
20085
20320
19118
19138
21962
18674
18678
120
121
122
120
121
121
121
121
122
122
87
83
83
84
83
84
83
83
83
83
279
277
279
277
318
317
320
319
317
318
544
539
539
533
536
532
531
531
531
531
204
204
204
205
204
203
203
203
253
252
747
745
806
795
800
797
799
795
801
814
508
503
508
504
504
581
577
578
584
581
30372
28096
27200
27916
27472
27480
27392
27730
27479
27458
478
482
475
477
481
476
480
546
547
554
269
266
267
266
308
305
305
308
305
304
14743
12890
13491
13521
13491
12470
12788
18495
17121
13320
212
212
209
209
210
210
210
210
210
242
123
121
119
122
120
119
137
138
143
119
396
395
391
393
435
392
391
451
451
453
470
403
403
403
402
403
405
403
431
461
152
171
150
152
149
202
201
202
202
202
465
463
472
469
467
464
465
463
462
491
131
135
131
131
128
129
129
129
129
129
143
132
140
139
141
139
140
140
166
161
451
441
439
439
440
442
410
405
495
470
54647
52456
55169
53266
53009
53007
53101
52842
53318
53016
534
533
530
530
530
648
646
649
649
655
5190
5072
5074
5087
5070
5089
4774
4767
5075
5083
890
912
921
916
920
934
963
978
984
976
172
171
169
170
183
183
182
185
183
181
426
368
366
366
367
372
373
366
368
429
654
652
650
650
661
720
933
938
939
936
648
655
658
650
652
648
646
754
743
746
32
31
30
30
33
33
33
33
32
33
515
504
503
504
506
505
504
509
504
505
509
507
507
512
510
506
577
577
583
590
272
282
268
268
195
194
201
210
211
209
277
283
277
275
317
324
319
317
316
320
5056
4954
4938
4944
4938
4952
4523
4482
4498
4509
255
248
246
246
245
249
245
247
248
247
427
417
415
421
411
412
649
666
654
652
170
154
154
154
156
155
153
160
156
155
269
275
274
279
276
275
273
274
320
383
1193
1171
1171
1221
1326
1329
1327
1328
1338
1336
1104
1120
1110
1190
1261
1259
1253
1259
1230
1193
230
230
233
229
229
231
230
264
265
409
91
87
87
88
87
88
87
93
92
93
171
167
168
179
181
180
179
179
179
180
1461
1387
1382
1384
1388
1399
1444
1476
1479
1481
491
485
487
484
490
483
503
697
703
700
87
85
84
91
91
91
95
91
90
90
254
250
253
251
253
251
251
253
251
251
1453
1455
1448
1459
1464
1449
1453
1457
1451
1562
32
30
30
30
30
31
30
31
29
30
183
180
182
180
180
184
180
179
179
180
369
363
366
369
363
365
426
444
450
444
583
593
591
638
712
714
714
718
722
714
58
56
55
55
55
55
56
56
56
58
176
175
173
171
188
166
167
167
166
278
304
303
302
368
367
389
368
369
370
367
82
81
79
79
79
79
79
80
80
80
541
538
542
537
536
538
538
653
655
667
739
735
736
735
741
739
738
742
733
739
264
266
262
261
263
278
279
279
280
282
4644
4656
4613
4655
2945
2565
2422
2396
2382
2386
1271
1256
1262
1259
1256
1259
1472
1480
1501
1476
1454
1447
1447
1456
1446
1446
1449
1446
1439
1455
443
437
439
432
432
432
436
401
404
403
150
148
148
147
148
148
147
148
185
183
681
684
686
684
692
678
691
678
678
723
1440
1439
1470
1472
1396
1413
1400
1394
1403
1395
4555
4720
4682
4627
4676
4717
4718
4704
4647
4731
3732
1736
1701
2053
2064
2063
2269
2606
2603
2302
207
428
423
431
206
252
250
251
251
251
607
604
605
607
605
604
618
611
611
604
253
252
250
252
252
253
253
289
290
289
444
443
436
435
499
498
505
500
500
500
432
402
403
403
402
404
403
403
403
784
189
196
193
192
196
195
262
262
263
264
350
347
347
347
350
348
352
348
352
356
220
217
193
190
189
190
191
189
203
189
254
252
253
251
251
251
252
252
256
253
468
465
469
465
466
470
498
505
506
502
132
127
128
128
130
127
129
128
128
132
470
415
404
405
405
405
409
404
406
468
833
868
872
867
804
806
805
816
802
803
1242
1220
1226
1218
1221
1396
1397
1403
1388
1397
253
251
250
251
250
255
252
253
438
436
1739
1758
1747
1738
1739
1826
1861
1863
1815
1737
1408
1413
1407
2209
2218
2208
1507
1506
1496
1504
1403
1399
1401
1398
1397
1440
1506
1514
1500
1498
277
271
276
274
271
270
271
269
271
334
142
139
139
138
140
139
140
174
174
174
254
250
249
248
270
265
271
264
264
265
1325
1322
1330
1318
1334
2418
1344
1336
1327
1339
1786
1768
1772
1793
1906
1876
1903
1883
1889
1884
133
132
131
132
140
140
140
141
140
140
302
325
325
323
321
325
321
326
323
323
994
984
991
984
1061
1051
1053
1059
1053
1057
529
525
523
525
525
524
647
694
695
689
332
328
333
328
332
328
354
351
350
355
599
593
593
594
593
591
644
592
601
593
377
388
387
390
392
386
388
389
389
387
1684
1664
1663
1586
1517
1537
1524
1520
1539
1540
528
512
544
510
529
516
518
510
525
510
524
430
451
445
449
444
449
449
431
431
198
175
150
150
150
150
150
150
150
151
1009
1003
1014
1006
1042
1005
1007
1004
1008
1021
555
568
579
600
569
605
571
568
594
568
1088
1095
1083
1267
1271
1276
1273
1276
1270
1282
281
281
300
279
279
316
318
315
316
318
698
692
691
649
649
649
646
648
661
698
191
209
190
186
188
188
190
210
223
185
1504
1272
1283
1242
1249
1243
1241
1248
1242
1263
625
621
658
659
658
669
722
805
818
802
120
137
196
139
137
138
137
136
125
127
533
531
530
529
529
566
574
574
574
714
197
182
181
179
180
178
178
178
179
178
916
944
913
932
914
926
1110
1108
1104
1100
1438
1350
1349
1352
1370
1451
1455
1467
1441
1452
313
312
319
311
311
311
311
312
381
382
116
114
114
115
114
115
144
144
221
220
80
78
80
78
85
86
85
85
85
84
1266
1319
1316
1302
1547
1585
1567
1572
1562
1466
318
310
309
308
308
308
308
308
311
309
910
923
918
922
917
1463
1493
1491
1092
1080
132
133
133
133
132
133
195
196
195
194
610
568
566
578
565
568
565
564
660
652
128
126
127
125
125
127
128
154
153
144
222
218
218
217
217
220
216
218
218
217
759
750
703
702
702
712
711
702
742
751
1080
934
923
940
917
895
894
891
889
910
222
220
218
219
219
221
219
222
268
268
170
167
167
168
167
171
191
194
196
195
316
315
314
314
316
314
315
341
335
336
1177
1194
1185
1173
1175
1174
1189
1171
1178
1172
260
265
266
267
276
264
271
266
263
264
5287
5210
5229
5331
5542
9391
10916
5812
5327
5145
652
641
635
637
636
656
640
640
641
645
237
244
242
244
274
272
274
449
446
535
308
306
306
312
305
307
308
307
306
329
335
333
332
332
332
333
490
490
491
501
658
603
616
603
602
611
603
612
695
692
137
137
137
263
134
136
262
265
134
134
752
755
752
750
753
759
758
749
757
749
658
655
654
666
655
655
655
655
653
656
1486
1488
1481
1482
1494
1485
1489
1488
1484
1482
401
398
398
399
398
398
406
827
822
821
422
434
452
433
432
544
543
549
440
433
568
561
563
619
615
621
615
615
614
636
1128
1127
1146
1148
1125
1190
1216
1216
1199
1196
1192
1148
1019
1025
1024
1018
1018
1033
1019
1024
126
124
125
126
159
160
158
159
159
158
1463
1228
1216
1210
1195
1193
1204
1223
1198
1223
154
155
150
150
151
152
151
151
151
153
348
294
354
346
352
405
401
400
401
370
927
925
925
923
922
1061
1053
1049
1066
1052
440
414
415
417
416
414
417
413
483
477
618
617
615
617
641
665
659
657
656
660
727
715
715
668
667
667
665
696
723
720
619
615
616
615
660
659
665
656
658
661
266
264
268
266
266
263
265
262
262
358
1183
1181
1181
1187
1187
1356
1373
1318
1268
1264
224
221
223
223
256
255
273
259
254
255
2468
2364
2359
2375
2359
2358
2354
2668
2714
2723
873
863
862
860
862
879
838
860
863
862
1715
1763
1743
1740
1744
1751
1756
1742
1695
1747
851
843
862
844
851
844
850
853
846
846
216
212
213
212
246
245
244
245
243
409
213
214
215
212
212
214
213
212
213
243
298
294
297
299
295
295
298
427
423
426
2617
2477
2456
2438
2474
2469
2451
2445
2448
2459
2053
2064
2054
2058
2073
2051
2056
2050
3029
3027
1299
667
894
890
890
807
761
763
760
767
1722
1719
1705
1700
1805
1821
1819
1840
1831
1829
267
264
264
267
266
322
323
325
322
322
1086
1094
1032
1473
1013
1020
1201
1543
1494
1496
179
177
184
176
170
171
171
170
171
179
366
341
340
340
341
342
339
340
340
344
588
601
608
602
609
606
611
602
603
621
1421
1418
1435
1444
1418
1395
1348
1362
1331
1328
583
523
529
510
509
508
507
508
526
509
597
527
547
539
534
528
525
525
526
891
208
206
178
179
177
178
181
178
221
223
2437
2448
2601
2626
2602
2483
2444
2437
2439
2440
309
311
305
307
385
379
381
379
383
379
282
280
285
280
281
279
279
281
280
279
386
389
389
387
351
353
413
410
352
354
173
140
142
141
142
141
141
141
141
141
108
105
106
105
105
105
105
104
105
106
270
249
249
251
249
249
248
248
250
268
1105
1094
1096
1097
1101
1100
1097
1102
1095
1101
921
916
916
908
919
909
919
916
916
916
516
517
520
519
667
762
516
520
516
762
1015
950
885
887
882
926
941
950
943
946
120
129
107
108
107
107
108
108
108
108
2566
2567
2612
2614
2564
2571
2576
2518
2558
2591
1187
1189
1196
1184
1187
1190
1190
1202
1185
1186
600
617
619
625
617
622
626
620
621
617
1195
1199
1199
1185
1271
1299
1269
1270
1273
1275
316
313
310
310
310
331
357
355
359
356
268
267
264
268
265
266
267
265
268
264
218
217
221
217
216
221
217
216
239
249
1925
1906
1906
1925
1931
1901
1901
2025
1900
1903
878
874
874
883
874
875
936
932
951
950
459
455
449
452
449
484
481
480
481
655
84
82
82
86
82
82
82
82
84
82
274
271
271
273
271
272
277
252
248
244
1205
1206
1201
1290
1290
1284
1290
1283
1298
1295
1438
1445
1580
1656
1637
1656
1640
1632
1650
1636
226
229
225
224
222
226
222
226
223
433
974
986
977
982
987
977
976
978
972
971
227
228
225
225
226
226
230
224
228
226
396
393
390
395
396
391
404
390
392
488
487
486
483
485
479
484
546
545
546
549
133
132
131
131
130
130
131
140
139
140
200
103
199
210
197
200
201
127
127
135
355
351
353
350
372
375
374
376
375
375
239
238
223
226
221
226
224
223
222
225
1159
1209
1175
1182
1213
1423
1425
1421
1423
1425
887
873
878
873
874
994
1005
1001
996
996
112
87
87
88
87
87
87
86
88
88
78
75
77
76
76
76
76
77
75
76
3401
3413
3877
3886
3536
3404
3396
3624
3631
3622
381
380
378
380
379
434
433
439
434
439
124
122
113
113
112
113
114
115
113
115
2231
2142
2142
2140
2140
2139
2151
2248
2338
2292
365
339
341
339
339
344
340
339
339
309
147
144
146
145
144
144
144
145
143
144
3899
3917
3892
3891
3947
4267
4262
3812
3819
3908
333
329
392
391
433
431
433
430
436
419
353
346
348
343
369
369
368
368
370
368
1345
1330
2246
2413
1331
1334
1331
1331
1326
1332
357
354
350
349
350
349
349
366
348
357
1056
1063
1051
1176
1267
1245
1285
1272
1252
1246
373
369
370
376
369
370
422
425
421
420
734
722
717
768
768
768
783
765
784
825
1261
1263
1253
1344
1357
1355
1342
1375
1347
1348
935
950
933
935
951
996
1010
996
998
998
1720
1727
1823
2464
2468
2354
1953
1953
1962
1976
1449
1447
1436
1487
1645
1639
1644
1654
1635
1635
208
206
205
203
253
254
260
252
258
253
390
385
387
385
385
391
754
388
389
570
778
771
834
876
881
878
891
878
887
879
422
413
422
412
417
412
440
441
446
442
1023
993
987
987
1003
990
1060
1055
1055
1061
2940
2940
2937
2945
2944
2963
3117
3165
3143
2938
273
270
272
274
272
271
288
289
289
287
368
367
366
373
366
379
366
372
365
367
937
931
939
928
1031
1055
1065
1054
1056
1061
58
56
57
57
57
57
57
57
57
57
310
315
304
299
304
300
300
299
388
387
1407
1403
1400
1496
1514
1726
1495
1493
1498
1499
574
573
573
569
572
573
933
934
931
930
209
208
183
180
180
180
181
180
215
209
666
654
657
655
654
699
709
706
698
697
897
895
903
841
843
847
839
775
765
768
323
334
337
335
335
340
333
398
341
338
996
997
904
837
845
837
842
838
841
836
526
514
505
508
509
516
513
505
506
512
268
267
274
275
271
267
272
274
273
273
1371
1351
1347
1365
1710
1897
1890
1888
1633
1636
265
259
259
260
264
259
258
262
262
262
369
365
318
318
318
317
318
354
364
364
225
223
223
222
223
299
299
305
300
300
279
281
258
257
262
257
259
263
261
258
101
99
111
87
86
85
87
87
85
99
232
249
248
256
247
247
294
300
297
302
1033
994
986
988
1005
988
1050
1053
1054
1059
444
442
448
442
478
476
471
479
475
474
883
881
880
884
880
974
1000
1004
1000
1000
685
624
627
637
626
626
626
643
670
670
371
366
367
369
371
366
369
537
543
543
101
99
99
99
103
100
99
98
99
99
446
383
378
377
378
379
411
405
412
413
140
137
137
138
138
138
136
136
138
137
249
249
253
309
298
302
297
297
297
298
316
160
164
161
161
163
161
163
161
162
95
90
91
92
90
90
84
83
84
85
1049
1062
1049
1047
1062
1114
1118
1116
1112
1114
381
343
341
339
339
341
340
338
340
339
732
731
733
728
735
729
730
779
779
779
983
860
867
860
863
864
861
979
986
983
210
208
209
209
209
210
209
209
209
208
561
523
522
530
523
522
525
531
563
559
363
348
350
356
349
350
399
400
408
399
165
162
162
164
173
173
174
173
173
172
1685
1596
1571
1591
1573
1596
1565
1572
1580
1562
672
661
1254
766
773
745
762
740
747
697
87
85
85
87
85
85
84
85
85
84
280
279
279
278
277
310
320
321
319
319
3598
3235
3141
3243
3238
3203
3234
3180
3230
3269
184
185
187
186
186
186
186
220
186
186
263
263
260
265
265
261
261
238
238
238
218
237
210
209
210
214
209
209
221
210
4939
6794
6150
5128
5118
5114
4863
8953
4818
4948
291
282
282
283
374
374
385
373
373
377
711
712
707
713
706
706
860
864
862
888
662
665
660
662
661
759
822
815
809
809
581
535
534
540
544
536
534
535
573
573
412
408
407
408
403
379
381
379
382
378
580
580
576
578
577
577
577
662
662
663
489
486
487
486
519
519
520
519
532
523
143
141
142
142
142
141
140
142
141
163
228
226
225
224
226
225
226
258
258
262
2687
2691
2684
2681
2682
2682
2695
2688
2698
2677
510
509
519
509
508
507
509
517
513
509
965
971
899
911
901
935
974
967
968
963
274
259
254
255
254
254
254
254
258
256
904
901
917
922
900
977
1081
1089
1085
1084
1051
973
983
973
980
983
1033
1054
1041
1040
702
702
699
699
707
708
702
709
699
701
503
503
505
512
516
503
615
616
619
626
309
308
308
309
308
308
308
307
309
307
593
606
589
594
591
593
639
682
674
685
1998
1995
2008
1989
1986
1984
1981
1980
1988
1984
462
461
460
459
460
461
459
562
562
562
342
338
340
341
340
340
342
499
345
338
220
163
163
164
164
162
163
162
163
164
1716
1717
1692
2024
2029
2028
2030
2024
2022
2315
952
941
947
940
941
970
940
942
940
940
610
625
690
688
696
687
694
686
689
690
321
328
330
338
460
459
461
470
461
459
184
185
182
181
185
185
181
183
181
182
225
224
223
224
226
224
226
297
296
303
631
630
628
675
670
682
700
689
673
650
153
147
149
149
147
148
148
148
149
149
2302
1349
1954
1383
1151
1162
1164
1138
1156
1157
630
627
626
624
635
638
710
629
639
626
925
823
823
835
856
815
809
815
810
814
85
84
83
84
83
86
87
83
83
83
254
246
247
244
244
244
252
245
249
244
239
238
240
238
240
219
221
221
222
221
329
330
326
326
328
324
335
328
420
423
667
664
665
675
665
663
677
666
683
683
1925
1064
1342
1119
1063
1066
1067
1074
1068
1064
84
82
83
83
82
82
83
101
104
102
476
482
476
489
508
507
509
506
511
516
1062
1035
1055
1035
1196
1267
1248
1260
1249
1256
685
684
683
683
690
837
846
846
847
844
364
338
339
350
340
338
338
342
337
388
110
109
110
110
110
111
109
162
162
161
515
515
520
515
514
525
1068
516
514
514
2572
2575
4043
4064
2922
2924
2965
4041
4108
2737
596
596
600
596
644
636
643
646
642
643
1175
1128
1128
1145
1128
1366
1527
1521
1517
1292
420
417
417
425
416
416
480
477
486
482
77
74
75
75
81
80
79
80
80
80
2236
1909
1902
1900
2008
2067
2038
2034
2060
2038
405
402
402
409
602
872
862
852
508
507
1363
1400
1366
1566
1565
1562
1561
1538
1486
1464
101
100
99
99
99
107
106
105
106
108
2557
2325
2343
2317
2307
2308
2276
2325
2318
2290
127
125
125
124
127
125
129
126
123
124
229
227
235
228
230
233
227
227
227
230
125
128
126
127
127
126
127
127
128
172
91
92
91
112
92
102
93
92
91
91
533
531
531
537
532
531
610
611
610
610
230
164
158
156
158
158
161
159
158
157
270
268
268
272
267
273
268
268
269
270
852
846
862
866
880
1114
1127
1119
1119
1021
172
172
184
171
174
171
171
197
194
196
221
219
224
219
220
253
257
253
252
252
760
448
448
444
447
444
445
444
444
444
2752
2735
2948
2924
2925
2910
2923
2915
2927
2915
81
80
84
84
84
88
84
85
85
85
152
117
118
126
117
117
117
234
120
226
432
424
426
493
490
486
484
488
484
483
1062
1108
1089
1095
1088
1315
1332
1317
1311
1325
82
80
81
82
81
81
81
80
81
81
360
354
355
359
354
359
444
430
431
431
269
267
278
266
264
266
266
265
265
265
351
324
323
323
322
323
326
322
323
322
661
652
652
660
653
660
698
698
697
694
72
64
65
71
77
76
76
77
78
79
104
104
102
103
101
101
102
104
101
109
244
256
251
248
445
312
314
311
311
290
104
98
98
99
104
99
98
99
101
101
917
859
854
874
851
855
861
869
854
853
100
98
98
98
98
103
98
99
97
119
192
185
185
185
187
185
185
185
226
225
884
886
897
910
945
947
940
975
942
941
89
86
87
86
86
89
115
114
115
116
771
748
868
1304
1303
1305
988
916
919
915
249
254
232
235
234
233
230
241
230
234
118
117
115
116
116
116
118
116
120
116
622
644
651
639
639
638
641
639
644
638
149
151
152
151
152
152
158
152
152
151
373
369
366
373
366
367
369
367
366
369
191
162
167
160
161
160
161
166
161
162
1023
1048
1016
1016
1095
1503
1020
1031
991
987
228
225
246
231
231
232
232
291
305
293
269
238
237
239
239
237
237
237
245
244
210
203
203
203
203
204
197
196
203
203
1142
1141
1144
1142
1148
1152
1146
1142
1143
1139
129
120
118
119
118
119
119
122
120
120
221
218
214
214
214
214
214
219
217
213
104
96
96
99
96
95
95
94
96
95
72
70
69
71
70
72
73
70
72
85
89
79
80
80
79
79
80
80
85
85
1283
1252
1256
1256
1252
1337
1340
1340
1352
1346
414
267
270
266
267
265
266
265
271
264
98
97
103
103
104
103
104
104
103
103
1232
1247
1226
1230
1491
1501
1484
1488
1491
1490
107
105
105
106
105
105
104
128
128
129
534
531
531
558
570
578
569
573
567
571
1205
1212
1187
1190
1190
1276
1272
1266
1285
1265
995
1000
980
983
983
1101
1114
1119
1124
1123
799
802
801
801
797
804
929
928
916
938
826
827
827
825
828
828
826
829
829
1023
96
96
96
104
95
96
95
96
95
95
87
83
85
86
84
84
84
84
85
84
492
491
493
490
523
510
503
643
638
637
100
98
166
165
162
162
163
162
145
105
951
957
1012
1012
1012
1032
1026
1016
1012
1011
79
82
77
77
78
79
78
77
77
78
145
143
155
141
146
145
141
142
181
178
43
48
49
48
48
48
47
48
48
41
209
163
163
176
172
164
163
171
169
172
423
419
420
440
421
424
493
492
494
492
1037
1020
1021
1057
1025
1230
1237
1229
1232
1382
239
237
236
236
236
236
235
236
236
236
166
170
169
170
170
169
170
169
171
170
399
390
392
397
397
391
397
427
391
494
2052
2064
2039
2046
2052
2063
2052
2281
2074
2002
178
175
175
174
175
201
197
197
198
196
454
451
456
450
451
451
450
518
519
527
100
98
98
98
98
98
97
98
99
97
342
338
339
342
337
338
338
343
344
342
260
249
246
242
248
243
247
248
242
244
86
83
84
84
83
84
84
83
84
83
283
278
284
280
277
279
281
281
277
282
1599
1571
1565
1569
1671
1948
2091
2340
2310
1673
121
119
122
120
124
119
120
119
146
145
237
236
240
236
239
237
271
272
271
271
86
83
83
83
84
85
83
83
84
83
178
165
164
170
163
163
164
162
162
163
288
288
285
284
289
285
286
324
327
329
430
220
223
220
235
234
234
235
234
235
89
89
88
88
88
88
88
87
160
88
2573
2572
2478
3077
3089
3083
3092
3088
2904
2885
129
127
126
126
143
144
145
143
143
144
199
197
196
200
198
198
200
197
203
196
472
468
475
471
472
474
468
470
541
538
81
80
79
78
79
79
81
123
123
124
76
73
73
73
73
73
73
73
73
91
74
73
72
73
73
72
72
73
83
85
1049
1082
1079
1301
1308
1300
1304
1298
1300
1389
292
290
289
290
329
329
331
332
330
330
397
402
403
394
395
394
398
393
395
426
109
106
105
105
105
107
113
114
114
113
455
455
456
416
418
441
413
414
401
401
1240
1613
1612
1608
1397
1406
1397
1404
1488
1499
814
802
802
803
803
802
801
803
822
801
162
284
158
158
157
157
160
157
134
135
269
273
267
268
267
268
267
267
268
272
368
377
366
367
378
366
367
372
367
366
411
410
410
410
409
408
475
418
408
410
111
110
110
109
109
110
102
99
99
99
105
111
106
103
102
101
102
102
101
101
263
261
259
260
261
315
314
315
319
315
1510
1536
1511
1509
1509
1523
1529
1534
1513
1509
98
97
96
98
100
99
96
97
96
96
410
408
468
470
475
468
468
471
469
467
126
133
125
124
125
124
124
125
124
124
172
149
150
150
150
151
152
149
149
150
46
49
43
46
43
43
43
43
44
42
492
459
465
469
462
458
459
459
470
522
113
103
105
103
103
102
102
103
106
103
118
117
93
92
93
93
92
93
93
93
284
293
281
285
280
282
286
284
282
282
148
146
146
145
147
146
146
149
149
147
111
109
108
108
110
109
123
124
123
125
426
421
420
420
420
420
433
422
419
427
1385
1145
1141
1142
1143
1147
1141
1249
1224
1221
222
200
199
199
200
200
200
201
199
201
75
73
73
74
74
74
73
73
74
74
404
400
410
408
409
404
404
534
531
531
321
314
314
337
316
316
315
324
324
323
492
453
450
462
461
468
452
461
455
481
1537
1537
1527
1539
1527
1531
1533
1532
1648
1638
299
300
297
298
297
299
303
302
299
296
404
488
494
487
486
487
492
450
450
450
68
66
65
65
78
77
75
75
76
76
305
302
300
300
307
302
302
302
299
306
758
761
757
754
756
755
923
923
924
934
122
119
111
111
110
112
112
111
112
112
289
288
288
291
288
289
288
351
352
374
625
618
627
620
890
618
617
491
492
490
77
76
75
75
75
75
75
75
75
74
387
383
382
387
383
386
383
388
383
382
1141
1147
1151
1147
1140
1151
1153
1139
1145
1140
171
174
177
174
174
173
168
174
173
174
256
255
261
254
247
255
254
254
254
255
62
59
59
59
59
60
58
59
59
59
527
512
510
517
514
532
512
522
702
516
297
263
264
258
270
266
267
270
260
262
237
251
240
244
239
306
239
244
304
302
126
126
124
124
124
125
124
124
127
125
593
598
587
587
569
570
868
874
872
866
324
303
304
310
301
302
302
302
302
349
243
242
225
225
225
224
225
240
246
242
89
86
99
93
92
91
92
92
92
92
396
395
401
393
394
685
539
393
401
397
72
69
70
74
74
74
74
75
74
74
480
417
426
417
417
424
419
423
415
417
146
143
144
144
144
145
165
146
144
144
57
54
54
55
55
58
59
58
58
59
304
295
293
293
292
292
294
298
299
293
104
103
103
103
102
103
103
104
102
103
2564
2578
2767
3098
3108
2949
2905
2904
2893
2897
96
94
94
154
154
155
154
153
153
117
283
280
282
289
281
286
322
323
323
323
118
118
116
116
124
124
126
124
124
124
157
156
154
153
153
152
158
153
155
152
460
453
448
448
440
457
436
436
437
445
44
43
43
43
45
49
50
49
60
61
125
115
116
115
115
116
120
120
115
134
138
153
157
152
155
154
156
153
152
153
202
177
177
178
176
183
182
190
176
176
255
256
257
252
251
259
329
328
328
328
2279
2123
2154
2127
2126
2119
2114
2121
2123
2124
114
113
113
113
112
113
112
112
113
112
2321
2321
2362
2348
2317
2375
2315
2313
2374
2328
226
214
213
219
215
211
212
212
212
215
137
140
136
158
157
158
158
158
159
160
259
266
265
266
270
265
269
265
277
266
92
89
90
89
106
90
88
90
89
104
189
192
193
192
192
192
192
193
192
192
62
59
60
61
59
60
65
59
59
59
106
104
106
104
108
104
104
104
104
103
683
643
647
642
642
644
644
696
688
693
2849
2841
2846
2845
2844
2854
2843
3177
3275
2836
42
41
41
41
41
53
46
47
45
57
526
517
518
515
523
515
514
517
521
539
2972
2960
3953
4647
3525
3219
3143
3144
3147
3155
121
118
118
119
118
118
118
118
159
160
124
121
122
120
122
121
139
139
138
139
79
76
76
77
77
76
76
76
76
82
159
148
136
137
138
151
137
225
138
135
53
53
53
54
54
53
54
54
54
53
249
251
247
247
249
245
245
275
300
300
254
245
246
246
245
245
245
246
261
254
80
77
90
77
111
99
99
100
100
99
2042
1102
1100
1227
1386
1387
1157
1105
1098
1125
597
596
589
597
590
590
727
724
719
720
1295
1292
1296
1293
1317
1309
1292
1296
1301
1312
74
73
72
73
73
74
72
72
72
73
138
136
141
135
140
136
137
136
206
207
199
198
196
195
196
226
228
225
225
225
1549
1545
1550
1546
1545
1552
1546
1546
1549
1547
146
145
145
144
145
146
144
144
143
144
450
451
450
452
450
453
451
506
539
540
362
361
365
362
362
414
424
422
418
414
1858
1734
1755
1753
1734
1733
1741
1731
1757
1740
440
437
437
436
438
435
517
423
429
423
267
299
298
297
322
320
329
321
319
319
117
106
106
106
107
107
107
105
107
105
853
838
836
850
835
838
837
836
896
894
347
347
317
317
314
316
319
315
315
316
92
91
90
91
91
92
90
90
90
90
290
287
287
295
287
291
287
288
295
288
175
156
158
157
156
155
156
155
156
155
240
245
239
244
240
245
240
236
238
238
246
216
222
216
215
216
216
215
218
215
277
274
275
275
275
274
284
283
283
286
181
164
164
165
165
164
163
179
178
178
2649
2686
3020
3005
3020
2976
3028
2995
2976
2983
1365
1353
1359
1358
1359
1439
1448
1478
1455
1460
322
319
319
318
323
318
324
319
319
319
1565
1564
1554
1864
1874
1872
1869
1746
1745
1748
86
83
91
88
89
89
90
90
90
88
72
70
71
70
70
69
70
69
70
70
321
321
315
315
316
313
186
186
186
187
3354
3219
3224
3219
3216
3225
3224
3241
3251
3220
203
201
202
203
209
230
230
234
231
230
1309
1274
1238
1213
1219
1235
1260
1300
1300
1307
205
205
224
217
217
217
216
217
217
217
95
96
94
97
93
94
94
94
93
93
74
72
72
72
72
72
72
72
73
100
351
349
350
349
349
349
425
428
426
427
337
335
337
337
342
334
345
335
335
341
345
349
341
342
350
342
346
341
341
366
844
892
842
890
1018
1028
1018
1016
1016
1033
268
265
268
266
272
265
265
329
325
326
72
70
74
74
70
70
98
99
99
99
343
341
340
364
364
364
364
364
364
366
1660
1581
1602
1584
1597
1582
1593
1587
1603
1582
109
108
110
108
106
107
106
108
110
143
100
98
98
97
97
103
97
97
98
97
196
195
200
194
194
198
194
193
242
262
89
86
88
86
86
88
106
105
105
104
167
166
165
166
165
166
166
166
166
172
88
84
73
72
77
72
74
72
72
73
250
248
247
247
247
247
248
247
247
247
356
350
351
352
350
351
358
351
356
353
276
272
274
278
271
272
275
272
271
273
497
495
489
490
503
493
500
489
474
477
323
320
327
363
364
362
363
369
363
364
353
350
350
350
351
349
366
351
385
454
67
68
66
66
77
76
81
75
76
76
138
126
127
126
127
126
131
127
127
127
346
343
343
343
343
343
381
420
429
427
353
351
351
388
374
373
374
376
373
375
253
249
249
249
248
248
248
250
309
308
324
327
329
328
322
394
393
393
393
394
1570
1470
1458
1456
1466
1519
1555
2425
1562
2377
263
261
263
271
269
263
269
270
338
341
329
320
327
342
343
343
342
342
342
343
845
874
876
870
869
1114
1570
1558
1556
1020
179
175
175
174
174
174
175
175
175
175
174
175
169
171
169
170
235
236
235
235
90
89
88
89
90
89
89
88
88
95
115
111
110
110
110
109
110
118
118
119
332
340
339
369
339
339
346
338
449
438
362
360
365
360
363
489
485
494
483
486
83
80
82
84
81
83
81
121
121
123
277
275
278
295
298
301
297
295
297
295
218
217
223
217
216
216
224
225
222
221
270
269
269
272
270
268
269
307
309
309
361
377
359
358
382
383
388
390
387
383
329
332
326
334
273
276
279
278
278
279
363
363
362
363
361
387
373
453
443
459
82
80
80
80
79
74
72
73
73
71
72
62
63
63
63
62
88
87
88
88
84
82
81
81
96
93
97
95
93
95
103
93
92
92
94
92
93
93
92
92
130
127
126
128
127
126
127
127
128
168
409
415
406
407
406
282
285
327
284
289
390
341
341
342
341
353
341
388
393
428
82
81
79
79
82
79
79
80
79
80
648
663
657
663
656
658
656
657
661
657
71
68
69
68
68
82
70
68
76
68
1238
1235
1116
983
989
983
980
979
985
998
757
729
734
709
708
854
859
853
857
860
104
101
101
103
100
209
219
102
102
101
381
379
387
379
384
594
595
381
381
378
93
92
91
91
90
90
91
91
91
90
417
364
409
446
446
446
445
444
750
751
264
262
262
263
261
271
368
368
366
367
300
289
293
288
296
288
522
523
320
310
93
90
90
91
92
93
91
110
111
111
70
68
68
68
68
70
68
68
68
68
199
170
171
171
175
171
171
170
170
170
757
759
778
794
753
789
775
769
755
772
273
242
253
246
240
261
241
240
247
247
104
109
101
130
132
131
130
130
132
133
284
287
281
279
280
279
281
283
330
321
109
71
63
63
63
64
63
63
63
64
267
266
271
266
265
265
266
270
268
266
327
283
285
288
282
282
283
286
284
282
99
99
97
97
97
98
97
97
103
116
627
630
624
622
621
1129
1126
1138
668
665
107
105
102
106
105
106
105
105
156
155
153
150
150
150
150
150
150
149
150
150
639
635
648
634
634
634
591
597
591
591
471
462
462
464
462
537
531
543
532
540
271
271
269
269
271
269
269
270
329
330
322
315
315
314
314
314
315
313
318
320
92
90
105
91
91
90
117
118
119
118
75
73
75
73
73
84
85
84
84
85
420
418
424
421
419
417
417
427
416
417
102
90
93
90
91
90
91
93
93
102
99
78
79
78
78
78
78
79
79
107
112
114
113
114
113
148
147
147
147
148
555
540
542
542
544
544
551
550
550
462
78
77
83
75
77
76
78
76
78
89
407
415
423
414
415
414
414
416
415
414
71
69
70
69
70
69
70
68
71
69
114
115
126
126
126
125
126
127
127
117
165
163
167
164
166
165
165
173
165
180
172
171
169
170
172
171
171
170
209
209
93
88
148
96
127
135
115
113
113
114
103
99
99
99
99
98
100
100
122
121
274
271
272
272
273
273
312
312
316
312
259
251
250
274
267
280
268
268
267
271
178
114
112
113
112
111
104
104
103
104
88
86
85
85
86
86
86
86
87
86
69
67
68
67
67
72
71
73
71
71
705
702
696
650
652
658
650
650
660
746
60
58
57
57
57
57
57
76
75
75
1204
1211
1212
1202
1531
2329
1286
1327
1203
1205
373
351
349
347
347
348
378
347
352
348
268
266
265
267
266
268
314
305
305
310
298
296
296
296
318
316
321
324
316
315
3530
3442
3429
3450
3432
3431
3435
3437
3447
3443
411
417
413
415
438
437
439
437
437
470
331
324
329
330
326
331
372
373
384
372
203
186
188
199
200
199
199
198
199
205
341
297
296
295
299
296
296
296
297
298
76
75
75
75
76
75
75
75
74
75
77
74
74
73
120
121
121
120
121
122
109
100
103
101
100
101
102
103
101
101
106
106
106
105
106
105
104
136
136
139
101
99
107
100
99
100
115
116
113
114
61
59
59
59
59
64
63
64
63
63
516
515
532
511
510
511
515
511
522
516
287
286
286
286
285
285
285
410
408
408
132
124
123
124
125
124
124
125
123
125
85
77
79
77
93
92
93
93
92
92
2522
1822
1817
1823
2511
2524
2511
1835
1821
1822
427
437
443
438
443
437
443
441
438
447
105
106
107
107
106
106
106
106
107
106
429
429
426
426
437
435
426
436
413
425
341
342
347
348
341
341
345
340
330
341
331
254
313
313
320
313
313
368
372
317
81
81
80
80
81
91
91
90
91
91
88
87
86
87
88
88
87
87
86
87
75
73
73
73
73
73
73
90
94
95
346
337
339
338
345
338
338
338
337
337
170
147
147
148
147
147
147
147
147
146
98
99
101
103
104
101
102
102
99
138
207
197
196
197
196
200
240
240
240
240
77
74
74
74
75
86
86
87
85
86
473
462
463
463
464
464
468
463
466
497
662
643
636
636
639
782
785
790
777
777
138
136
136
143
137
136
136
140
136
136
272
269
270
270
268
279
278
279
270
271
272
239
260
239
242
257
240
240
239
312
63
60
61
65
65
64
65
65
64
65
126
123
122
134
115
114
115
116
116
130
89
87
88
88
87
87
87
88
107
114
94
94
92
92
91
91
92
91
180
181
103
101
101
98
101
101
101
101
101
106
747
734
743
733
735
712
715
954
712
714
64
63
64
67
66
67
68
67
67
68
407
422
402
399
398
411
418
668
674
665
606
609
602
605
601
601
602
602
691
691
366
364
369
364
363
445
444
446
444
449
155
123
123
126
124
123
123
125
123
124
198
196
203
196
196
200
196
196
245
198
660
703
658
659
659
661
657
665
665
658
102
99
91
93
92
92
92
91
92
92
112
110
111
112
113
111
112
113
110
150
139
137
135
135
135
139
135
136
136
138
79
78
77
77
77
78
78
78
78
78
99
85
86
85
84
85
84
85
84
84
392
305
305
305
304
305
304
305
304
304
628
621
618
619
618
623
600
625
644
617
94
94
95
94
100
95
94
95
94
95
88
88
88
88
91
92
88
89
88
87
80
77
76
77
77
77
77
76
77
79
432
427
427
581
585
598
580
537
537
547
236
240
233
234
240
249
249
253
250
250
206
203
235
236
236
240
236
238
235
258
527
520
517
515
515
808
808
814
831
806
126
120
113
113
112
112
113
112
141
139
118
115
117
117
116
116
133
133
133
133
445
449
444
466
474
472
475
474
477
477
478
422
383
384
384
384
415
440
441
442
122
117
118
118
133
126
125
126
125
126
324
322
341
348
346
346
345
345
346
346
371
361
361
363
362
362
366
363
362
362
82
79
80
86
86
85
93
86
86
93
116
115
115
114
114
115
114
115
116
101
1070
670
671
670
903
1057
826
825
824
817
513
489
448
479
478
451
448
496
599
603
1110
1125
1157
1182
1204
1183
1196
1188
1185
1185
88
86
86
85
99
100
100
99
98
98
64
61
62
62
62
61
62
61
62
61
302
299
300
299
298
300
299
300
325
344
185
180
181
182
180
181
228
270
268
268
574
460
459
461
459
906
827
540
529
526
144
135
134
135
135
137
137
135
135
135
386
392
396
392
385
400
462
464
473
463
393
379
376
396
378
377
488
489
493
488
430
421
423
421
427
462
454
449
450
449
340
338
339
338
344
338
338
338
338
338
140
138
139
138
138
138
138
138
143
143
417
434
436
427
635
640
631
928
606
475
287
284
287
284
289
294
276
285
288
286
372
306
305
305
305
307
305
308
308
308
180
178
158
157
158
157
165
157
162
158
464
393
392
393
396
393
392
392
391
393
85
83
84
84
84
84
84
86
85
84
261
259
258
259
259
259
258
258
259
260
65
65
66
65
65
66
65
65
65
65
121
119
119
127
119
120
120
118
116
119
210
113
113
112
113
118
112
113
114
113
1520
1513
1511
1522
1503
1511
1505
1607
1622
1620
460
459
490
490
499
490
494
491
490
526
330
314
315
314
314
314
313
312
313
315
95
93
93
91
94
92
119
119
120
119
89
87
88
87
94
95
93
95
94
94
195
229
126
126
127
127
126
126
125
129
357
352
371
362
363
426
470
462
457
459
2050
2048
1958
1950
1923
1916
1921
1924
1920
2156
192
154
151
151
153
153
151
152
150
151
296
293
294
293
294
294
295
389
388
388
349
347
348
399
397
414
403
399
400
398
887
878
898
879
952
1061
1076
1059
1058
1059
174
172
177
173
172
173
171
171
171
246
111
116
109
109
138
139
137
137
139
137
157
121
122
122
122
121
120
122
122
121
123
120
128
120
123
120
119
120
119
119
167
163
163
163
164
164
163
188
189
196
91
84
84
85
84
84
84
111
112
112
76
80
75
73
73
73
73
73
72
72
378
375
334
330
327
329
326
380
375
534
185
185
183
170
173
170
172
171
170
171
142
149
130
132
131
131
130
131
133
133
739
732
730
755
749
748
878
878
878
878
649
650
662
645
646
647
656
646
647
646
91
87
88
87
87
87
87
87
140
142
96
94
94
95
93
93
94
94
107
108
57
57
56
59
60
59
60
59
60
66
139
120
119
119
126
119
119
119
123
119
156
154
133
134
133
134
134
135
147
153
149
141
141
145
276
141
141
142
142
141
155
155
151
138
141
142
138
138
138
137
153
152
152
153
160
150
177
153
151
150
108
106
106
105
106
108
107
106
105
107
63
63
62
64
62
62
62
62
61
62
609
591
590
594
593
590
605
591
625
592
94
95
95
96
94
96
91
112
91
92
152
124
124
124
125
144
124
123
124
123
272
208
208
208
214
208
218
209
208
209
561
559
560
560
558
558
601
640
650
643
503
494
494
533
527
528
529
529
531
558
116
115
116
115
115
116
117
115
152
141
78
77
77
76
77
75
88
87
87
87
219
217
217
216
232
232
233
231
232
232
126
132
125
126
122
127
126
126
125
122
126
126
125
124
125
126
124
124
166
167
74
71
71
72
72
71
72
71
72
82
116
114
114
114
113
139
139
138
139
139
162
157
160
163
158
164
160
158
158
158
73
72
72
72
71
73
72
72
72
72
110
109
108
111
108
109
109
109
148
143
531
529
527
529
554
563
570
565
565
567
503
502
502
502
502
502
502
543
538
544
76
74
73
74
74
81
79
79
79
79
145
143
144
164
155
155
155
155
154
154
301
298
306
297
299
303
299
306
298
299
240
247
238
239
245
238
240
239
240
238
222
215
219
215
215
216
218
216
243
248
226
115
115
117
132
115
116
115
115
118
168
145
145
148
145
145
145
147
144
146
150
148
147
149
150
148
148
149
148
148
94
92
92
92
92
92
92
92
92
178
121
122
120
122
146
150
146
147
146
146
328
327
329
326
331
327
327
326
327
326
83
91
83
82
84
83
81
103
99
100
190
189
188
188
189
220
219
222
219
217
182
183
179
181
181
182
181
182
180
181
666
664
663
677
667
663
763
765
765
767
82
79
71
70
69
69
70
69
69
69
175
173
175
188
170
174
172
174
174
173
140
138
139
138
138
138
141
138
138
139
406
390
401
408
403
404
402
401
404
402
524
538
536
543
537
536
536
538
536
538
185
171
158
159
180
174
181
221
217
218
80
78
78
78
78
79
91
91
91
91
231
230
234
229
229
229
228
229
283
296
90
89
87
89
88
88
108
107
107
110
129
128
128
128
128
128
128
164
148
147
91
79
79
80
79
80
79
80
82
82
96
95
95
97
101
99
97
95
133
132
1485
1476
1499
1667
1672
1668
1664
1677
1673
1673
191
187
191
186
194
187
185
159
160
159
188
187
187
187
187
219
218
213
215
214
131
104
103
103
104
104
105
106
105
104
397
396
395
415
412
510
513
519
512
518
126
123
116
114
115
116
116
117
122
115
122
119
118
104
104
104
104
110
103
103
96
94
94
94
94
94
93
95
169
172
162
160
159
160
160
161
159
160
159
160
182
157
158
157
157
158
158
161
159
157
96
94
95
97
97
94
93
205
217
206
86
83
82
84
82
82
87
82
82
114
104
102
103
103
103
103
103
133
134
134
130
129
132
128
129
129
146
146
147
146
166
162
162
169
163
165
163
162
162
163
183
180
166
167
169
166
169
169
168
168
126
124
124
124
123
127
126
123
124
123
143
145
145
145
146
145
145
145
189
189
198
197
196
197
198
195
196
195
195
230
166
122
119
119
119
119
119
118
119
120
143
142
149
141
141
141
141
141
141
176
113
110
111
111
110
109
110
111
213
151
140
133
133
134
152
152
152
151
152
155
173
171
171
171
173
171
171
172
171
171
94
93
97
93
92
93
93
93
94
93
108
106
107
107
108
107
107
107
106
106
154
151
147
151
151
152
151
151
150
151
89
87
88
87
88
87
87
87
88
86
553
552
559
562
554
554
552
556
552
553
495
486
485
491
486
496
473
472
487
480
150
148
148
147
160
149
147
148
148
193
63
62
61
61
61
75
75
80
75
75
87
86
85
85
85
84
86
85
86
90
66
89
89
88
89
89
89
89
75
75
132
132
131
131
131
132
168
160
160
162
84
88
82
83
83
83
82
83
95
94
503
495
494
493
494
498
496
495
496
496
206
105
103
104
104
104
103
103
103
103
208
206
211
207
207
216
211
208
207
207
289
271
269
273
287
287
308
309
313
308
132
131
131
129
129
129
129
130
129
149
116
115
115
115
116
115
115
114
151
152
100
98
98
99
98
100
118
121
119
119
174
173
172
171
184
184
183
184
187
189
147
155
137
137
136
135
135
138
139
137
68
69
68
68
68
68
70
71
71
71
201
205
209
202
198
198
198
202
199
206
177
175
187
175
174
175
175
178
236
234
287
287
293
286
300
438
523
527
471
333
314
306
311
305
305
352
362
356
351
350
82
80
80
81
80
83
80
80
146
147
122
119
120
119
119
120
122
119
119
146
181
179
179
179
180
178
193
191
191
191
174
180
173
175
179
185
188
185
184
187
101
98
98
98
97
99
99
97
104
98
203
192
191
189
192
190
189
189
189
238
153
156
177
156
156
156
202
202
207
202
543
541
546
541
545
543
543
542
541
583
99
98
98
97
98
97
97
114
112
111
3070
2884
2898
2935
2888
2888
2899
2887
2901
2886
159
160
157
158
158
158
170
193
193
195
132
129
130
130
129
119
117
117
124
117
111
113
113
114
113
113
113
115
113
114
74
73
72
71
72
71
71
72
71
72
96
88
82
82
83
82
82
82
84
85
82
80
79
80
79
79
79
79
78
78
648
678
839
635
618
618
617
637
636
617
594
589
614
593
613
607
608
618
611
611
722
738
742
753
721
726
719
744
720
740
147
145
175
171
147
148
144
145
145
142
97
96
196
196
126
126
128
126
126
132
205
212
207
213
188
189
188
194
182
203
88
86
86
87
92
86
86
86
85
86
154
153
154
154
158
155
157
158
158
158
140
125
123
123
123
126
123
132
123
123
414
425
441
424
424
424
424
424
441
436
194
128
87
86
87
119
119
119
118
121
164
151
151
151
153
153
151
175
176
178
113
111
111
111
110
110
112
139
138
139
332
328
329
329
328
330
332
335
362
415
119
118
118
118
118
118
119
118
118
118
118
117
116
116
117
116
120
116
116
116
152
141
140
142
140
142
141
141
140
141
164
161
160
160
185
186
185
188
184
184
306
301
305
302
302
302
301
328
327
327
73
71
71
73
71
72
71
71
71
72
93
95
97
96
96
97
97
98
102
97
123
111
109
109
106
114
106
106
107
106
189
185
174
176
172
175
172
172
173
172
129
128
128
128
127
136
137
136
136
136
761
773
757
762
760
762
764
811
820
815
89
88
88
87
95
93
94
94
93
93
713
721
709
706
718
706
708
706
706
715
68
66
66
67
66
66
87
87
89
87
116
114
114
115
131
131
131
133
132
132
1008
1000
661
644
647
643
646
642
642
652
92
91
90
90
90
91
92
90
112
127
170
167
168
168
167
168
168
169
204
209
92
88
89
89
82
82
80
81
81
82
137
138
138
139
138
139
139
140
139
139
104
106
105
105
107
106
106
107
106
106
63
61
61
61
62
62
61
61
63
59
159
157
158
158
157
157
157
159
157
157
119
119
115
116
119
115
116
118
134
134
279
275
276
279
276
315
321
331
316
317
234
232
231
231
232
230
232
235
231
231
124
115
115
114
118
122
119
115
116
160
284
277
277
281
277
276
331
338
338
338
70
69
69
67
79
77
79
78
78
78
296
289
334
334
334
335
339
333
334
338
168
167
167
167
166
167
169
217
204
204
139
137
141
138
138
157
158
158
160
159
145
143
143
143
143
142
148
142
143
143
397
395
395
398
345
341
347
341
340
344
225
227
222
222
268
255
255
255
256
255
130
137
117
117
117
116
118
123
117
117
69
67
67
67
67
67
67
67
67
67
74
72
73
72
72
73
73
72
72
72
163
174
175
179
174
176
161
162
162
162
161
158
170
171
172
169
170
170
170
169
244
241
247
242
241
242
242
245
301
297
497
491
494
494
489
491
496
568
562
568
168
209
208
213
207
206
207
209
177
177
301
298
297
300
278
277
278
278
281
284
182
180
180
180
179
180
180
179
180
182
153
150
150
151
140
140
140
162
162
162
186
188
186
185
213
210
213
214
211
221
238
237
236
220
220
221
223
220
220
400
160
140
138
138
138
138
138
179
179
181
294
290
290
291
299
290
290
291
355
356
158
164
158
157
155
158
158
159
157
157
70
69
68
69
68
68
69
69
91
90
149
150
148
147
146
170
169
172
170
171
412
405
412
413
407
404
411
406
410
406
123
123
122
124
120
121
122
122
121
151
149
148
161
148
148
150
154
134
135
135
153
151
151
152
152
153
152
156
152
152
484
483
481
483
481
480
486
482
480
480
137
137
135
137
135
136
150
147
147
149
90
92
92
92
91
92
91
91
91
91
162
162
167
165
165
163
183
161
160
166
125
124
123
123
124
123
123
130
121
120
131
127
128
127
127
143
143
145
145
143
62
62
64
65
64
65
64
86
87
87
132
133
129
131
149
149
148
149
151
149
267
263
264
263
269
268
264
263
263
264
114
112
118
112
112
112
112
111
112
113
155
154
155
154
153
153
154
153
154
207
103
101
101
101
103
101
123
122
122
124
366
362
362
362
361
360
418
438
420
418
954
968
952
952
951
1084
1088
1084
1089
1109
170
168
157
159
157
157
160
158
191
180
275
275
277
274
274
365
368
381
368
368
124
122
122
122
121
122
122
122
122
122
90
88
87
88
88
90
97
87
87
87
189
189
192
191
191
192
190
190
191
196
394
378
489
480
476
474
476
610
610
611
106
84
83
83
86
84
90
162
175
162
141
139
140
159
161
159
161
159
159
162
157
150
151
150
151
149
153
150
150
150
181
165
166
166
165
166
207
206
203
204
164
162
163
162
174
173
174
175
178
174
79
75
73
73
74
74
74
74
74
73
160
164
160
162
159
158
161
159
160
159
79
78
79
79
78
79
124
123
79
123
328
333
327
327
329
592
598
358
356
350
99
95
95
95
93
109
108
108
109
107
102
100
99
99
100
100
138
137
137
137
84
87
82
82
81
82
82
82
110
109
278
276
274
239
238
239
239
238
240
389
347
337
301
301
293
295
594
299
294
295
552
549
562
551
549
556
547
553
556
549
66
66
66
66
66
66
65
66
66
66
151
147
149
142
146
145
147
147
147
148
702
717
701
718
718
716
753
717
721
717
141
143
141
139
139
139
141
139
144
139
60
58
60
60
59
59
59
61
61
59
587
589
583
586
586
583
607
590
584
755
187
173
172
173
173
173
177
173
173
179
292
296
291
291
296
292
292
364
364
361
161
159
159
158
165
159
158
163
159
157
191
178
178
177
176
178
184
177
177
178
88
81
82
81
81
81
81
81
86
86
161
159
159
158
159
159
159
158
228
227
732
736
735
737
831
838
837
841
829
836
159
152
152
153
151
152
153
151
203
200
313
315
311
309
311
357
357
356
355
357
622
621
627
622
624
621
630
627
627
632
93
89
88
89
89
88
88
88
88
89
78
71
71
72
71
72
70
71
71
70
202
201
199
200
199
198
200
199
199
200
76
73
68
68
68
67
68
67
68
68
386
358
356
357
355
360
356
356
391
356
182
181
180
182
180
180
180
180
180
223
88
85
86
98
98
99
98
97
98
98
100
99
98
99
97
98
98
98
98
121
82
83
81
81
81
83
81
98
98
100
359
357
357
357
359
419
419
412
411
414
117
116
108
107
107
107
107
108
108
108
114
112
93
91
90
91
92
91
91
90
190
222
222
220
174
174
175
174
174
177
82
74
73
74
75
74
74
73
74
74
438
448
446
451
453
450
450
579
581
591
177
176
175
178
204
202
201
202
205
203
207
178
178
183
178
181
178
179
178
224
87
87
85
85
85
85
85
84
85
84
508
509
501
624
620
620
618
618
620
619
66
65
64
64
64
64
64
65
64
64
76
77
75
75
75
75
77
98
98
97
110
106
107
107
106
97
98
97
97
97
591
587
593
592
588
598
593
586
585
586
1254
1267
1274
1273
1262
1254
1276
1261
1255
1265
136
133
140
124
122
122
123
124
122
127
160
158
263
261
257
261
260
255
198
199
97
95
92
94
92
93
93
96
92
93
165
165
164
170
172
169
169
163
169
170
96
84
84
84
82
86
85
84
84
85
156
278
153
171
165
166
164
165
164
165
181
180
179
180
181
182
180
182
181
242
584
583
584
582
725
711
713
710
710
723
248
246
246
247
247
246
248
250
300
302
213
210
210
210
209
257
256
256
257
257
92
90
90
91
93
91
91
90
92
90
190
176
174
175
175
176
175
178
175
218
89
86
88
86
86
168
166
174
167
167
239
234
233
232
233
237
235
237
271
234
204
236
237
237
237
210
201
201
202
202
188
187
210
200
200
201
204
200
200
200
170
180
179
267
180
179
179
180
219
267
180
178
180
178
179
178
178
262
262
262
80
74
74
73
74
75
73
73
73
73
192
191
191
195
191
191
191
190
190
219
87
85
84
84
85
84
85
96
97
97
102
99
99
99
99
114
113
113
114
114
178
175
175
177
178
177
176
176
182
178
73
70
71
70
71
70
71
71
72
71
167
165
168
167
168
166
164
166
231
235
166
165
170
171
169
169
171
168
169
172
199
197
198
199
197
169
173
168
165
163
154
153
152
148
148
149
207
208
212
207
158
155
156
155
155
156
155
155
155
184
117
115
116
116
116
118
116
133
132
132
111
110
109
109
109
130
125
125
125
126
164
167
168
167
168
167
166
167
167
166
196
194
166
166
166
165
166
165
167
209
84
82
81
83
82
105
105
107
106
106
75
73
73
61
62
61
61
61
61
61
91
90
89
88
90
91
90
89
90
90
387
398
393
392
400
391
392
395
400
394
185
187
183
184
192
184
183
185
185
183
72
68
70
68
69
74
68
68
69
68
173
175
175
170
176
174
172
167
170
168
84
68
68
68
68
77
68
68
69
68
176
153
152
153
153
153
173
173
173
198
215
216
213
213
213
214
247
265
264
264
260
259
405
411
409
339
338
339
340
346
241
238
239
238
245
221
221
238
239
239
405
397
397
398
456
460
455
461
465
460
178
175
176
174
175
177
175
174
175
236
174
173
173
173
175
174
213
212
211
214
582
563
740
863
858
871
859
875
868
1236
220
219
220
225
218
221
219
218
222
253
183
181
179
179
178
178
219
219
217
218
228
225
228
228
224
227
226
227
225
225
185
189
190
188
188
191
189
244
245
244
956
955
945
1171
1179
1171
1171
1117
1013
1010
862
865
861
920
926
933
921
918
986
986
256
259
255
257
253
271
271
272
271
271
102
101
139
138
140
141
146
138
139
109
595
585
589
586
585
684
671
671
683
672
210
188
186
187
186
188
186
186
186
232
212
205
201
202
201
201
232
232
232
231
69
66
65
66
65
66
65
67
65
66
260
207
208
206
206
209
209
207
210
211
206
213
204
205
207
204
205
204
250
250
64
60
61
61
60
61
69
69
69
70
238
233
235
235
268
268
268
267
267
269
665
620
621
624
623
620
619
712
712
712
208
206
207
207
241
237
239
237
249
244
411
383
378
377
379
382
385
378
474
468
178
175
176
177
178
176
175
176
176
176
537
565
572
567
681
665
663
673
664
665
203
207
208
207
208
207
207
207
208
207
83
82
81
82
82
83
81
81
82
82
412
408
410
415
409
410
416
409
412
414
156
155
155
154
157
167
154
156
153
159
143
139
143
143
143
148
143
142
143
143
155
153
152
153
153
156
155
155
153
153
529
513
520
512
513
539
544
543
544
544
223
221
223
251
252
254
252
251
221
252
78
75
75
75
75
75
76
76
75
76
182
181
180
183
181
179
180
180
240
237
68
67
67
66
68
66
88
82
82
82
204
202
199
200
199
199
216
214
214
214
174
171
171
159
159
160
161
160
160
175
186
179
181
179
178
180
179
178
180
184
158
161
160
173
161
162
208
208
209
209
113
111
111
112
128
119
119
126
119
119
206
203
213
203
203
203
203
205
207
203
184
188
189
188
188
188
195
239
235
238
200
199
197
198
211
216
215
210
214
218
254
261
238
234
236
235
236
236
239
236
187
186
185
186
188
186
388
384
383
393
252
248
257
248
248
250
248
250
308
307
607
611
603
625
653
650
645
645
655
646
360
194
194
193
198
225
230
225
225
231
126
124
124
124
123
124
132
133
132
134
977
983
973
980
977
980
981
1119
1126
1123
261
222
222
224
220
222
221
221
221
257
231
228
228
230
229
229
302
302
303
303
646
605
568
572
563
561
561
563
699
693
106
105
105
104
105
121
128
128
128
128
176
174
176
207
203
204
202
202
203
204
197
194
195
195
195
252
255
253
253
253
210
176
176
174
175
193
191
192
192
191
242
241
240
242
241
241
240
241
241
240
611
636
626
647
628
644
628
643
648
626
221
219
220
219
253
255
252
252
194
198
294
296
250
249
249
249
249
249
249
248
196
195
194
195
195
194
197
195
188
195
200
203
198
196
200
197
197
202
191
200
206
218
211
214
210
213
210
214
214
211
187
188
186
188
191
186
185
185
184
185
224
223
222
224
221
223
226
292
292
294
200
198
197
198
226
226
226
228
227
227
242
241
239
250
240
240
239
240
240
257
191
187
189
186
186
188
188
228
228
234
202
198
197
196
264
264
265
265
267
265
212
213
217
211
210
216
211
210
211
258
244
246
244
243
244
242
277
282
278
278
803
803
804
802
802
808
802
809
802
819
234
237
237
237
237
245
245
238
238
238
617
474
476
474
477
572
572
582
576
614
73
72
72
71
73
71
72
82
82
83
263
261
260
261
260
298
302
300
299
299
257
263
255
255
256
256
257
255
256
326
174
170
170
170
171
171
170
173
176
175
246
251
190
189
210
196
188
201
207
198
60
60
59
60
59
60
59
59
68
67
201
192
194
205
206
205
205
205
206
205
171
168
169
168
172
173
170
168
215
218
191
190
194
188
191
189
366
366
368
372
752
753
753
753
765
759
799
806
809
820
208
205
209
219
218
219
220
220
224
219
282
282
283
282
263
264
263
265
264
302
230
228
228
228
229
228
228
243
244
244
1526
1522
1614
1630
1626
1649
1632
1678
1626
1666
233
212
212
212
212
212
212
214
212
245
748
746
745
746
746
749
749
924
936
945
207
206
206
206
211
206
206
206
207
236
489
486
492
485
523
603
622
561
521
595
227
225
228
279
284
279
280
442
440
437
437
436
453
618
611
610
613
610
622
565
219
210
213
211
214
209
281
277
278
277
217
215
216
213
213
213
214
207
214
213
218
196
197
194
196
194
199
194
195
194
499
499
498
502
497
505
499
500
500
498
352
301
289
302
297
300
298
298
297
300
627
650
614
610
608
607
631
684
631
628
70
68
68
69
68
70
70
68
68
68
689
720
713
714
707
708
706
705
697
828
216
219
214
214
213
215
215
213
214
253
530
551
549
542
644
533
549
528
535
637
274
271
238
235
234
235
237
234
235
234
575
599
573
578
593
572
574
694
575
573
241
239
241
240
239
242
240
240
240
239
240
243
241
239
239
240
239
239
314
317
277
273
272
272
273
272
277
287
312
313
256
197
196
201
195
197
196
196
216
197
259
206
203
207
203
203
208
197
196
198
213
188
198
193
194
194
193
195
203
410
201
197
197
241
240
240
240
240
246
240
211
209
209
210
209
215
212
209
242
240
496
493
494
494
501
494
499
494
497
495
204
207
201
203
207
202
202
201
202
201
239
221
222
225
222
222
243
251
251
251
216
214
214
214
223
246
246
245
245
253
207
197
197
202
196
199
247
241
240
239
242
243
240
239
238
239
240
240
239
244
249
252
249
247
253
246
246
302
301
302
263
261
261
261
281
279
279
279
283
279
895
826
828
825
831
837
834
883
903
882
2796
2786
2777
2776
2832
2788
2779
2797
2784
2780
254
253
259
252
254
252
254
253
289
289
216
215
217
216
217
219
215
215
254
283
221
219
226
416
200
193
193
194
199
194
247
247
283
277
277
283
276
279
277
277
549
562
550
547
560
547
560
715
715
708
232
221
221
235
235
235
236
235
243
236
205
200
196
197
197
197
200
197
197
202
208
213
212
214
212
213
220
215
216
217
239
239
239
237
238
238
238
238
238
248
261
240
244
237
237
241
240
236
243
238
200
206
205
206
208
206
207
289
280
282
253
243
247
243
244
244
244
244
243
258
283
285
275
272
273
273
273
430
442
441
827
911
1029
1022
1020
1020
930
892
892
885
241
239
242
241
240
241
240
241
241
241
309
306
305
310
305
308
321
394
395
396
234
233
234
233
247
248
250
247
247
251
248
273
265
267
267
263
264
264
265
264
579
570
568
569
676
695
694
695
695
701
216
215
215
216
215
215
214
215
300
306
229
228
229
228
231
371
373
372
379
371
228
234
248
234
236
233
233
235
299
302
269
263
263
263
267
311
303
302
308
304
286
284
285
284
285
284
284
284
525
305
724
722
729
722
775
770
771
784
774
770
226
224
224
224
224
224
230
230
232
230
743
637
641
685
695
683
684
683
681
684
931
922
924
933
1051
1049
1049
1073
1050
1051
247
243
243
243
242
248
244
243
243
244
247
249
245
245
245
249
245
245
246
245
300
303
300
298
298
299
300
365
367
323
648
653
648
671
692
700
696
699
648
648
225
224
223
223
228
227
226
256
256
257
260
258
259
261
346
348
351
347
348
347
691
706
710
715
690
732
971
988
965
970
295
295
293
292
293
295
293
295
317
319
631
630
687
677
676
677
679
675
682
676
627
627
626
632
1088
1094
1117
1105
1291
896
581
580
619
629
626
620
624
619
624
621
263
259
255
257
255
255
294
293
298
294
245
244
245
208
208
207
208
208
208
209
262
250
264
261
257
261
257
256
259
249
186
190
190
190
190
197
190
189
190
191
287
285
285
285
285
286
290
291
286
288
244
240
243
240
234
279
245
243
243
244
1002
928
919
921
936
916
933
917
916
933
250
246
247
247
245
246
246
247
352
353
609
608
611
612
607
617
606
611
607
606
263
260
260
260
265
264
260
262
260
261
627
630
632
631
625
634
635
626
627
626
267
266
265
265
266
343
345
353
346
345
281
279
278
279
281
281
279
279
279
308
228
224
223
224
223
224
224
275
277
273
239
232
231
231
266
266
274
266
267
266
628
635
628
629
632
629
627
627
629
628
526
379
689
406
407
406
406
419
407
405
272
272
271
271
339
337
342
340
334
335
248
242
244
245
243
252
242
243
278
279
758
756
756
757
875
871
860
861
869
870
225
225
227
223
224
224
227
224
274
275
794
833
820
831
815
805
798
791
790
791
380
375
376
374
374
374
403
405
405
404
257
249
250
255
255
249
250
257
250
251
281
286
285
287
286
285
285
285
400
401
286
293
292
292
357
353
353
356
360
353
251
250
249
254
250
250
254
253
250
250
707
364
367
451
452
451
450
454
450
417
279
274
275
275
277
275
275
340
334
338
320
318
321
439
439
445
439
438
431
345
244
239
239
239
239
239
244
238
239
242
309
306
310
328
329
329
329
333
328
592
256
255
254
251
255
250
306
308
307
311
272
270
277
270
270
269
278
271
270
290
241
236
236
236
243
236
237
306
310
307
518
519
518
520
512
514
517
522
513
518
675
679
672
672
672
673
686
671
680
678
242
243
239
239
242
239
239
239
240
235
245
246
243
248
244
244
248
244
244
245
334
320
319
322
321
320
325
320
320
325
1657
1586
1585
1602
1591
1590
1584
1588
1593
1585
233
231
232
231
235
232
231
301
301
300
1048
1049
1062
1118
1123
1121
1127
1123
1118
1123
607
606
606
654
649
652
654
652
646
657
350
355
348
351
348
348
350
406
399
401
380
378
371
719
717
737
717
425
428
427
313
291
290
352
350
351
349
354
351
354
266
267
269
263
264
263
271
263
389
390
594
583
582
582
583
705
588
590
571
583
348
359
322
342
267
267
267
266
269
266
746
759
763
758
746
735
961
972
951
917
302
299
304
298
302
299
301
299
306
302
309
305
308
309
310
305
308
308
305
305
315
312
314
316
311
314
311
316
331
332
326
322
324
326
323
322
370
360
321
320
343
346
312
318
314
312
314
317
313
512
279
279
277
278
277
359
359
359
359
359
1209
1205
1215
1221
1207
1221
1225
1204
1206
1204
229
226
225
226
226
227
226
230
226
260
330
327
328
326
326
385
376
376
375
375
426
423
393
392
393
396
397
392
392
454
863
855
860
856
1135
1151
1151
1150
1140
912
313
307
307
307
307
380
386
389
382
383
368
312
312
317
311
312
317
311
311
358
331
329
329
333
330
379
377
384
380
378
279
277
280
276
283
277
282
278
277
278
667
345
343
345
342
341
664
670
670
665
290
278
274
274
268
265
372
373
373
374
2031
1896
1895
1911
1892
1723
1729
1738
1732
1731
326
328
321
323
317
323
322
323
323
327
249
252
252
248
278
249
248
249
248
250
767
789
788
790
789
790
790
788
791
848
375
374
376
375
392
373
373
379
376
373
307
303
302
299
345
357
344
345
344
345
342
306
305
305
306
306
306
306
351
356
340
337
338
337
336
503
498
497
497
497
303
300
305
314
322
301
299
308
300
309
292
259
257
257
256
258
256
256
258
278
247
255
246
246
244
245
247
256
252
245
370
285
285
287
283
285
283
292
381
369
812
754
774
755
753
692
751
810
812
805
291
289
289
309
309
309
308
309
314
309
301
311
310
310
317
314
292
299
300
314
360
389
385
385
751
746
521
521
518
518
704
705
707
714
701
811
807
806
809
809
338
336
336
336
335
608
463
463
463
462
371
342
345
346
341
345
343
343
466
461
280
278
279
283
280
278
279
279
279
455
259
256
257
257
257
263
256
257
262
257
300
299
303
299
300
300
345
347
345
345
329
326
327
326
326
327
327
329
326
351
356
354
354
354
354
360
408
407
406
407
342
339
316
316
324
317
317
323
316
342
306
303
304
303
303
303
338
350
348
348
362
364
361
395
385
385
389
392
386
390
360
360
358
359
365
358
358
412
411
413
287
289
288
285
306
308
313
307
307
305
284
586
291
281
281
281
284
285
442
444
360
337
331
339
332
334
453
579
355
354
297
294
292
295
292
342
334
334
335
340
435
439
434
438
434
438
437
499
497
502
1532
1500
1605
1615
1616
1604
1504
1519
1506
1504
656
680
671
689
671
671
670
676
671
679
345
349
349
349
348
348
357
351
350
361
778
360
359
359
359
364
362
358
359
358
608
623
650
725
723
737
722
723
726
724
310
308
309
335
331
329
329
337
329
336
306
309
309
308
309
309
378
436
443
432
424
420
418
418
421
419
421
420
419
451
996
985
1003
990
1071
1064
1056
1060
1055
1055
273
273
273
270
270
272
270
330
331
332
400
399
399
431
427
428
428
427
431
426
344
341
342
343
319
319
320
343
342
342
378
369
369
368
369
370
369
374
374
375
662
681
678
690
661
659
667
669
868
860
321
320
318
320
321
319
324
322
321
319
309
305
304
311
307
309
305
318
395
397
397
396
396
395
461
454
458
455
458
454
297
297
301
298
298
297
295
295
301
298
334
333
332
332
332
332
431
435
432
429
882
861
823
831
830
824
824
1111
1118
1111
312
311
332
337
342
331
333
331
331
358
760
806
806
955
947
962
955
949
944
943
316
336
342
567
339
338
337
338
339
353
422
439
425
432
451
455
448
448
448
458
309
305
305
305
305
305
312
356
350
361
289
282
284
284
544
551
560
545
322
323
381
379
379
381
414
440
432
432
432
433
774
770
769
766
764
765
1490
1478
1478
1482
377
408
379
374
454
449
450
450
456
453
349
329
327
328
326
331
327
327
350
350
401
397
406
398
405
398
399
398
631
631
458
457
356
360
355
355
365
356
355
358
356
358
353
355
383
385
386
380
380
380
343
291
291
296
290
290
295
293
290
291
300
310
307
308
311
310
300
308
318
309
697
712
694
694
703
697
698
759
695
698
387
373
373
374
372
375
372
373
380
377
711
702
702
703
701
703
713
703
708
706
439
410
406
412
408
406
407
406
412
406
435
428
425
425
427
507
489
495
489
500
807
755
753
753
753
755
753
758
753
755
435
430
429
431
430
431
436
431
430
432
293
289
295
290
288
289
288
301
288
528
719
718
717
817
821
815
817
818
889
947
884
872
871
932
940
933
936
933
939
932
392
395
393
390
451
446
454
445
444
444
311
330
307
308
310
308
310
306
308
308
796
750
762
787
770
749
756
751
750
768
245
249
303
300
304
302
301
301
305
335
438
428
429
434
432
453
492
492
495
493
446
415
415
415
418
415
415
417
419
416
450
440
439
435
436
471
499
506
501
503
369
367
370
370
367
367
368
367
377
366
367
365
370
373
365
375
392
394
395
391
539
464
467
465
464
469
463
463
469
468
370
369
369
371
463
458
457
457
465
458
392
394
391
395
391
390
478
481
478
477
365
362
362
388
393
387
388
388
388
390
339
333
336
335
336
333
340
332
333
336
343
312
311
309
309
309
353
352
352
352
496
492
429
435
428
434
486
492
492
495
449
440
438
469
468
474
469
481
471
468
413
407
400
400
400
399
405
488
489
489
725
723
715
705
705
851
854
855
856
851
843
841
839
841
964
964
974
982
971
897
357
354
355
358
356
358
509
509
514
509
418
367
352
353
356
357
352
352
352
351
345
338
337
327
327
370
336
337
336
336
390
389
386
395
384
385
388
375
384
390
358
353
352
361
364
366
363
360
361
361
413
373
380
376
362
364
366
362
363
363
883
869
875
882
869
883
876
870
875
872
356
358
353
356
379
407
408
406
406
406
418
414
417
420
419
418
414
500
513
520
406
405
405
412
405
405
405
404
503
502
401
403
397
396
402
397
396
513
517
517
446
451
448
494
551
558
552
552
552
511
355
353
357
353
355
351
354
352
417
405
393
396
391
419
424
420
418
423
420
419
405
403
398
404
402
403
400
398
399
490
405
411
406
404
493
492
496
496
496
501
479
477
477
477
476
479
477
476
485
476
481
479
487
480
479
478
478
517
515
520
394
396
401
396
396
514
513
533
514
523
381
354
353
354
357
358
354
357
356
410
670
681
683
817
831
825
827
1259
840
1506
325
321
321
322
387
389
389
388
389
395
471
427
434
426
429
430
426
428
459
456
756
754
765
759
859
858
855
857
861
866
411
407
407
403
402
403
403
406
402
462
716
713
712
919
954
943
944
942
821
812
408
409
411
405
406
504
498
499
497
499
853
853
461
463
461
462
702
703
709
702
330
328
328
319
349
413
413
414
414
412
486
483
485
483
483
485
548
560
560
566
441
391
475
491
391
396
391
382
384
378
400
403
422
411
411
480
483
485
482
482
392
397
389
390
389
395
389
392
401
420
839
834
841
768
759
758
761
757
853
888
399
398
402
396
397
403
405
396
397
442
420
417
419
417
418
423
419
430
420
419
751
743
742
741
750
747
749
872
874
871
407
443
417
416
429
415
403
424
523
524
394
442
391
392
488
485
490
485
486
484
333
338
338
352
353
347
348
350
339
338
818
830
895
901
899
906
898
1404
917
900
463
455
460
415
415
415
405
403
418
408
756
745
763
748
726
826
833
830
822
1289
393
389
391
469
471
560
469
480
471
474
422
410
406
407
409
415
502
495
497
497
340
344
338
339
338
340
338
341
337
426
350
319
319
318
312
311
323
313
310
309
425
413
419
415
465
469
581
577
577
578
382
384
379
380
379
378
379
379
380
380
412
430
410
411
439
438
434
436
435
435
434
438
433
437
433
433
437
440
434
432
400
404
407
411
401
403
399
406
401
404
787
784
784
789
785
783
784
796
891
783
817
823
817
820
899
943
835
817
821
822
800
807
801
811
804
807
800
805
799
805
373
375
372
370
370
371
440
430
425
432
461
447
448
481
481
482
481
477
477
484
1050
1045
1055
1043
1142
1137
1130
1133
1229
1245
518
516
481
486
481
482
480
486
522
521
517
520
477
480
513
513
517
512
513
513
818
814
818
815
831
1042
1058
1059
1078
1055
470
473
471
467
473
472
468
541
538
539
450
453
448
480
479
485
479
481
480
480
314
304
302
302
310
302
303
303
301
308
416
414
413
418
413
535
537
539
535
538
483
451
452
455
451
450
455
451
517
526
459
461
472
454
484
485
486
491
486
487
418
432
434
437
430
429
431
428
429
505
433
431
434
437
436
430
430
431
433
431
420
435
433
430
429
430
429
430
429
437
400
411
408
412
413
506
539
411
409
514
326
323
339
322
342
323
323
336
321
347
484
402
398
405
424
398
398
399
398
397
767
805
794
788
950
953
951
961
960
956
443
442
444
448
444
442
441
442
520
539
459
455
479
493
491
486
487
489
492
522
461
463
457
457
456
564
572
567
568
569
490
455
458
456
461
455
456
472
523
525
459
460
461
455
457
453
491
490
491
486
989
981
982
977
988
998
1055
1062
1048
1049
480
477
480
475
474
474
474
550
546
549
478
476
482
502
509
509
509
507
508
507
847
849
842
863
848
904
1028
1025
1032
1027
425
413
413
414
413
413
415
421
475
478
478
480
475
484
479
475
549
546
546
551
488
481
486
479
486
549
550
560
560
557
517
518
521
512
516
513
511
515
514
523
480
486
480
478
481
480
514
512
517
511
496
495
490
463
463
466
466
464
462
473
482
481
480
481
487
482
483
480
481
480
482
484
479
484
479
480
479
479
479
479
484
481
483
483
482
521
521
523
514
514
440
433
433
436
437
441
435
534
530
540
479
482
481
514
512
518
511
510
512
513
416
428
429
441
426
428
450
424
425
441
861
758
765
758
757
780
757
780
765
779
957
810
798
811
811
814
791
962
957
915
464
456
455
464
456
455
456
455
517
516
970
977
979
965
963
963
976
1032
1035
1027
469
464
466
461
465
462
466
467
461
490
429
428
440
443
443
442
440
442
440
439
408
403
408
403
415
407
404
404
410
404
447
442
441
440
440
441
440
440
444
440
452
384
388
384
388
389
385
383
384
390
459
455
463
459
526
456
458
519
524
521
468
461
464
499
524
527
531
522
526
522
450
453
432
433
537
524
527
525
526
524
1037
1025
1027
1029
1027
1033
1027
1028
1033
1026
517
488
488
487
492
490
490
662
658
661
474
470
487
471
478
470
470
477
470
634
443
441
442
455
446
441
441
581
581
585
528
491
494
490
491
489
502
563
569
564
475
472
468
511
500
505
509
509
501
508
435
453
433
434
434
434
439
561
565
565
508
490
537
607
617
608
608
613
566
564
466
466
471
469
499
528
531
537
530
530
516
472
472
474
481
472
477
542
543
542
501
497
498
569
567
569
566
566
571
529
494
492
501
491
494
515
527
527
526
526
530
536
535
533
535
529
541
530
539
534
423
424
426
424
483
549
556
551
558
547
498
495
498
496
494
496
494
567
571
574
574
568
537
528
529
530
530
536
536
529
915
911
906
920
1751
1756
967
1464
1772
1765
843
838
844
838
844
1087
1095
1085
1099
1104
473
475
475
468
468
472
469
468
468
467
482
481
519
514
515
514
514
513
524
516
505
506
503
499
496
497
502
497
502
496
1050
1050
1047
1051
1047
1050
1094
1131
1126
1125
525
491
462
459
459
456
523
527
527
524
502
501
504
501
503
505
504
535
534
545
470
474
475
468
473
475
572
578
579
572
458
467
457
456
457
456
458
462
456
468
443
456
464
455
456
458
455
466
454
459
906
899
970
898
947
923
927
923
936
926
467
458
459
481
554
459
505
504
504
503
512
509
504
504
509
660
686
508
507
503
440
445
445
449
444
444
576
577
576
577
548
540
538
540
540
546
538
548
539
540
484
484
484
485
789
802
801
789
554
554
506
504
504
507
584
578
580
580
580
584
450
469
460
459
460
448
449
449
448
632
480
475
478
538
544
538
544
542
537
674
651
647
628
525
518
520
514
513
514
552
528
526
530
527
547
565
562
561
561
562
509
510
508
507
511
509
508
509
510
584
978
792
813
803
795
942
950
940
520
571
944
486
487
655
665
655
593
519
520
522
551
550
549
546
542
545
546
541
542
546
1005
687
695
549
545
544
544
544
547
585
516
511
510
508
513
509
512
686
691
686
534
532
534
533
536
536
538
608
614
616
441
454
984
630
636
584
582
582
583
588
530
490
491
493
489
490
488
572
564
575
515
513
508
510
509
573
584
592
584
589
515
523
521
514
513
513
513
517
514
513
537
538
577
584
592
573
573
573
582
577
516
521
515
521
557
555
555
548
561
549
519
514
518
514
526
516
522
517
514
515
503
498
529
529
531
531
548
529
964
567
483
482
482
551
552
550
548
557
549
574
514
513
525
518
516
517
513
517
513
514
550
515
519
513
514
526
514
512
637
640
469
454
468
474
468
468
469
468
468
466
458
472
470
471
474
470
469
469
470
475
564
558
555
567
559
557
561
478
475
472
454
453
656
498
495
495
497
495
502
498
505
496
496
496
501
498
498
500
498
498
556
520
520
526
518
519
518
523
521
521
526
524
522
531
524
521
599
599
598
597
467
471
473
465
479
472
621
674
667
672
468
466
465
472
466
466
576
575
569
569
554
559
558
557
554
559
554
553
556
554
444
442
444
443
473
541
535
535
534
535
535
578
575
572
586
570
579
573
579
572
563
562
562
563
567
561
561
561
607
611
494
491
491
491
493
499
499
500
497
496
526
492
491
492
494
493
491
493
494
491
560
495
1018
1013
779
566
561
558
558
616
466
464
467
486
478
480
466
712
712
710
584
568
550
549
545
551
544
549
738
747
555
549
545
585
592
590
584
591
584
628
518
501
502
502
504
502
502
513
501
516
569
530
530
538
533
537
577
568
566
566
718
720
713
705
1014
866
706
1012
723
736
497
495
496
581
608
618
612
612
619
606
497
496
500
497
496
550
565
569
569
564
567
566
575
566
566
564
567
571
564
573
567
553
554
633
639
633
632
632
631
632
551
530
544
529
531
660
668
658
656
1021
532
530
534
538
532
538
529
537
535
538
566
528
533
532
528
529
527
527
604
605
533
540
532
535
613
611
613
610
611
611
487
489
468
469
468
467
533
607
620
610
545
541
461
465
461
470
470
461
462
486
510
512
579
510
520
509
512
508
508
511
486
486
485
484
487
488
489
485
489
486
489
487
492
486
486
487
487
472
491
487
476
677
575
574
578
666
736
875
876
875
536
535
537
536
534
538
548
570
572
575
536
535
533
572
572
578
571
579
575
584
523
526
522
526
521
522
640
641
638
639
538
542
575
574
579
573
578
574
575
573
519
510
510
923
765
756
765
765
753
586
504
503
501
503
506
663
663
661
670
671
585
585
586
576
582
583
587
581
610
622
445
487
551
551
551
552
561
550
559
557
548
539
547
545
539
540
540
619
618
620
568
537
546
543
538
542
538
617
625
619
546
547
559
577
577
1042
581
582
794
1042
563
565
887
646
696
701
711
644
643
644
572
562
575
563
570
601
602
607
603
605
578
670
708
672
669
671
728
736
731
621
550
539
542
547
538
546
541
673
673
673
564
560
570
560
566
566
567
565
560
651
514
512
510
588
578
589
583
585
580
605
568
569
570
566
566
651
649
649
648
660
569
565
574
568
570
566
570
569
647
707
547
543
580
583
582
583
581
586
624
624
512
511
511
510
556
585
584
581
583
579
1100
774
765
764
652
651
650
658
650
649
466
468
465
465
464
465
543
604
608
602
582
576
512
510
511
758
511
511
516
517
544
547
552
544
547
625
630
624
626
627
521
523
520
522
519
520
569
644
644
646
573
607
611
615
613
611
615
612
521
526
479
483
478
487
477
483
478
478
484
477
495
508
499
500
500
512
501
500
505
502
528
527
524
521
522
524
532
525
528
520
526
542
520
532
512
519
537
536
535
539
556
517
517
523
514
520
517
516
586
588
497
493
494
498
500
497
494
495
604
603
551
547
554
553
547
547
553
547
546
552
621
615
615
611
623
612
620
613
620
612
574
573
572
572
572
573
620
613
619
611
593
591
590
592
591
591
601
592
596
592
543
543
543
543
1120
1127
1130
1112
617
627
557
556
558
638
817
814
824
817
818
823
560
556
591
596
599
604
597
592
599
593
561
558
556
560
558
555
556
633
634
636
585
555
564
556
555
559
556
558
556
555
535
513
510
512
529
533
512
533
510
513
640
494
491
493
493
495
491
497
507
490
513
515
511
511
525
532
531
515
525
525
593
499
507
505
492
490
492
489
489
491
497
500
517
496
495
500
496
516
542
650
498
496
578
500
493
497
494
596
598
828
504
499
511
512
512
512
519
504
497
500
549
551
546
546
547
547
667
671
673
667
603
590
559
559
558
562
563
559
641
647
530
527
535
527
640
643
642
641
651
643
555
547
547
555
546
546
547
551
669
667
562
561
599
602
599
599
601
598
654
646
561
561
567
559
639
647
640
639
650
644
522
516
517
531
670
668
670
669
687
669
506
499
501
539
501
509
499
513
501
509
604
604
604
602
602
603
604
612
611
606
566
573
563
564
759
768
767
760
766
647
592
589
593
588
537
534
548
540
535
534
480
498
501
493
493
492
492
493
492
496
516
515
519
571
543
515
577
608
611
603
479
493
499
494
495
499
495
495
499
494
631
502
500
508
501
500
500
501
501
501
515
503
499
519
498
521
500
498
535
507
579
566
570
609
603
602
602
605
608
648
583
574
570
569
569
609
614
616
612
609
544
537
536
545
543
653
658
659
656
655
651
596
593
600
594
592
593
680
1060
687
572
617
609
619
618
612
610
613
609
608
599
596
596
593
597
596
641
633
636
638
615
610
569
568
571
569
839
852
847
840
547
532
540
539
540
674
736
742
734
739
646
643
680
680
680
685
683
685
680
681
639
593
598
592
592
593
594
621
634
641
596
592
593
732
810
805
809
811
683
687
600
609
597
614
685
692
687
693
686
692
576
574
574
580
575
660
660
664
659
659
599
599
599
599
598
606
686
691
687
688
641
640
603
602
598
609
603
601
694
687
584
579
578
573
615
614
618
614
617
615
563
564
562
565
565
565
639
648
640
639
644
633
605
601
597
599
597
599
687
685
564
566
570
561
688
687
687
691
688
699
611
603
598
600
597
603
597
687
688
685
636
599
607
605
599
598
599
687
685
689
589
583
605
628
625
628
625
629
620
619
577
574
570
567
983
889
890
896
891
644
549
543
549
550
544
665
672
663
665
670
627
630
620
583
587
587
579
667
651
667
1092
892
549
551
558
549
555
550
551
548
514
537
549
529
531
536
531
528
537
528
544
551
550
554
553
550
558
569
552
629
531
528
536
529
531
532
543
528
532
531
648
576
1169
1174
1168
703
693
696
699
694
605
611
607
603
604
603
632
646
651
644
593
585
611
626
629
626
773
629
624
624
615
608
661
653
653
651
649
656
706
650
590
598
585
592
625
629
671
675
671
676
573
587
574
572
572
571
702
704
710
703
658
614
608
614
610
614
612
754
756
1197
586
589
583
592
596
583
584
652
792
793
650
663
650
650
650
656
652
649
758
762
586
585
616
633
625
625
627
630
628
633
594
585
592
586
636
624
628
624
630
625
556
557
554
551
550
548
550
625
634
672
557
555
555
554
557
641
629
632
631
631
595
591
592
593
590
638
637
635
632
646
630
590
589
595
589
594
589
589
632
628
640
622
615
616
623
627
614
614
616
630
545
550
546
545
557
547
617
614
619
620
591
589
630
629
636
629
634
632
643
638
550
544
546
668
657
664
657
662
664
665
609
593
598
600
609
631
636
633
639
629
614
591
604
591
598
590
591
678
683
678
632
629
630
631
630
629
631
640
676
629
554
555
551
550
567
565
557
549
567
662
586
583
582
582
586
572
555
573
548
548
623
619
630
622
1208
918
1209
620
621
915
550
550
599
550
548
711
711
712
729
710
622
620
625
618
620
621
696
711
725
721
664
669
564
564
565
569
570
575
564
564
602
569
569
566
564
564
571
572
567
564
572
568
571
573
563
565
566
564
566
565
568
573
569
564
565
567
568
767
781
769
723
716
697
624
625
630
618
620
628
711
587
587
587
669
671
670
673
672
673
667
597
587
593
590
588
1211
1028
1035
1035
1027
555
554
572
774
776
774
779
776
669
669
630
624
627
626
672
673
669
667
675
670
562
557
554
557
569
553
643
717
722
718
643
645
641
643
642
646
642
642
643
647
563
570
569
553
718
719
777
717
717
719
588
593
589
595
591
589
719
728
724
718
672
634
627
625
627
629
635
641
669
673
626
631
626
653
670
672
668
677
668
678
632
632
630
633
630
723
675
725
724
726
635
631
630
639
631
630
676
675
674
673
578
576
559
576
676
678
674
672
674
674
631
634
631
635
673
674
673
680
674
677
563
563
557
591
558
558
559
574
597
673
640
631
674
675
681
673
741
784
728
724
600
593
601
592
602
600
601
591
598
596
677
656
635
592
602
591
594
593
591
592
560
581
577
558
560
564
558
566
564
558
576
581
575
575
558
582
568
558
560
559
