22
18
17
17
17
17
17
17
17
19
18
18
18
17
18
17
18
18
18
17
17
15
15
15
15
15
15
16
15
16
18
15
15
15
15
15
15
15
16
23
18
16
15
15
16
15
15
18
17
18
21
22
19
18
20
20
21
18
18
18
22
16
15
18
15
14
15
14
15
15
20
17
16
15
15
15
16
16
16
16
16
16
16
14
15
15
15
14
15
15
16
15
16
15
15
14
15
15
16
15
23
20
19
24
19
20
19
24
23
24
43
40
40
43
40
40
54
54
55
53
45
43
59
41
40
40
41
40
40
41
48
42
40
41
41
40
40
40
40
40
42
41
41
41
41
40
40
41
41
41
40
38
37
37
36
39
38
43
45
44
49
39
37
38
38
39
37
39
38
37
39
38
38
38
38
38
38
40
39
38
40
38
37
37
38
39
38
38
38
39
18
17
17
17
17
17
16
17
16
15
701
684
686
684
690
682
708
684
683
684
691
750
861
870
866
858
865
740
730
709
850
827
803
730
703
708
802
711
704
703
19
18
17
19
18
18
19
18
21
20
715
705
704
703
750
756
862
861
859
864
685
682
683
682
689
720
686
715
705
708
706
705
708
800
800
803
818
801
803
930
33
33
32
32
32
32
32
32
33
32
685
682
701
684
704
703
709
703
719
1124
688
682
692
682
684
792
683
753
749
749
84
98
81
83
81
80
81
82
81
81
31
28
28
31
32
31
31
32
31
31
34
33
33
33
32
33
32
33
34
34
6616
6775
6828
6814
7597
7577
6597
7102
7057
7246
6854
6709
6659
6577
6622
6607
7955
6953
6709
6507
9750
7655
6808
6578
6789
6767
6654
6794
6831
6663
6797
7245
6618
6613
6616
6669
6667
6601
6909
7269
6722
6817
7895
6938
6862
6655
6786
6731
6650
7123
76
74
74
74
74
82
81
81
81
81
32
33
30
31
31
57
35
35
35
35
34307
32334
32765
32529
32371
33330
33275
32601
35919
32216
32513
32324
32282
32429
32288
33253
32502
32210
32719
32140
69
67
67
67
67
68
68
69
67
68
33430
32760
33692
33454
32532
32153
32914
32423
33168
32500
35
34
33
33
34
34
33
34
34
34
2773
3102
3085
2259
2280
2261
2267
2270
2266
2257
2260
2279
2273
2273
2276
2466
2421
2662
2901
2607
32969
32283
32567
32533
32355
32538
32445
32568
32426
32313
33557
32396
32985
32425
32486
32483
32940
32875
32189
32488
32430
32791
33582
32997
32506
32827
32404
32554
33769
32421
110990
111113
110901
110883
111330
111996
111302
112452
111219
112363
15667
14905
14961
15014
14821
15977
15482
14953
14879
15040
62610
61941
62224
62355
62380
62402
67090
62540
62329
62153
135
136
136
136
137
149
149
150
151
150
15509
15068
16284
15152
15062
15025
15754
14558
14846
14935
15253
15933
14945
15304
15146
15017
14973
14990
15849
16334
317
317
316
316
368
370
371
367
369
372
15881
15366
15138
15135
15638
15735
15141
16966
15466
15151
14990
15545
15819
16616
15334
17693
14932
14904
14894
15735
15485
15590
15156
15215
15119
15154
15280
15195
15602
15099
551
550
534
587
538
543
537
536
541
536
62218
62749
63106
62650
63435
63005
64779
62380
63183
62482
108
109
146
142
140
130
131
130
130
130
61167
61069
60843
61391
61466
61362
62226
61393
62863
61166
105
104
105
106
122
124
126
122
122
123
288
278
276
297
297
300
293
295
295
295
61964
60369
61406
61164
60076
60451
63116
60530
60040
59877
297
296
304
304
298
321
296
305
296
296
5173
5284
5416
6430
5182
5207
5178
5153
5966
5248
276
278
280
277
277
338
336
344
337
338
307671
307646
306017
306383
305704
305420
306211
305389
307607
308587
28097
27760
27293
26895
26809
26912
26736
26920
26552
27965
190044
191269
189060
188653
188989
188825
188523
188274
188351
188836
723557
721594
725216
724744
723126
720651
723482
718502
722953
721664
190552
190053
190302
189922
190376
190728
190168
189615
189024
187350
1185
1300
1305
1304
1334
1305
1300
1302
1300
1298
729591
723578
725282
723538
713913
722066
709627
720230
698762
695505
185815
182153
181299
181158
184994
181290
186066
180291
180741
180075
179929
180313
179816
181433
180736
180385
182637
181048
181162
181803
88
84
91
86
85
86
85
86
87
86
367
363
367
366
362
363
370
366
363
368
62937
63153
63210
63666
63720
63344
63681
63865
62912
63486
26662
27209
27008
26703
26661
26988
26698
26706
26736
27217
293589
303557
301245
299586
304786
302989
297139
294065
294536
293217
50885
51803
51367
51936
53324
52029
51955
51908
50891
52953
461146
461664
454774
456558
455389
461379
454949
460321
473282
456424
1302
1299
1301
1340
1299
1301
1321
1299
1302
1297
765
763
770
765
774
762
763
765
764
768
94269
94573
94191
93426
94322
93923
93370
94040
93463
93962
725
720
721
731
723
732
727
730
733
731
1878
1878
1883
1874
1881
1902
1885
1889
1883
1879
1563
1603
1613
1620
1606
1612
1643
1609
1613
1615
604
607
605
603
617
602
611
602
601
604
692567
715549
706460
691912
712795
717540
717764
720398
718309
718629
1870
1871
1858
1866
1867
1856
1884
1885
1963
1887
313
333
334
334
333
366
313
310
310
310
1063552
1080543
1063622
1066354
1064874
1058638
1063251
1044551
1040216
1004360
1435268
1434614
1428006
1435215
1434817
1431661
1443600
1531394
1427179
1431111
1207
1226
1232
1228
1228
1299
1312
1316
1321
1319
684031
678219
683935
681638
691605
677628
674321
681844
679002
697437
1138
1141
1133
1188
1222
1223
1213
1213
1223
1212
690816
685130
692242
689687
693996
690350
689090
682670
687252
690418
74354
74743
72907
74627
72182
74025
73060
75238
72873
72366
1003322
992999
1040361
1005138
1068351
1061811
1006151
1032070
1017812
1002164
1429
1424
2678
1510
1512
1513
1512
1509
1518
1508
2023683
2027631
2036472
2150269
2144386
2142784
2144481
2146219
2148400
2099675
2013300
2053227
2133713
2139067
2132326
2275491
2131529
2130398
2135619
2129640
2665
2684
2810
2812
2824
2767
2638
2669
2655
2648
1800
1801
1811
1875
1991
1805
1811
1818
1800
1816
1716
1684
1826
1705
1690
2240
2291
1682
1696
1685
4015956
4008861
4004157
4002212
3999861
4032763
4011109
4008657
4255753
4181309
781
783
779
787
777
781
778
793
776
877
2296
2319
2289
2297
2296
2303
2315
2312
2313
2246
2020
2073
2055
2127
2115
2123
2204
2261
2245
2096
1383
1379
1434
1424
1416
1420
1442
2930
2942
1406
1505545
1508248
1499627
1506120
1506288
1595376
1487739
1485695
1485671
1486304
973101
974499
970452
973064
971333
972152
972733
970332
969266
971591
1569
1553
1518
1526
1524
1529
1521
1525
2756
1672
1997
1985
1991
2007
1987
1985
1993
2005
1991
1988
304140
302556
306271
302774
302497
303059
304821
303249
302918
302760
1370
1362
1407
1377
1339
1369
1361
1368
1364
1366
1002
992
1003
993
1052
996
993
992
994
992
1703
1597
1603
1559
1548
1546
1543
1534
1551
1559
604
599
602
601
601
601
599
600
604
599
1319911
1317872
1319960
1322862
1317738
1325628
1315564
1320354
1318521
1316753
2861535
2865632
2860573
2870841
2892275
2888076
2869679
2861082
2849375
2859678
1575
1533
1502
1529
1525
1523
1525
1525
1529
1528
588
591
601
604
602
601
607
600
599
600
981508
984624
987181
983576
982530
981340
982865
983633
989593
981491
759
764
759
770
784
757
761
757
775
756
2128
2126
2127
2110
2099
2147
2110
2095
2113
2101
2903
2819
2906
2919
2907
2898
2831
2901
2855
2901
2164
2085
2154
2119
2158
2176
2141
2148
2149
2144
815285
815035
812141
815184
816260
815354
816559
815226
815026
816080
944
921
918
915
908
915
927
920
915
919
6581
6629
6564
6563
6603
6433
6492
6514
6489
6484
590
608
603
603
612
604
604
605
610
604
5690
5580
5696
5699
5527
5656
5573
5595
5671
5671
3185
3315
3258
3284
3178
3213
3187
3263
3254
3282
993
999
987
986
961
956
955
957
955
958
7284
7445
7176
7109
7135
7328
7428
7241
7446
7285
977
1002
989
1011
1004
1001
1001
1005
1006
975
955691
952842
953510
957280
954896
957325
956519
951247
953963
951929
1607
1608
1608
1517
1565
1561
1559
1566
1617
1572
557921
557246
555816
556904
556407
557060
557046
556826
556580
558461
1727
1718
1762
1737
1718
1722
1725
1680
1721
1731
2592
2662
2683
2664
2676
2669
2653
2661
2722
2600
729
702
710
704
702
709
708
708
704
707
6557441
6575256
6557445
6582521
6556161
6542216
6539727
6543959
6547407
6600849
2539
2544
2525
2604
2537
2544
2534
2544
2520
2463
2248
2225
2172
2225
2237
2220
2209
2217
2220
2228
5152
5241
5112
5201
5209
5119
5182
5229
5218
5468
8727302
8711703
8815206
8785418
8738904
8732482
8716365
8724744
8741900
8783415
6270
6262
6274
6255
6261
6212
6245
6227
6259
6273
4750
4594
4683
4627
4687
4664
4575
4663
4744
4678
9240
9144
9192
9189
9125
9126
9095
9250
9095
9186
1820514
1755962
1752490
1782020
1759360
1754174
1755152
1783048
1768005
1758951
2849865
2843887
2826888
2844274
2843093
2830358
2830825
2830256
2834114
2840101
93281
93006
92838
92504
92379
93055
92832
93390
93721
95400
566
557
558
557
561
558
560
556
562
557
14540
14290
14201
14692
14445
14199
14157
14316
14169
14169
6326
6061
6183
6008
5998
6113
6194
6118
6124
6083
2880
2913
2971
2977
2989
2988
3003
2960
2956
2968
3298
3364
3311
3286
3283
3230
3296
3249
3298
3311
6881
6763
6894
6978
6732
6731
6828
6800
6859
6776
2964
3011
3029
3033
3024
2952
3038
2966
3024
2983
713
719
709
721
712
711
708
711
717
711
2513
2544
2552
2568
2546
2501
2545
2549
2537
2545
4477574
4484553
4503043
4515428
4510557
4507838
4513084
4529656
4515690
4455344
1385
1353
1377
1369
1336
1382
1380
1379
1383
1384
507
508
508
507
504
525
505
505
505
510
2686428
2701262
2726425
2732097
2758714
2726153
2699506
2693396
2725760
2691223
9019
8893
9079
8859
8923
8967
8969
8945
8791
8859
2788251
2821710
2785938
2798282
2790402
2777949
2788130
2785990
2803940
2791417
2736
2733
2658
2671
2803
2735
2707
2714
2685
2721
4541
4507
4502
4500
4736
4445
4514
4408
4432
4464
791
788
790
795
795
797
796
811
797
789
1412804
1424593
1427490
1416241
1413514
1417794
1411593
1416814
1426228
1493238
13902
13184
13278
13132
13119
13022
13123
12947
13171
13591
2022845
2007916
2042094
1986881
2000176
1998059
2003919
2036706
2031097
2020043
10071
9783
9443
9525
9684
9767
9717
9639
9788
9692
8108
8067
8096
8232
10276
8028
8081
8152
8032
8172
2939
2889
2899
2947
2833
2896
2894
2918
2886
2913
2607
2622
2864
2689
2692
2712
2629
2558
2611
2692
146303
146669
144980
145813
146597
146806
145552
145843
144739
145187
14810847
14843402
14922883
14980194
15059273
15122295
14996766
14924663
14924676
14982053
678499
678647
678361
678935
678233
678440
684913
679982
684678
678188
15346141
15343646
15336505
15373901
15545834
15562771
15578024
15388145
15253017
15352843
2687
2678
2676
2689
2659
2674
2676
2676
2694
2676
6758382
6840228
6733960
6653443
6702293
6681133
6706832
7004166
6795547
6650887
3862
3862
3835
3818
3709
3753
3829
3802
3824
3829
4114
4011
4103
4029
4120
4088
4064
4122
4085
4107
7780
7541
7615
7711
7729
7611
7576
7552
7879
7729
6189
6149
6046
6006
6109
6124
6139
6036
6043
6155
10346
10189
10217
9999
10073
10011
10033
10218
10457
10249
3467
3466
3472
3440
3443
3384
3384
3461
3457
3409
1606
1600
1601
1617
1557
1603
1600
1597
1608
1605
8957772
8950265
8767234
8782599
8834915
8842182
8820174
8760447
8782008
8809623
1807540
1906821
1818415
1807188
1808615
1811976
1806657
1809741
1809399
1807614
341856
351457
341250
342472
341559
341567
341098
342774
355347
341165
28976566
28849460
28746639
28954617
28930465
28895558
28909966
29206440
29136500
28737239
3557
3619
3619
3619
3612
3622
3632
3535
3615
3622
5118382
5101155
5089566
5097443
5105266
5124908
5100660
5100338
5107685
5115507
9165686
8991126
9538333
8969943
9099317
9053195
8966626
8956210
8955705
8962026
4135
4114
4027
4164
4163
4145
4042
4167
4160
4167
5532
5505
5642
5510
5568
5402
5536
5470
5419
5368
13452
13397
13656
13637
13569
13389
13642
13632
13400
13532
42047477
41900754
42316008
42647078
42945027
42431454
42602488
42953786
45204335
42464729
4826
4833
4805
4877
4875
4763
4819
4878
4833
4754
11962
11978
12037
11827
12112
12326
12023
11885
11870
11928
3746
3829
3841
3836
3880
3882
3867
3885
3726
3834
10032
9902
10060
10075
9773
9892
10061
9816
10116
9827
37013720
37240481
37194974
36309695
36760243
36495077
36339850
36173247
36261360
36238819
2570350
2574056
2573348
2571543
2574475
2575299
2570607
2571163
2575517
2567823
3187
3187
3191
3188
3138
3205
3189
3151
3195
3161
20811
21181
20635
20833
20737
20792
21082
20899
20627
20654
28374
28206
28615
28012
28563
28225
27912
27840
28824
27805
2766671
2762092
2763009
2764698
2760024
2758332
2797655
2761804
2765503
2768946
16605
16309
16322
16245
16210
16492
16758
16641
16558
16600
7513
7542
7483
7368
7746
7766
7463
7642
7451
7549
13951
14000
14035
14191
14468
13963
13985
13939
14121
13711
6833
6741
7060
7039
6825
6817
6936
6811
7029
7082
89813
90089
90214
90219
90002
89783
89822
90529
88894
89241
4419
4379
4320
4374
4395
4335
4291
4376
4384
4334
373618
373613
372777
383227
380099
378869
373066
373354
373098
374994
26528
26189
26499
26713
26657
26412
26444
26467
26507
27235
9605
9374
9393
9439
9319
9429
9701
9514
9656
9391
68434
68686
68991
68490
69031
68388
69032
68528
68974
69237
11309326
11451060
11662155
11589093
11762518
12259675
12110737
11398309
11331473
11405619
1110720
1111454
1113252
1109006
1109652
1114122
1112862
1136046
1122690
1156720
9460
9434
9186
9455
9379
9235
9350
9251
9405
9197
12697
12363
12273
12405
12500
12320
12771
12510
12496
12518
37856
38246
37950
37762
38023
37732
38297
37820
38431
38191
41937
41421
41716
41921
41842
41455
41550
42015
41631
41713
15622344
15550161
15546162
15635889
15547328
15597404
15559396
15600618
15559224
15583713
37687
37777
38186
38005
38572
37781
38510
37303
38400
38119
7940
7783
7754
7900
7957
7920
7750
7849
7933
7879
4360
4354
4358
4319
4360
4298
4364
4370
4333
4379
27917885
27909070
27976214
28834718
27950081
27977356
27970869
28003993
27956741
28021897
3361707
3358397
3356979
3405145
3356085
3353174
3358343
3357451
3389800
3393365
40524
39980
39727
39989
39756
40370
39546
39721
39393
40060
5651913
5648988
5633347
5845828
5638318
5648904
5647835
5633419
5644258
5688221
78949
78946
79065
79369
78150
77576
79401
78729
78937
77805
87071
86509
88253
88997
85761
86468
85310
85793
85642
85554
8006
7872
8042
7807
8010
7938
7874
8098
8012
7963
123312453
123817374
123619151
123570295
124294389
122344245
121951050
122147272
121914540
121232373
30990
30988
30559
31187
32308
32025
31363
31925
31724
31658
12897
12703
12488
12716
12687
12629
12527
12684
12509
12624
93507
92564
92478
92085
92857
93353
95414
92579
97321
94808
5804
5928
5688
5800
5722
5651
5793
5663
5781
5724
29019
28976
28457
28647
28484
29251
28546
28580
28477
28885
104946
105027
105838
104717
104470
106594
104546
105102
106471
105240
24022582
22780637
22788644
22774828
22580700
22591075
22547953
22523251
22531456
22538542
6069674
6050252
6047050
6042555
6069727
6047551
6050572
6055493
6060337
6050426
10327
10472
10480
10641
10439
10445
10480
10410
10461
10414
15338
15546
15536
15589
15573
15606
15525
15630
15613
15568
4533
4496
4490
4374
4491
4502
4487
4495
4532
4488
6072
6061
5956
6127
6072
5904
6048
6024
5898
6135
41770
40896
41186
41561
41253
41421
41186
41325
41085
41354
3264
3364
3247
3347
3365
3354
3345
3255
3344
3347
2393100
2399081
2493695
2389423
2395741
2387892
2382993
2408700
2389678
2387332
823929
824440
822469
824130
820271
822854
821551
822809
820111
824441
49540
49407
49516
50219
49855
49573
49103
49496
48829
49463
5137
5070
4945
5070
5078
5074
4948
5082
5088
5071
27139
27274
27284
27256
27357
27240
27113
27594
27622
27266
36114
35537
36017
36183
35460
36454
36011
35968
36092
36362
26177
26912
26472
26544
26312
26916
26784
27019
26450
27044
10564
10624
10706
10644
10655
10683
10539
10586
10627
10623
365486
365228
364309
365730
365416
364150
365886
365031
368888
365015
21287
20868
20819
20857
20856
20764
20704
20740
20858
20998
59970
60550
60351
60978
60183
59927
60688
60149
60377
60006
79984
81493
80342
80743
80634
80562
80432
80607
80295
80804
283578
285777
282987
283518
282129
286331
282392
283717
284110
285163
78353
79806
79555
78718
78997
78895
78783
79583
78590
78665
69643
69641
71216
69580
69767
70229
69913
69485
69923
69908
63135
63179
63542
62971
62793
62939
63083
63608
63291
64221
9177
8912
9035
8992
8951
8981
9157
8945
8939
9182
7523
7736
7581
7526
7788
7544
7540
7795
7544
7561
18067
18159
17487
17768
17838
17691
18206
17741
18133
17878
10553
10613
10763
10679
10650
10728
10738
10631
10630
10692
23084268
23118678
23031068
23018999
23071644
23044119
23373511
23303867
23154671
23034435
35540
35465
36104
35975
35995
36052
36002
35765
35998
36052
40358
40807
40715
41493
40492
40782
40835
40930
40791
40780
226882266
228448199
227497349
227621698
228294487
228598017
231203942
231544907
229960805
229287823
47084
47488
47718
48191
47368
47124
47474
47143
47859
47940
10851
10722
10620
10661
10637
10725
10596
10561
10597
10349
7258
7127
7311
7248
7201
7253
7203
7113
7092
7188
90070889
90157429
90223581
90106728
90040967
89917290
89907583
