0 695
0 695
0 701
0 736
0 696
0 699
0 695
0 694
0 701
0 693
0 696
0 698
0 698
0 695
0 697
0 704
0 697
0 697
0 695
0 695
0 712
0 695
0 698
0 701
0 748
0 699
0 702
0 699
0 702
0 748
0 705
0 716
0 706
0 706
0 934
0 704
0 786
0 705
0 707
0 704
0 707
0 707
0 707
0 807
0 832
0 706
0 708
0 707
0 712
0 707
0 799
0 711
0 708
0 714
0 710
0 711
0 708
0 707
0 711
0 708
0 710
0 714
0 711
0 711
0 711
0 713
0 818
0 716
0 710
0 717
0 718
0 715
0 713
0 718
0 717
0 720
0 715
0 716
0 714
0 715
0 717
0 718
0 725
0 720
0 723
0 721
0 724
0 722
0 723
0 726
0 773
0 724
0 735
0 743
0 968
0 735
0 968
0 738
0 967
0 805
0 748
0 978
0 749
0 764
0 957
0 738
0 738
0 729
0 738
0 734
0 739
0 734
0 740
0 953
0 736
0 751
0 741
0 1217
0 915
0 734
0 748
0 742
0 748
0 1014
0 764
0 744
0 779
0 915
0 828
0 782
0 781
0 992
0 756
0 753
0 769
0 743
0 757
0 1266
0 900
0 755
0 1040
0 1120
0 764
0 1066
0 765
0 775
0 999
0 765
0 756
0 756
0 775
0 764
0 763
0 757
0 760
0 758
0 770
0 1021
0 756
0 760
0 770
0 774
0 782
0 965
0 763
0 767
0 768
0 766
0 764
0 766
0 785
0 780
0 773
0 796
0 770
0 774
0 775
0 772
0 800
0 782
0 785
0 778
0 779
0 798
0 778
0 788
0 776
0 777
0 778
0 782
0 795
0 782
0 794
0 787
0 786
0 801
0 784
0 791
0 784
0 1042
0 797
0 796
0 788
0 797
0 793
0 796
0 799
0 838
0 805
0 800
0 800
0 808
0 800
0 806
0 805
0 811
0 801
0 806
0 802
0 800
0 811
0 842
0 1317
0 810
0 852
0 815
0 824
0 839
0 833
0 830
0 894
0 833
0 852
0 831
0 830
0 826
0 825
0 858
0 832
0 851
0 845
0 874
0 837
0 839
0 852
0 876
0 830
0 844
0 834
0 842
0 842
0 843
0 848
0 842
0 850
0 849
0 842
0 856
0 851
0 861
0 861
0 871
0 868
0 854
0 850
0 862
0 852
0 857
0 1255
0 851
0 875
0 877
0 1071
0 887
0 878
0 868
0 895
0 895
0 890
0 1417
0 914
0 882
0 874
0 872
0 871
0 872
0 894
0 871
0 897
0 876
0 895
0 913
0 918
0 882
0 904
0 883
0 898
0 1689
0 890
0 1157
0 898
0 895
0 924
0 906
0 1661
0 1118
0 1033
0 926
0 924
0 1094
0 905
0 916
0 933
0 1040
0 936
0 1176
0 1328
0 1122
0 933
0 1049
0 947
0 1356
0 927
0 940
0 1863
0 949
0 1315
0 979
0 1262
0 977
0 1369
0 963
0 935
0 977
0 958
0 980
0 1328
0 934
0 960
0 947
0 1004
0 975
0 1384
0 1141
0 981
0 978
0 986
0 958
0 975
0 947
0 986
0 1343
0 1000
0 996
0 955
0 997
0 980
0 1353
0 1031
0 1198
0 1009
0 1005
0 984
0 969
0 965
0 1462
0 1003
0 980
0 969
0 992
0 1022
0 1133
0 1027
0 1019
0 1040
0 980
0 995
0 991
0 1308
0 1367
0 1387
0 1147
0 1768
0 1039
0 1014
0 1021
0 1005
0 996
0 1406
0 1327
0 1078
0 1017
0 1048
0 1053
0 1118
0 1070
0 1037
0 1035
0 1029
0 1056
0 1066
0 1100
0 1177
0 1065
0 1065
0 1075
0 1067
0 1046
0 1087
0 1422
0 1069
0 1058
0 1055
0 1045
0 1082
0 1046
0 1051
0 1052
0 1028
0 1026
0 1057
0 1100
0 1041
0 1117
0 1044
0 1111
0 1828
0 1103
0 1084
0 1099
0 1054
0 1592
0 1332
0 1662
0 1307
0 1384
0 1058
0 1154
0 1108
0 1175
0 1088
0 1101
0 1097
0 1133
0 1104
0 1129
0 1192
0 1624
0 1132
0 1591
0 1493
0 1575
0 1098
0 1139
0 1684
0 1154
0 1812
0 1151
0 1157
0 1397
0 1573
0 1600
0 1574
0 1663
0 1164
0 1105
0 1160
0 1116
0 1116
0 1096
0 1144
0 1172
0 1547
0 1436
0 1176
0 1141
0 1145
0 1216
0 1183
0 1181
0 1132
0 1150
0 1163
0 1146
0 1193
0 1564
0 1334
0 1176
0 1187
0 1160
0 1212
0 1176
0 1155
0 1159
0 1168
0 1150
0 1173
0 1547
0 1961
0 1150
0 1204
0 1194
0 1171
0 1193
0 1218
0 1629
0 1785
0 1291
0 1661
0 1281
0 1247
0 1254
0 1258
0 1260
0 1205
0 1226
0 1202
0 1246
0 1633
0 2040
0 1298
0 1582
0 1282
0 1233
0 1270
0 1667
0 1292
0 1287
0 1327
0 1234
0 1306
0 1285
0 1304
0 1971
0 2039
0 1826
0 1369
0 1994
0 2027
0 1289
0 1957
0 1570
0 1254
0 1284
0 1328
0 1266
0 1238
0 1272
0 1907
0 2050
0 1426
0 1313
0 1325
0 1363
0 1771
0 1339
0 1324
0 1304
0 1276
0 1298
0 1301
0 1606
0 1372
0 1504
0 1365
0 1459
0 1380
0 1939
0 1397
0 1344
0 1316
0 1390
0 1326
0 1335
0 1315
0 1363
0 1373
0 1346
0 1374
0 1311
0 1432
0 2046
0 1438
0 1353
0 1360
0 1341
0 1333
0 1620
0 1781
0 2068
0 1477
0 1920
0 1960
0 1434
0 1866
0 1422
0 2167
0 1454
0 1398
0 1370
0 1460
0 1416
0 2088
0 1883
0 2034
0 1517
0 2407
0 1725
0 2075
0 1458
0 1425
0 1481
0 2018
0 1479
0 1416
0 1417
0 1424
0 1477
0 1483
0 1680
0 2092
0 1505
0 2343
0 1959
0 2096
0 2115
0 1591
0 1467
0 1417
0 1451
0 1520
0 1563
0 1527
0 1569
0 1455
0 2068
0 1477
0 1466
0 2490
0 1725
0 2605
0 1825
0 1461
0 1975
0 1555
0 2001
0 1458
0 1535
0 1534
0 1631
0 1546
0 1560
0 1592
0 2331
0 1778
0 2289
0 2358
0 1579
0 3328
0 1490
0 1485
0 1603
0 1600
0 1494
0 1591
0 1584
0 2140
0 2203
0 1604
0 1670
0 1619
0 1545
0 1614
0 1521
0 1532
0 1505
0 1622
0 1679
0 1644
0 1987
0 2367
0 1553
0 1591
0 1593
0 1640
0 1655
0 1793
0 1692
0 1655
0 1909
0 1689
0 1563
0 2471
0 2291
0 1806
0 1636
0 1582
0 1639
0 1700
0 2005
0 1752
0 1702
0 1619
0 1567
0 1596
0 1601
0 1701
0 1671
0 1631
0 1690
0 1595
0 1666
0 1733
0 1589
0 1720
0 1750
0 1612
0 1824
0 1620
0 1638
0 1744
0 1745
0 1938
0 1709
0 1760
0 1746
0 1709
0 1685
0 1737
0 1658
0 2132
0 1904
0 1705
0 2251
0 1821
0 1803
0 1673
0 1677
0 1717
0 1703
0 1817
0 2136
0 2514
0 1861
0 1787
0 1814
0 1777
0 2635
0 1721
0 1708
0 1874
0 2550
0 2556
0 1822
0 1742
0 1712
0 1843
0 1828
0 2083
0 1706
0 1860
0 1906
0 2586
0 1879
0 2738
0 2465
0 1834
0 1763
0 1752
0 1725
0 1744
0 1843
0 1806
0 1884
0 1830
0 1751
0 2274
0 1742
0 1740
0 1772
0 1807
0 1760
0 1793
0 1775
0 1806
0 1801
0 1800
0 1824
0 1822
0 1804
0 1852
0 1806
0 1784
0 1934
0 1793
0 1935
0 1803
0 1850
0 1827
0 1795
0 1864
0 1900
0 1841
0 2806
0 2119
0 2570
0 1982
0 1942
0 1929
0 1987
0 2177
0 1994
0 1961
0 1976
0 1946
0 1915
0 2381
0 1995
0 1988
0 1856
0 2281
0 2036
0 1992
0 2014
0 2035
0 1924
0 1852
0 1929
0 1859
0 1889
0 2040
0 1877
0 2068
0 1984
0 2295
0 2063
0 2053
0 1977
0 1917
0 1874
0 1906
0 2974
0 2043
0 2063
0 2084
0 2103
0 2490
0 2066
0 1994
0 2094
0 2241
0 2183
0 2008
0 2031
0 2061
0 2101
0 2096
0 2155
0 2118
0 2139
0 2179
0 2399
0 1991
0 1975
0 2126
0 2100
0 1977
0 2016
0 2145
0 2106
0 2045
0 2130
0 2037
0 2411
0 2338
0 2145
0 2056
0 2495
0 2165
0 2048
0 2064
0 2067
0 2278
0 2230
0 2167
0 2242
0 2018
0 2035
0 2201
0 2015
0 2270
0 3501
0 2237
0 2245
0 2471
0 2233
0 2058
0 2067
0 2074
0 2232
0 2151
0 2087
0 2086
0 2105
0 2104
0 2263
0 3593
0 2343
0 2267
0 2204
0 2294
0 2126
0 2290
0 2407
0 3006
0 2656
0 2594
0 2246
0 3219
0 2387
0 2171
0 2187
0 2252
0 2271
0 2180
0 3017
0 2347
0 2767
0 2359
0 2376
0 2415
0 2199
0 2303
0 2201
0 2213
0 2403
0 2183
0 2255
0 2213
0 2360
0 2698
0 3260
0 3014
0 2393
0 2168
0 2409
0 2209
0 2351
0 2513
0 2200
0 2243
0 2436
0 2268
0 2334
0 2407
0 2223
0 2251
0 2403
0 2787
0 2572
0 2537
0 2277
0 2263
0 2261
0 2326
0 2276
0 2300
0 2414
0 2389
0 2467
0 2399
0 2328
0 2279
0 2283
0 2384
0 2451
0 2332
0 2487
0 3856
0 2523
0 2497
0 2376
0 2472
0 2441
0 2539
0 2608
0 3849
0 2672
0 2591
0 3086
0 2586
0 2577
0 2492
0 2505
0 2422
0 2488
0 2358
0 2608
0 3698
0 2611
0 3669
0 2642
0 3913
0 3216
0 2605
0 2601
0 2465
0 2613
0 2576
0 2630
0 3315
0 2721
0 2467
0 2586
0 4226
0 2634
0 2486
0 2440
0 2647
0 2510
0 2686
0 2517
0 3508
0 2643
0 2674
0 2650
0 2466
0 2618
0 2689
0 2524
0 2716
0 3298
0 2544
0 2756
0 2630
0 2732
0 2691
0 2728
0 3830
0 4680
0 5035
0 2770
0 2694
0 2883
0 2708
0 2609
0 2649
0 2742
0 2908
0 2560
0 2618
0 2738
0 4196
0 2789
0 3637
0 2771
0 2779
0 2799
0 2851
0 2650
0 2701
0 2786
0 2843
0 2927
0 2873
0 2857
0 3592
0 2861
0 2636
0 2820
0 2889
0 4321
0 2886
0 4182
0 2999
0 2927
0 4483
0 4359
0 2843
0 2879
0 4236
0 4504
0 2963
0 3083
0 2888
0 2888
0 2980
0 2945
0 2953
0 2903
0 3286
0 3135
0 2889
0 3044
0 2782
0 2954
0 2966
0 2956
0 3459
0 2892
0 2999
0 3215
0 3295
0 2954
0 2961
0 2947
0 2788
0 2981
0 2954
0 3006
0 2882
0 3522
0 3568
0 4150
0 3042
0 2994
0 2763
0 3124
0 3088
0 2976
0 2809
0 3500
0 3076
0 3096
0 3052
0 3048
0 3063
0 3694
0 2798
0 2914
0 3138
0 3890
0 3882
0 3079
0 3130
0 3212
0 4160
0 3429
0 3007
0 3096
0 3187
0 3117
0 3364
0 3131
0 3025
0 3105
0 2968
0 3017
0 3425
0 3118
0 3144
0 3878
0 3239
0 4460
0 3562
0 5832
0 3197
0 2999
0 3200
0 3224
0 3335
0 4069
0 5092
0 4500
0 4851
0 3642
0 3222
0 3043
0 3179
0 3047
0 3248
0 3237
0 3789
0 3300
0 5899
0 4326
0 3232
0 3252
0 3311
0 3255
0 3285
0 3301
0 3766
0 3330
0 3322
0 3325
0 3775
0 3035
0 3299
0 3321
0 3421
0 3409
0 3272
0 3488
0 4060
0 3353
0 3487
0 3403
0 5704
0 3487
0 3413
0 3406
0 3485
0 3616
0 3435
0 3288
0 3192
0 3431
0 3432
0 6907
0 4586
0 6032
0 3442
0 5714
0 3252
0 3503
0 3823
0 3558
0 4160
0 3556
0 3501
0 3214
0 4864
0 3737
0 3916
0 3968
0 3282
0 3516
0 3500
0 3460
0 3396
0 3351
0 3782
0 3580
0 3575
0 3441
0 3549
0 3561
0 3512
0 3540
0 3544
0 3467
0 3543
0 3586
0 4269
0 3643
0 3607
0 4941
0 4002
0 3900
0 3838
0 3633
0 3540
0 3498
0 3595
0 3467
0 3635
0 3640
0 5375
0 5779
0 3766
0 4151
0 3698
0 3980
0 3430
0 3741
0 3796
0 3690
0 3852
0 3710
0 3740
0 3717
0 3480
0 3420
0 5101
0 4186
0 3517
0 4106
0 3882
0 3771
0 3863
0 4009
0 6024
0 3800
0 3809
0 6471
0 5678
0 5570
0 5738
0 4627
0 4438
0 5714
0 3823
0 3672
0 3605
0 3608
0 3778
0 3987
0 4793
0 3843
0 3838
0 3579
0 5291
0 4127
0 4134
0 4433
0 3919
0 4011
0 3853
0 3859
0 3902
0 3952
0 3652
0 3902
0 4564
0 3993
0 4496
0 3676
0 3810
0 3709
0 4033
0 3987
0 3624
0 3944
0 3982
0 4499
0 3868
0 3889
0 6111
0 4329
0 4251
0 4557
0 3704
0 3827
0 6257
0 4023
0 6192
0 3992
0 4024
0 3988
0 4529
0 3989
0 3782
0 3799
0 3982
0 3797
0 3791
0 3946
0 3948
0 3986
0 4100
0 4157
0 4105
0 5006
0 4030
0 4040
0 3989
0 4020
0 3940
0 3962
0 4088
0 4162
0 4005
0 4019
0 4017
0 3900
0 4034
0 4176
0 4968
0 4445
0 4220
0 4942
0 4415
0 4254
0 4179
0 5621
0 4403
0 4702
0 4287
0 5881
0 4455
0 4316
0 7535
0 4418
0 6460
0 4261
0 6449
0 4256
0 5512
0 4185
0 4174
0 4278
0 4312
0 5284
0 4097
0 4727
0 3909
0 4466
0 4304
0 4279
0 4171
0 4278
0 4367
0 4207
0 4356
0 4155
0 3918
0 4255
0 4378
0 4378
0 4316
0 4369
0 4002
0 4438
0 4198
0 4443
0 4385
0 4373
0 4244
0 3959
0 4316
0 3933
0 6891
0 4507
0 4051
0 4380
0 4474
0 4477
0 4680
0 4188
0 4286
0 4470
0 4247
0 4262
0 4279
0 4288
0 4214
0 4237
0 4242
0 4439
0 4256
0 4763
0 4592
0 4590
0 4565
0 4909
0 4495
0 4466
0 4551
0 4480
0 4549
0 5435
0 4577
0 4655
0 4639
0 4952
0 4640
0 6454
0 4832
0 4280
0 4712
0 4696
0 4526
0 4622
0 4191
0 4423
0 5027
0 4707
0 5839
0 4578
0 5411
0 4267
0 4658
0 4739
0 4696
0 7203
0 5857
0 4939
0 4576
0 4736
0 7647
0 4912
0 4825
0 4599
0 4764
0 4951
0 4439
0 5220
0 4744
0 4877
0 4919
0 4991
0 7535
0 4499
0 5751
0 6148
0 4718
0 4797
0 6349
0 5267
0 5582
0 7758
0 5148
0 7757
0 4871
0 5317
0 6022
0 6112
0 4961
0 4867
0 4925
0 6438
0 5225
0 8010
0 5670
0 7477
0 5124
0 7217
0 5603
0 6341
0 4966
0 6777
0 4751
0 4724
0 4857
0 4816
0 5031
0 7367
0 5006
0 7308
0 5098
0 7394
0 5108
0 4910
0 5822
0 4948
0 4959
0 5449
0 4845
0 4983
0 4965
0 4705
0 5089
0 5018
0 4938
0 4880
0 6379
0 5198
0 5384
0 5478
0 5052
0 4903
0 5336
0 5114
0 7925
0 7909
0 5332
0 7233
0 6334
0 6077
0 5962
0 5090
0 5017
0 4802
0 4818
0 5123
0 5487
0 5238
0 6098
0 7997
0 5297
0 5118
0 5069
0 5040
0 5093
0 5275
0 5206
0 6575
0 8131
0 5446
0 5031
0 5313
0 4997
0 5130
0 5807
0 5520
0 9189
0 5602
0 5530
0 8014
0 5088
0 5116
0 5076
0 5187
0 5365
0 6211
0 5349
0 5215
0 5073
0 7237
0 5636
0 5410
0 5285
0 5380
0 7234
0 5394
0 6122
0 6823
0 5066
0 5101
0 5459
0 8164
0 5511
0 5760
0 8563
0 5473
0 8103
0 5660
0 8504
0 5491
0 5940
0 6894
0 5256
0 5438
0 5257
0 5299
0 5341
0 5584
0 5210
0 5350
0 5380
0 6346
0 7183
0 5580
0 5625
0 5682
0 8400
0 5674
0 5638
0 6667
0 6134
0 5085
0 5414
0 5266
0 5575
0 6845
0 6825
0 5141
0 5175
0 10297
0 8507
0 5828
0 8566
0 6235
0 7096
0 5829
0 7179
0 8691
0 5697
0 8302
0 5454
0 5400
0 6210
0 5438
0 6726
0 7475
0 9720
0 6870
0 8520
0 6812
0 5788
0 5847
0 5692
0 6426
0 8713
0 8930
0 6524
0 5634
0 5747
0 5757
0 6014
0 9163
0 6188
0 5783
0 6266
0 5644
0 7296
0 9008
0 6082
0 7594
0 6013
0 5967
0 7018
0 5934
0 5571
0 7365
0 6033
0 8806
0 5942
0 8796
0 9015
0 7731
0 7586
0 5512
0 6090
0 6159
0 7239
0 6573
0 6691
0 5637
0 5402
0 7075
0 6138
0 9044
0 6161
0 9361
0 7278
0 5745
0 5617
0 5764
0 6025
0 5659
0 5546
0 5433
0 5646
0 5508
0 5925
0 5797
0 5479
0 5535
0 6698
0 5638
0 6230
0 5492
0 5565
0 5819
0 6067
0 6424
0 5653
0 6188
0 5592
0 5749
0 5636
0 5523
0 5679
0 6018
0 5684
0 6617
0 5679
0 5704
0 6303
0 6007
0 6125
0 6291
0 6071
0 6313
0 6134
0 5994
0 6685
0 6831
0 6303
0 6455
0 5854
0 5735
0 6712
0 6548
0 6456
0 6401
0 6385
0 6132
0 6526
0 6118
0 6160
0 5887
0 9911
0 6525
0 5778
0 6615
0 5858
0 6856
0 6184
0 6902
0 5961
0 5847
0 6352
0 5814
0 7372
0 6883
0 7094
0 9726
0 6801
0 6515
0 7759
0 6711
0 7620
0 6424
0 7075
0 5845
0 6510
0 6931
0 6422
0 6686
0 6657
0 10179
0 5895
0 6566
0 6025
0 5869
0 6596
0 6535
0 6535
0 5863
0 6436
0 6921
0 7432
0 6097
0 6105
0 6404
0 6048
0 6674
0 6272
0 6064
0 6031
0 6662
0 8939
0 7352
0 6453
0 7675
0 7749
0 6199
0 6765
0 7906
0 6194
0 6194
0 6271
0 7154
0 6768
0 6855
0 9545
0 6544
0 6115
0 6667
0 10109
0 7081
0 6850
0 6083
0 9341
0 10728
0 6210
0 6540
0 6253
0 6474
0 9214
0 7139
0 6673
0 6714
0 9005
0 8589
0 6557
0 6849
0 7371
0 6196
0 7011
0 10131
0 7830
0 12569
0 8168
0 11672
0 7080
0 6952
0 6841
0 7271
0 6771
0 7317
0 6928
0 6414
0 6919
0 8853
0 7027
0 6580
0 6649
0 7103
0 6650
0 6609
0 7291
0 7139
0 6780
0 6770
0 7110
0 6836
0 8327
0 7243
0 10973
0 7951
0 10927
0 7273
0 7256
0 7652
0 10862
0 9606
0 7364
0 6944
0 6521
0 6575
0 6542
0 6738
0 6960
0 6520
0 6701
0 7583
0 7328
0 8024
0 8815
0 11426
0 11318
0 7693
0 7687
0 7266
0 6413
0 7249
0 7394
0 7278
0 8078
0 6858
0 6499
0 6665
0 7176
0 7821
0 7462
0 7258
0 7131
0 7746
0 6858
0 7587
0 7480
0 11139
0 9447
0 9819
0 8836
0 10982
0 7546
0 7572
0 7435
0 11417
0 7629
0 7551
0 7718
0 7987
0 8459
0 7456
0 8250
0 7378
0 7495
0 9040
0 7215
0 7213
0 6952
0 7435
0 7406
0 7304
0 7376
0 7600
0 7626
0 7393
0 7211
0 6761
0 9908
0 7597
0 8137
0 6964
0 7087
0 6728
0 7505
0 6886
0 13100
0 7665
0 12607
0 8543
0 8634
0 11759
0 6816
0 7902
0 6926
0 12204
0 7913
0 12431
0 7047
0 12783
0 7816
0 12423
0 7967
0 7778
0 6934
0 7268
0 6770
0 7138
0 7219
0 7716
0 7716
0 11815
0 7200
0 8055
0 7891
0 7817
0 7797
0 7857
0 11791
0 7896
0 7865
0 7842
0 11943
0 7938
0 11965
0 7924
0 8380
0 7554
0 7209
0 7565
0 8957
0 12408
0 8057
0 7502
0 8529
0 9520
0 9533
0 15863
0 13131
0 8620
0 7143
0 7109
0 7501
0 8026
0 7135
0 8007
0 8828
0 9451
0 7381
0 7682
0 7768
0 7866
0 8048
0 8283
0 7866
0 7651
0 9148
0 9507
0 12237
0 7541
0 7869
0 7228
0 7194
0 7267
0 7202
0 7506
0 7362
0 9180
0 7545
0 7214
0 7186
0 7399
0 7238
0 7790
0 7847
0 7601
0 7213
0 7210
0 7231
0 7168
0 7139
0 7829
0 7253
0 7545
0 7677
0 7405
0 7417
0 7351
0 7202
0 9776
0 8499
0 11759
0 9322
0 8314
0 8460
0 7562
0 8448
0 13618
0 11395
0 7520
0 13302
0 7478
0 9079
0 14307
0 10144
0 11558
0 7395
0 7997
0 7374
0 7290
0 7719
0 7458
0 8062
0 7533
0 7739
0 8062
0 8411
0 7389
0 8402
0 7447
0 7537
0 7410
0 8095
0 7572
0 7537
0 7530
0 8616
0 7562
0 8542
0 7691
0 8037
0 7514
0 7462
0 7967
0 7764
0 7838
0 7599
0 7573
0 7659
0 7686
0 7523
0 8951
0 12426
0 8080
0 9588
0 7592
0 7726
0 7962
0 7687
0 8021
0 9370
0 7662
0 7642
0 7763
0 7797
0 7900
0 7681
0 7624
0 8432
0 7632
0 8365
0 7637
0 7690
0 7534
0 11188
0 11951
0 8397
0 8235
0 7582
0 7812
0 7680
0 7982
0 7673
0 8538
0 12228
0 8690
0 7985
0 9614
0 9090
0 8572
0 8742
0 7693
0 7737
0 7839
0 7793
0 8190
0 8608
0 12087
0 8573
0 8670
0 12633
0 7860
0 7826
0 8754
0 9772
0 10784
0 10366
0 11238
0 10852
0 9773
0 10027
0 8258
0 8574
0 8251
0 8590
0 8401
0 8568
0 7956
0 8393
0 8080
0 9207
0 11500
0 8769
0 7866
0 8214
0 7829
0 8219
0 8176
0 8133
0 7865
0 8379
0 7934
0 7877
0 7813
0 8714
0 13357
0 7929
0 8233
0 8093
0 8038
0 8238
0 8204
0 8299
0 8694
0 8208
0 8013
0 8085
0 8495
0 8769
0 8169
0 8170
0 9101
0 8099
0 8995
0 8082
0 8039
0 8740
0 7990
0 9219
0 8271
0 8318
0 8781
0 8567
0 8047
0 8135
0 9070
0 8133
0 8701
0 7880
0 8069
0 8148
0 8284
0 8080
0 8028
0 9002
0 8355
0 8012
0 8258
0 8009
0 8756
0 7989
0 8716
0 8160
0 9096
0 8043
0 8799
0 8117
0 8357
0 8184
0 8425
0 8152
0 8462
0 8935
0 8383
0 8726
0 8102
0 8129
0 8863
0 8171
0 9203
0 8193
0 8285
0 8295
0 8440
0 8273
0 8287
0 8467
0 8682
0 8246
0 8406
0 8420
0 8822
0 8555
0 8816
0 8416
0 8716
0 8370
0 8278
0 8160
0 8331
0 8294
0 8713
0 8703
0 10513
0 9622
0 9449
0 8350
0 8609
0 8944
0 10035
0 8756
0 11878
0 12844
0 13323
0 10461
0 8438
0 10544
0 13250
0 9365
0 8822
0 8478
0 8297
0 9141
0 9163
0 8727
0 9702
0 8823
0 8567
0 8472
0 9225
0 8627
0 8515
0 8358
0 8796
0 8565
0 9603
0 8456
0 8661
0 8376
0 8928
0 10048
0 9585
0 8499
0 8564
0 9058
0 9330
0 9041
0 8878
0 8982
0 8953
0 9406
0 10955
0 9641
0 8849
0 9287
0 8938
0 12670
0 8618
0 9685
0 9911
0 14657
0 9927
0 9961
0 14706
0 9911
0 14815
0 9876
0 15109
0 13510
0 10502
0 8784
0 8687
0 9061
0 11257
0 13134
0 8802
0 9295
0 8504
0 9033
0 9836
0 8686
0 9115
0 8859
0 10127
0 8856
0 9597
0 12790
0 12616
0 8734
0 9436
0 8977
0 8969
0 9055
0 11157
0 11318
0 11238
0 10932
0 8791
0 9503
0 10048
0 12653
0 9586
0 9204
0 9042
0 9321
0 9199
0 10838
0 12686
0 12206
0 13867
0 9821
0 15352
0 9316
0 9301
0 8873
0 8889
0 8787
0 10449
0 12340
0 15240
0 11748
0 11115
0 8899
0 9388
0 9032
0 8734
0 8811
0 9235
0 8911
0 9071
0 8961
0 8714
0 8874
0 9667
0 8876
0 8920
0 9335
0 8915
0 8755
0 9368
0 8890
0 8974
0 8953
0 8838
0 8862
0 11525
0 8807
0 10238
0 8864
0 9113
0 9030
0 9197
0 11368
0 14836
0 9215
0 9230
0 10120
0 11934
0 14135
0 10026
0 9252
0 10380
0 10077
0 10207
0 8983
0 10108
0 9523
0 10566
0 9172
0 10367
0 9062
0 10751
0 9033
0 10943
0 9901
0 9087
0 9717
0 10107
0 9262
0 9137
0 9257
0 10007
0 9187
0 9272
0 9433
0 9177
0 9188
0 9288
0 9511
0 9178
0 11115
0 9922
0 9798
0 9248
0 10360
0 9350
0 9982
0 9111
0 9164
0 9435
0 9613
0 9024
0 9598
0 9706
0 9136
0 9428
0 9420
0 9143
0 9437
0 9422
0 9137
0 9252
0 9123
0 9746
0 9470
0 9386
0 9249
0 9174
0 9399
0 9386
0 9448
0 10295
0 15991
0 12290
0 10160
0 9285
0 9576
0 9628
0 10341
0 12189
0 12783
0 15993
0 13020
0 15224
0 10399
0 9535
0 10144
0 9901
0 9691
0 10524
0 12975
0 12921
0 10435
0 12880
0 11537
0 9610
0 10291
0 9540
0 9745
0 10982
0 15580
0 13558
0 16669
0 13721
0 10197
0 9420
0 9528
0 9573
0 10481
0 16758
0 11287
0 10518
0 10439
0 10270
0 11299
0 9568
0 10472
0 17852
0 10510
0 11693
0 10912
0 9498
0 9931
0 9307
0 9299
0 9465
0 9491
0 9258
0 10115
0 10901
0 9139
0 10498
0 9417
0 9300
0 9634
0 9328
0 9664
0 9257
0 9397
0 9738
0 9415
0 9307
0 9531
0 9986
0 9756
0 10341
0 9787
0 9920
0 10807
0 9463
0 11972
0 9853
0 9565
0 10578
0 9439
0 9446
0 9588
0 9612
0 10418
0 10012
0 9863
0 10021
0 9468
0 9727
0 9542
0 9808
0 9592
0 9677
0 9902
0 9608
0 9721
0 9840
0 9485
0 10375
0 9440
0 10155
0 9473
0 10377
0 9563
0 9892
0 9574
0 9684
0 9931
0 9594
0 9682
0 9603
0 9522
0 9873
0 9542
0 9993
0 9471
0 10479
0 9841
0 9652
0 9636
0 10855
0 10180
0 9608
0 9677
0 9735
0 9680
0 9752
0 10210
0 9693
0 10030
0 10004
0 9849
0 9969
0 9923
0 9747
0 10895
0 9858
0 10129
0 10346
0 9769
0 11165
0 11305
0 11137
0 17623
0 9980
0 9924
0 10601
0 14599
0 17774
0 13433
0 12777
0 16975
0 13445
0 10978
0 10389
0 10985
0 9971
0 10216
0 12373
0 13045
0 12504
0 10819
0 10047
0 9901
0 11812
0 12769
0 10153
0 10972
0 12315
0 13383
0 10403
0 9919
0 10934
0 16270
0 10859
0 17041
0 10962
0 11996
0 16291
0 9835
0 10077
0 10013
0 11262
0 13259
0 13106
0 9814
0 9959
0 9719
0 10178
0 10894
0 10087
0 9905
0 9848
0 11418
0 9864
0 9874
0 10325
0 10188
0 9872
0 9928
0 9955
0 10591
0 10287
0 10875
0 10452
0 10802
0 10034
0 9868
0 9804
0 9979
0 9825
0 11005
0 11770
0 12006
0 11485
0 10223
0 10967
0 11003
0 10033
0 10776
0 10052
0 10289
0 9852
0 10072
0 11307
0 10060
0 10199
0 10457
0 10067
0 10372
0 9994
0 10320
0 10268
0 12599
0 9957
0 10357
0 10000
0 9871
0 10308
0 10154
0 10080
0 10170
0 10206
0 10263
0 9980
0 10183
0 10212
0 15357
0 10101
0 10501
0 10051
0 10139
0 10483
0 10188
0 10797
0 9912
0 10154
0 10555
0 10507
0 10494
0 10974
0 10758
0 11279
0 10219
0 10122
0 10028
0 10329
0 10513
0 10258
0 10260
0 9941
0 10020
0 10124
0 10678
0 10347
0 10322
0 10137
0 10451
0 10327
0 10223
0 10378
0 10070
0 10482
0 10333
0 10142
0 10175
0 10569
0 10143
0 10696
0 11263
0 10410
0 17044
0 10248
0 10301
0 10312
0 17266
0 13997
0 10685
0 10660
0 10401
0 12173
0 11229
0 10147
0 10892
0 10656
0 10277
0 10891
0 10739
0 10500
0 11095
0 10344
0 10254
0 11046
0 17556
0 11653
0 11614
0 10926
0 10844
0 11123
0 10952
0 13528
0 10576
0 12683
0 17298
0 10672
0 10931
0 14309
0 12675
0 17819
0 14083
0 14327
0 14736
0 13733
0 11395
0 10621
0 13182
0 12605
0 12813
0 12400
0 11911
0 10578
0 10321
0 11321
0 10257
0 11942
0 12642
0 12099
0 12027
0 10409
0 11012
0 11781
0 12325
0 11364
0 10961
0 11362
0 11286
0 11834
0 10388
0 10929
0 11590
0 10545
0 10470
0 10714
0 10339
0 10623
0 10305
0 10369
0 10237
0 10337
0 10227
0 10686
0 11349
0 11735
0 11404
0 11513
0 11275
0 11441
0 13111
0 11322
0 10914
0 10407
0 10780
0 10512
0 10769
0 10523
0 11983
0 12076
0 10396
0 19685
0 11722
0 11962
0 11855
0 10402
0 11088
0 10252
0 11315
0 12525
0 10535
0 10297
0 10978
0 10463
0 11139
0 10332
0 10677
0 11268
0 10674
0 10423
0 11839
0 10698
0 10932
0 10416
0 10526
0 10369
0 10721
0 11231
0 10478
0 10403
0 11129
0 12625
0 21097
0 13071
0 12250
0 11765
0 11609
0 11148
0 11449
0 11683
0 12099
0 11210
0 10678
0 12063
0 11719
0 12413
0 14000
0 10477
0 11079
0 10554
0 10898
0 10479
0 14890
0 11063
0 10715
0 10829
0 15445
0 10981
0 11708
0 11905
0 12341
0 11585
0 11508
0 11446
0 15603
0 18296
0 12189
0 17996
0 12141
0 19195
0 12881
0 12548
0 12024
0 19008
0 12473
0 12845
0 16144
0 11598
0 12641
0 12442
0 12028
0 14261
0 12610
0 12750
0 11083
0 11955
0 11252
0 10837
0 11520
0 12045
0 12354
0 12047
0 11128
0 11112
0 16262
0 11564
0 12081
0 10860
0 12210
0 12097
0 11791
0 11178
0 11612
0 12004
0 10880
0 12173
0 11038
0 12479
0 11546
0 10687
0 11035
0 11034
0 10809
0 11242
0 10708
0 10815
0 10779
0 11028
0 11371
0 12498
0 12720
0 12068
0 12015
0 12747
0 11399
0 12058
0 12243
0 10966
0 11006
0 11195
0 11162
0 10919
0 11368
0 10643
0 12637
0 11079
0 10594
0 12227
0 12067
0 11141
0 10784
0 11831
0 12833
0 11407
0 10729
0 12738
0 10699
0 11600
0 11895
0 12335
0 10703
0 12218
0 12011
0 11768
0 11094
0 10812
0 10733
0 11019
0 10665
0 11051
0 11608
0 11171
0 11607
0 12183
0 11208
0 16880
0 14575
0 12320
0 10984
0 11919
0 13467
0 11277
0 12842
0 10965
0 12749
0 11559
0 12929
0 10736
0 15087
0 10918
0 10860
0 11075
0 12434
0 10821
0 11223
0 11074
0 11001
0 10998
0 10959
0 10768
0 11963
0 10806
0 12427
0 11225
0 10910
0 11036
0 12514
0 11194
0 10781
0 19565
0 11827
0 10875
0 10686
0 11186
0 11010
0 10859
0 16358
0 11468
0 11716
0 12139
0 10835
0 12387
0 11621
0 10983
0 11509
0 11473
0 10889
0 10840
0 12735
0 10970
0 12159
0 11242
0 11438
0 11403
0 10775
0 11016
0 11302
0 12740
0 12962
0 10869
0 11178
0 10867
0 11837
0 11056
0 10956
0 15120
0 10984
0 11256
0 11008
0 11089
0 11184
0 11762
0 12698
0 11149
0 12877
0 12308
0 11081
0 11961
0 11315
0 12078
0 15694
0 11396
0 11108
0 10881
0 12409
0 11634
0 14360
0 12272
0 13618
0 12077
0 18623
0 13582
0 12804
0 13220
0 12849
0 12580
0 11988
0 13077
0 16034
0 11407
0 12842
0 11921
0 11852
0 12381
0 12183
0 11333
0 12400
0 12986
0 12078
0 13393
0 12689
0 11610
0 18087
0 10991
0 11241
0 11032
0 12832
0 11170
0 11026
0 11774
0 11607
0 11788
0 13487
0 11189
0 14095
0 11992
0 12709
0 15111
0 11065
0 10869
0 11131
0 11363
0 10982
0 11477
0 12058
0 12278
0 12238
0 12588
0 12508
0 11102
0 12438
0 13304
0 12123
0 12523
0 12292
0 11259
0 11626
0 12346
0 11122
0 11056
0 11689
0 12486
0 11179
0 11834
0 11345
0 12525
0 11941
0 11459
0 11783
0 13535
0 12460
0 11139
0 11373
0 12714
0 11239
0 12412
0 11725
0 12629
0 12390
0 11961
0 11953
0 10930
0 12095
0 11570
0 12510
0 11640
0 11710
0 11049
0 12662
0 10909
0 12614
0 14027
0 11073
0 11452
0 10963
0 12760
0 11158
0 13274
0 11356
0 11008
0 11110
0 12257
0 11170
0 10990
0 11393
0 11719
0 12773
0 15687
0 11623
0 10923
0 12559
0 12910
0 11573
0 11603
0 11507
0 12387
0 11059
0 11153
0 11267
0 10957
0 12713
0 12581
0 15563
0 11011
0 11653
0 11207
0 11150
0 11612
0 11950
0 11579
0 11864
0 11988
0 11526
0 11886
0 11742
0 12870
0 11403
0 14797
0 11510
0 11832
0 12160
0 11628
0 11784
0 12707
0 12298
0 12206
0 11735
0 11114
0 11826
0 11478
0 11585
0 11270
0 12762
0 19524
0 12722
0 19456
0 14011
0 12868
0 12105
0 12100
0 13546
0 11621
0 12199
0 11349
0 12709
0 19310
0 14360
0 19216
0 12923
0 20335
0 19297
0 13020
0 11740
0 11350
0 12644
0 11534
0 13206
0 12615
0 11235
0 12867
0 12810
0 14766
0 12760
0 11625
0 11240
0 11517
0 11633
0 11274
0 11473
0 11235
0 11278
0 11662
0 11137
0 11138
0 12854
0 11441
0 12042
0 12026
0 13740
0 12130
0 12326
0 12564
0 11688
0 11264
0 13553
0 11613
0 11576
0 13564
0 13081
0 11129
0 14055
0 12641
0 12665
0 11350
0 11275
0 13168
0 12019
0 13175
0 11533
0 11227
0 12926
0 13464
0 11333
0 12740
0 12306
0 11190
0 12745
0 12708
0 11097
0 12010
0 11860
0 11150
0 11433
0 11612
0 12402
0 13291
0 12020
0 11822
0 12654
0 12450
0 13555
0 11588
0 13566
0 12998
0 12250
0 11348
0 13057
0 12688
0 12420
0 11189
0 11174
0 11244
0 11550
0 11183
0 11280
0 12050
0 12105
0 12717
0 11442
0 11540
0 11577
0 11292
0 12735
0 19435
0 13046
0 20236
0 13038
0 11966
0 12131
0 11622
0 13058
0 19793
0 13420
0 19768
0 13475
0 12906
0 16767
0 19287
0 14979
0 13430
0 12096
0 14751
0 21567
0 17878
0 12815
0 14870
0 13170
0 12037
0 13185
0 13214
0 11893
0 13906
0 14405
0 12431
0 12733
0 14539
0 13317
0 12368
0 16584
0 12699
0 12023
0 14008
0 12534
0 11750
0 11753
0 12335
0 12309
0 13338
0 12798
0 12068
0 15143
0 13921
0 13569
0 12755
0 12333
0 14003
0 12971
0 17429
0 13183
0 21260
0 13161
0 19818
0 13886
0 21731
0 20141
0 13543
0 19711
0 20889
0 14319
0 20061
0 20236
0 17413
0 15916
0 19743
0 13067
0 19597
0 13762
0 13139
0 18480
0 12983
0 13457
0 13336
0 19961
0 13486
0 20634
0 13110
0 19654
0 13310
0 20509
0 16666
0 13177
0 14525
0 13818
0 16150
0 16763
0 15634
0 21788
0 14106
0 13225
0 20267
0 19708
0 13251
0 13427
0 20465
0 13204
0 20426
0 12682
0 13052
0 13331
0 14422
0 14012
0 12338
0 13269
0 13006
0 14082
0 19628
0 22035
0 15728
0 18677
0 13079
0 11718
0 11250
0 11533
0 11299
0 13719
0 18276
0 12021
0 13144
0 14784
0 15679
0 11320
0 11721
0 12316
0 11377
0 11670
0 11391
0 11502
0 11429
0 12654
0 15464
0 12194
0 13208
0 11555
0 12809
0 11588
0 12541
0 12355
0 11308
0 11453
0 11154
0 11542
0 12397
0 11327
0 11712
0 11620
0 11990
0 13920
0 15344
0 12761
0 12351
0 17119
0 12115
0 11804
0 14746
0 19194
0 15592
0 12745
0 18640
0 12685
0 14236
0 14335
0 15446
0 15644
0 12839
0 20776
0 15381
0 13048
0 14489
0 16254
0 11951
0 11613
0 11442
0 11533
0 11590
0 12019
0 15048
0 14034
0 11621
0 12043
0 15410
0 15478
0 13045
0 11996
0 13089
0 11492
0 12712
0 11486
0 13310
0 11848
0 15064
0 11524
0 13346
0 11180
0 18904
0 11678
0 11313
0 11585
0 11783
0 12007
0 12686
0 11598
0 11521
0 11640
0 12375
0 12193
0 11767
0 11359
0 11799
0 11574
0 12199
0 14355
0 11555
0 12053
0 11686
0 11461
0 11491
0 12248
0 11392
0 11427
0 11532
0 15411
0 15945
0 13681
0 12477
0 20681
0 16131
0 13804
0 12254
0 11641
0 11744
0 15307
0 14117
0 12901
0 14091
0 14807
0 13685
0 12639
0 11994
0 12078
0 11635
0 11391
0 11530
0 11806
0 11956
0 11475
0 11705
0 11466
0 15321
0 13522
0 12617
0 13502
0 11431
0 13186
0 14144
0 12432
0 11525
0 11643
0 13074
0 12747
0 11914
0 11990
0 12017
0 12710
0 12554
0 12406
0 12211
0 12247
0 11572
0 12325
0 12367
0 11917
0 11230
0 12936
0 13028
0 13319
0 11964
0 13176
0 11450
0 12291
0 12361
0 13422
0 11750
0 13042
0 12198
0 13938
0 11625
0 11566
0 11595
0 12006
0 11315
0 11711
0 11687
0 12219
0 11507
0 11665
0 11544
0 12077
0 11537
0 12838
0 14340
0 14113
0 15467
0 13547
0 18444
0 19139
0 12679
0 20443
0 14799
0 11998
0 15489
0 13939
0 12098
0 14900
0 15705
0 11732
0 11954
0 14275
0 19453
0 13167
0 18537
0 12495
0 11924
0 11969
0 11567
0 11551
0 13670
0 12844
0 14167
0 14289
0 14444
0 12428
0 11519
0 11699
0 13114
0 16759
0 13531
0 12256
0 11351
0 16733
0 11725
0 11449
0 11611
0 11912
0 11937
0 11437
0 11294
0 11870
0 11505
0 12709
0 11801
0 12666
0 16609
0 20486
0 13189
0 12058
0 11671
0 13351
0 11608
0 14014
0 13428
0 12022
0 13101
0 11497
0 13677
0 11670
0 14604
0 16862
0 12230
0 13929
0 11235
0 11227
0 12254
0 11832
0 11903
0 11433
0 11357
0 11409
0 11707
0 11472
0 20084
0 12294
0 11238
0 11405
0 11412
0 11304
0 12446
0 11552
0 12554
0 11173
0 11385
0 11304
0 11373
0 11680
0 12698
0 11853
0 18643
0 13497
0 11347
0 12799
0 11603
0 19724
0 17766
0 11630
0 12264
0 12336
0 11688
0 12609
0 15189
0 19669
0 15177
0 14327
0 11935
0 11792
0 11274
0 11665
0 11388
0 11801
0 11891
0 11532
0 11809
0 11892
0 11834
0 11881
0 11436
0 11530
0 11282
0 11928
0 12147
0 11582
0 11504
0 11493
0 11376
0 11715
0 11561
0 12132
0 11393
0 19276
0 16018
0 11485
0 12407
0 19988
0 16186
0 12911
0 19909
0 11346
0 11813
0 11365
0 12028
0 11603
0 15087
1 11355
1 12263
1 13318
1 12294
1 11370
1 12292
1 11497
1 12029
1 12191
1 11731
1 12981
1 11279
1 12633
1 12063
1 11451
1 11827
1 11470
1 11421
1 11426
1 12659
1 11559
1 11509
1 11309
1 11800
1 11374
1 11287
1 11260
1 12052
1 11284
1 11762
1 11780
1 14588
1 11489
1 12131
1 11666
1 12122
1 18424
1 12011
1 11475
1 11651
1 12147
1 19298
1 14869
1 11610
1 14726
1 14541
1 12805
1 14579
1 21422
1 16089
1 15776
1 12224
1 15096
1 19013
1 11906
1 11391
1 11449
1 12199
1 12350
1 11425
1 11970
1 13230
1 16799
1 12695
1 11794
1 12733
1 14979
1 14122
1 11334
1 11314
1 12668
1 15336
1 12274
1 15611
1 15901
1 12030
1 11909
1 11369
1 11773
1 11330
1 11624
1 11554
1 11443
1 12606
1 11370
1 11901
1 11898
1 12154
1 11830
1 11314
1 11588
1 21454
1 11703
1 13279
1 11774
1 13179
1 11791
1 12129
1 11487
1 21243
1 11371
1 12015
1 11524
1 11483
1 11355
1 11729
1 11487
1 11952
1 11537
1 11565
