23
50
37
29
28
38
53
31
33
41
19
18
24
25
25
25
27
27
27
28
19
19
22
22
23
22
27
28
26
26
19
18
21
21
22
21
26
26
27
26
19
22
22
21
21
28
27
27
28
19
37
35
29
31
26
27
28
19
27
19
54
42
52
43
21
22
22
22
27
28
19
18
24
19
31
32
31
29
27
27
19
18
18
18
19
41
56
27
32
32
57
54
32
40
25
23
24
23
22
23
41
42
38
39
38
40
39
28
38
26
76
33
79
30
31
32
30
30
30
155
79
77
34
38
39
38
63
32
79
25
27
42
25
41
27
39
42
54
60
61
26
42
41
27
42
28
38
36
38
28
100
78
92
76
75
31
32
30
32
32
42
40
41
40
38
39
27
27
26
41
91
63
61
62
59
63
31
37
31
30
25
23
24
32
31
71
44
46
25
29
26
26
25
25
38
37
38
37
37
37
30
30
28
29
30
44
43
44
38
39
31
30
28
30
30
44
44
46
80
43
31
34
93
30
47
47
47
49
31
48
39
71
35
94
90
29
29
30
30
31
30
29
30
31
30
40
40
40
90
125
42
40
46
45
30
50
30
31
49
52
31
34
45
87
46
89
90
61
56
40
57
29
29
29
50
50
53
39
40
40
87
31
69
70
70
48
50
29
47
36
88
89
87
88
87
29
30
30
31
30
54
56
55
51
54
54
107
102
43
42
45
60
59
137
50
45
61
34
84
35
71
69
69
110
71
55
57
57
38
55
51
53
53
54
54
69
35
38
61
48
42
59
39
70
70
72
69
35
36
36
162
57
60
58
58
38
63
56
60
59
36
58
37
52
57
55
37
64
69
71
41
38
35
36
35
34
46
45
48
43
36
35
52
35
51
35
35
54
36
52
111
37
36
37
56
58
40
58
66
54
71
68
47
52
107
100
52
47
54
133
65
96
121
61
82
40
60
94
55
56
70
84
67
44
46
45
68
67
44
72
47
47
76
74
74
77
45
46
44
44
41
41
41
40
39
40
53
93
94
66
129
52
53
53
51
50
50
63
66
58
43
53
52
50
51
57
57
57
57
57
62
66
41
58
43
61
61
61
63
69
85
47
68
130
54
106
103
107
44
43
40
41
40
40
40
53
57
52
53
53
68
60
101
59
69
46
69
46
73
70
138
46
47
98
91
89
89
69
46
89
107
61
64
60
55
54
56
56
63
61
55
46
138
68
46
68
67
47
46
68
71
66
62
58
46
64
140
56
84
45
45
46
47
46
46
46
55
54
54
56
47
46
46
46
70
67
69
69
63
63
45
44
44
64
60
59
60
64
135
109
46
46
45
47
67
67
70
69
105
68
47
73
71
67
73
72
163
52
75
74
176
86
83
51
50
53
49
50
50
66
51
51
51
49
51
50
51
67
68
69
56
90
59
59
58
74
73
73
93
65
59
51
52
53
52
53
76
75
75
66
64
56
51
52
52
77
76
77
76
78
51
52
52
51
76
80
78
125
67
67
106
52
103
50
86
51
148
51
49
118
53
52
51
51
50
91
86
73
67
68
54
50
51
52
75
76
69
67
71
68
50
81
61
62
63
68
156
69
124
167
63
177
106
104
124
82
81
80
79
82
95
87
87
83
88
117
88
83
84
82
59
60
66
240
69
133
148
137
183
113
55
55
52
53
55
53
55
54
65
85
120
186
122
61
153
177
120
144
118
109
197
58
178
140
58
60
60
57
58
76
179
79
61
60
85
89
72
70
104
71
200
56
87
89
68
57
86
59
91
58
61
63
118
81
80
81
86
61
177
183
184
119
93
119
142
162
118
141
150
103
61
72
74
76
73
90
90
93
123
84
62
63
63
65
82
82
82
89
85
83
64
61
110
94
91
83
192
84
131
121
96
100
96
103
96
98
62
63
64
65
61
99
61
93
60
97
62
61
89
62
112
60
178
60
90
113
137
96
63
64
198
186
104
103
73
63
76
87
287
97
76
188
189
62
86
189
148
150
127
203
64
184
196
63
64
62
63
62
62
75
239
186
82
63
62
63
65
63
62
91
313
67
69
164
66
128
147
86
102
88
231
202
102
71
102
69
104
104
73
68
66
79
81
78
102
102
65
157
89
102
100
71
72
67
114
118
115
70
70
69
72
80
72
211
197
82
79
200
162
170
67
190
87
85
86
91
96
92
86
87
70
80
81
81
80
89
92
90
92
92
65
68
65
72
74
108
100
98
86
85
67
67
68
104
142
103
90
89
205
133
68
69
68
68
90
90
93
94
102
108
71
71
71
78
105
110
93
97
94
94
150
73
212
133
72
113
91
116
121
72
212
95
92
94
110
110
108
106
86
86
74
74
74
119
72
73
221
215
74
83
74
74
74
74
109
109
126
107
96
95
76
76
109
99
102
100
110
112
112
102
79
93
96
94
90
103
160
154
149
149
97
213
120
124
125
158
141
217
74
72
73
73
74
76
72
126
109
114
110
87
107
102
117
113
111
70
72
71
82
86
128
122
80
80
114
121
131
115
155
197
77
228
119
78
134
133
78
233
97
78
139
133
94
103
230
128
95
94
89
92
186
93
93
92
123
103
268
82
196
196
100
78
75
77
101
110
225
178
180
181
81
78
101
78
102
103
103
103
104
107
102
78
189
219
242
357
112
233
79
154
226
195
78
132
159
103
226
102
234
218
77
272
164
79
77
78
80
79
115
115
80
79
165
195
118
119
163
164
82
106
81
83
96
96
96
106
107
105
106
104
85
82
81
85
81
121
199
121
173
178
200
85
168
169
99
166
103
102
84
123
87
194
334
97
85
81
80
298
80
81
83
85
84
122
83
112
150
155
99
124
128
142
133
86
85
83
82
166
207
104
83
82
99
185
234
85
83
81
82
116
82
83
98
244
98
161
161
105
96
95
86
85
84
111
111
137
110
112
110
108
82
80
95
97
96
119
118
123
107
104
89
83
250
251
83
132
85
82
402
84
89
137
92
89
89
138
93
89
138
94
87
148
85
84
253
258
85
98
89
89
88
86
87
88
116
115
117
116
118
114
86
87
85
84
128
124
126
119
113
113
93
90
90
125
122
121
118
121
119
119
93
90
93
89
122
121
120
120
135
137
89
89
91
120
118
123
131
138
130
117
97
90
107
111
119
186
273
183
216
139
91
130
142
90
90
91
135
87
132
176
179
276
221
138
138
142
93
94
144
97
142
94
109
112
95
298
127
122
142
183
90
90
91
95
133
140
135
122
121
153
93
91
109
109
112
121
120
121
121
124
93
93
97
99
124
126
122
142
138
141
96
126
118
114
113
142
142
142
126
131
96
93
93
139
140
142
126
126
123
124
94
94
96
135
96
125
124
180
125
125
95
283
136
94
93
93
93
124
122
126
95
93
92
118
109
117
124
124
119
123
100
101
100
97
103
147
146
149
131
131
100
99
101
147
150
143
131
130
137
131
103
100
99
100
99
129
130
129
137
131
98
97
103
148
149
154
132
135
132
146
99
96
95
96
95
142
149
216
175
123
294
200
233
105
97
99
98
100
132
129
101
98
117
99
132
146
135
150
153
99
97
286
287
94
143
145
141
151
148
151
99
104
133
135
145
135
137
135
168
169
98
103
124
119
118
132
130
130
131
147
102
155
105
303
270
104
177
159
207
201
125
103
105
101
103
110
308
102
310
137
105
106
104
103
104
315
164
224
198
263
107
152
306
374
243
175
272
174
180
173
212
102
154
153
212
101
173
176
176
177
105
176
108
177
169
164
131
311
139
135
227
315
103
125
104
229
108
180
162
184
103
248
105
124
102
106
156
189
162
127
491
316
106
327
212
189
190
178
126
170
314
319
105
104
113
211
391
315
184
271
380
271
273
112
113
112
115
112
134
134
113
111
111
111
147
148
147
150
216
230
170
179
193
179
111
170
137
133
124
169
113
110
111
174
195
249
193
182
182
179
183
110
252
157
172
187
182
171
175
111
112
115
194
110
181
112
285
115
110
111
113
113
111
116
137
225
222
299
112
111
107
128
129
130
145
157
144
145
144
142
109
109
147
147
155
142
145
169
144
144
111
111
110
166
166
163
148
145
148
146
116
116
111
113
168
170
173
152
150
153
116
145
138
237
113
191
190
125
179
344
118
112
272
270
269
337
337
116
116
199
115
114
115
116
347
153
159
276
277
156
173
439
357
139
273
147
174
195
203
198
331
163
190
140
138
133
332
138
112
178
183
120
181
115
195
121
195
113
180
180
165
113
112
112
167
168
171
142
144
135
114
235
157
116
389
328
128
180
471
207
111
116
113
118
111
112
115
111
365
330
385
116
339
341
236
136
220
116
185
183
136
378
283
310
215
295
211
128
126
127
370
372
243
237
147
200
371
388
241
249
361
119
286
214
144
353
143
213
206
201
122
186
119
186
192
293
118
220
235
201
122
189
193
117
140
279
384
117
117
121
120
126
119
118
124
190
160
159
160
162
124
120
127
218
235
124
160
160
167
162
125
118
124
119
118
124
157
164
164
354
115
114
120
114
115
117
157
155
151
138
131
125
285
125
202
125
279
179
241
125
371
198
156
165
293
253
381
189
167
127
128
131
417
128
129
131
130
132
238
169
130
373
362
125
121
122
159
160
165
360
133
172
383
259
309
308
264
300
128
126
125
180
389
151
422
152
251
258
196
205
173
168
167
196
167
124
126
129
125
127
128
127
136
128
186
185
165
166
167
165
395
125
125
287
246
292
150
422
123
128
127
127
124
140
125
166
169
171
154
152
184
188
129
260
257
129
133
130
133
142
129
125
129
127
144
174
169
172
170
169
124
178
392
122
124
127
122
157
127
186
130
132
156
155
160
158
158
162
161
177
132
131
128
130
193
193
194
177
172
172
385
129
127
162
136
128
129
128
131
128
130
130
130
133
161
149
392
312
309
129
389
225
129
129
137
172
264
128
195
135
503
383
197
158
173
238
154
209
214
205
275
306
175
135
128
131
178
174
179
169
427
136
182
406
209
213
205
409
195
407
407
328
330
138
185
318
241
244
247
137
259
164
137
331
349
267
265
160
135
391
137
227
185
171
315
206
219
277
442
138
137
131
136
130
158
156
392
155
228
158
137
133
160
160
180
179
246
362
287
137
412
138
138
232
233
168
170
214
164
165
140
138
139
134
183
179
187
184
183
225
231
220
210
135
135
250
174
223
136
304
131
210
132
132
132
204
224
203
249
222
219
227
153
225
148
189
232
144
230
301
427
147
150
146
387
288
284
192
193
190
419
418
140
145
140
140
140
184
184
186
141
141
141
143
186
187
193
190
192
195
144
172
172
178
172
197
172
171
189
190
140
139
186
186
184
184
183
184
184
187
143
141
194
187
187
417
436
276
143
139
144
144
142
216
212
211
213
212
213
213
141
141
143
188
196
187
205
215
188
191
148
147
147
223
142
279
287
352
301
255
377
447
150
310
149
219
229
345
254
269
212
631
143
142
209
174
355
347
461
346
142
143
140
141
190
188
190
169
170
170
146
146
173
173
173
197
300
346
145
147
252
258
307
175
176
175
174
176
179
173
281
280
292
187
194
187
145
186
188
168
148
146
150
170
172
173
173
171
217
178
456
326
145
143
152
171
195
170
181
192
477
146
146
348
299
251
443
456
146
145
148
507
298
177
195
196
251
204
287
146
353
225
363
520
151
423
305
492
151
241
285
183
278
410
385
442
350
354
351
180
151
178
180
178
211
200
200
199
199
199
469
152
218
150
357
150
286
297
154
151
461
149
149
150
148
456
149
148
147
176
172
189
199
193
202
191
201
191
191
144
490
452
153
150
148
148
176
223
230
235
162
154
177
152
231
233
231
151
220
152
175
431
146
145
146
148
190
191
190
176
151
149
151
455
473
449
149
153
148
152
159
152
151
459
152
154
152
263
259
260
462
184
187
198
185
250
164
194
265
265
529
474
188
296
269
327
162
323
240
214
190
552
160
302
561
162
385
276
378
470
464
277
504
153
159
462
166
193
367
309
521
158
318
314
162
159
162
157
164
163
160
160
185
157
155
158
159
201
163
474
158
158
183
161
226
208
216
209
215
215
157
192
482
470
470
189
189
191
208
215
152
185
156
202
690
235
236
152
237
153
263
164
278
165
164
161
163
483
481
512
156
157
156
163
161
229
210
212
185
289
488
165
164
164
164
274
199
227
187
349
248
299
165
164
162
341
164
262
250
297
492
486
165
163
165
163
161
219
217
201
169
166
206
199
215
224
217
223
218
219
164
163
488
196
196
196
220
218
216
217
161
162
160
161
162
166
484
479
220
215
163
166
165
197
195
195
200
218
220
221
163
162
166
485
488
176
171
489
490
190
171
497
166
163
164
424
165
167
164
326
291
212
327
165
493
165
167
167
166
198
166
167
253
167
166
264
245
256
210
196
167
200
205
199
255
223
220
222
225
219
236
494
264
262
163
263
254
163
266
179
484
794
489
163
486
406
389
196
208
196
161
165
195
190
191
213
212
229
192
194
163
168
222
218
217
194
488
218
217
217
168
506
170
172
168
166
169
168
170
176
184
171
252
263
246
167
250
168
169
169
305
214
371
180
385
245
378
298
406
180
276
544
262
267
263
210
210
217
178
235
176
545
549
291
327
525
179
178
297
181
517
648
344
346
351
170
175
234
170
268
701
520
210
395
354
317
239
184
680
268
521
512
171
173
189
172
214
204
207
230
170
170
171
256
511
270
288
173
263
274
405
506
170
171
171
169
225
237
226
203
170
174
177
176
205
216
202
207
205
204
515
196
175
171
172
257
258
275
173
411
176
186
827
322
269
179
406
294
192
403
177
182
185
270
280
178
519
417
230
279
184
181
190
184
176
185
350
332
181
293
177
271
193
191
184
183
313
308
238
229
295
173
276
266
285
173
181
268
258
218
302
182
313
179
275
183
289
211
181
187
176
271
277
279
300
309
332
279
180
277
266
269
297
182
179
191
181
181
179
283
174
298
171
284
287
175
295
296
199
174
283
178
190
330
355
173
182
239
231
233
531
565
177
177
179
211
213
215
213
210
184
394
248
281
187
286
184
309
289
428
184
177
179
219
217
271
216
214
215
221
180
178
179
222
214
244
242
238
238
213
181
178
179
239
236
236
242
255
236
239
180
181
212
213
239
239
237
239
214
217
194
176
172
178
174
234
213
222
210
174
305
300
304
212
210
211
223
177
179
175
185
195
179
180
230
179
180
182
186
184
179
177
235
177
177
305
177
179
177
304
288
306
186
306
316
204
184
220
227
244
182
181
181
179
180
186
244
379
434
183
229
323
331
228
224
227
250
251
247
254
188
185
222
245
252
248
251
248
224
278
192
193
246
244
255
245
222
221
245
255
192
340
436
218
217
221
182
187
189
184
295
189
304
208
326
318
201
297
189
311
186
560
185
321
551
556
184
189
551
185
185
186
228
228
249
251
284
567
281
565
189
188
243
249
252
245
244
222
248
262
201
235
231
232
261
260
259
259
262
265
195
190
188
229
259
251
250
257
226
226
196
188
196
191
191
189
254
307
315
216
376
290
375
198
390
199
335
346
200
213
188
187
542
221
218
221
220
221
220
257
580
259
260
343
588
232
591
318
308
196
424
562
191
587
448
454
193
192
192
296
228
610
200
262
327
314
325
264
331
460
194
188
194
647
461
211
189
195
230
569
193
334
390
290
601
466
298
300
314
271
205
241
202
200
196
198
323
203
281
200
404
195
194
308
317
189
194
195
198
196
315
329
219
206
320
265
206
293
303
404
199
219
198
196
202
196
195
196
202
203
199
196
193
233
234
235
266
264
271
262
198
203
262
261
268
266
262
261
235
235
195
242
236
233
265
269
259
263
264
260
199
198
299
260
454
404
309
335
324
268
386
331
338
191
194
206
197
191
194
254
202
302
615
198
655
504
198
216
197
199
204
244
235
257
320
315
318
197
322
311
375
583
201
198
264
271
271
360
895
196
231
314
204
323
253
216
212
322
208
328
615
205
210
208
207
244
262
245
248
203
202
204
200
200
204
240
241
346
602
623
200
199
239
238
244
240
239
239
240
250
201
202
201
268
269
288
257
255
281
269
197
198
260
263
257
267
266
321
196
314
682
535
608
200
208
270
598
640
613
206
200
323
324
568
272
296
329
200
200
203
627
247
760
208
206
215
212
624
248
248
210
211
428
436
327
324
325
326
345
328
213
209
314
314
316
251
249
251
279
280
211
212
207
210
209
278
274
279
255
251
201
226
257
257
281
273
270
268
268
269
208
205
321
204
273
283
300
492
255
273
215
226
212
216
211
279
277
277
278
283
213
251
252
272
281
280
286
281
277
312
210
252
208
306
353
209
316
284
418
415
212
270
202
269
267
268
241
242
278
270
205
206
275
634
274
273
273
273
273
276
216
212
214
215
213
285
283
283
262
295
209
208
284
282
277
277
252
249
292
278
217
212
212
215
217
741
545
284
420
476
207
208
751
421
276
310
327
210
317
318
680
318
363
509
325
331
332
210
210
640
326
342
331
335
344
362
338
339
336
346
367
216
335
328
216
324
259
219
220
341
447
619
207
208
208
275
209
274
416
414
254
213
212
214
292
306
256
254
261
257
215
214
642
258
1050
473
310
343
218
218
330
463
645
217
216
216
213
257
258
258
238
220
214
219
292
334
233
361
223
339
335
211
338
300
215
290
210
252
261
510
215
215
335
359
670
214
315
317
636
213
214
224
320
317
221
396
401
386
322
299
644
661
664
463
213
214
222
219
216
641
363
536
215
222
211
214
212
364
217
215
828
217
339
219
215
387
371
308
219
213
216
217
216
219
254
268
256
260
257
261
227
233
227
232
302
307
273
279
272
303
223
220
220
298
291
297
357
223
461
711
718
664
225
772
675
223
235
225
242
609
230
678
344
558
271
278
461
456
455
226
697
269
424
444
449
672
221
471
531
536
246
687
679
619
353
279
513
273
274
275
241
664
221
293
291
297
290
382
224
723
672
227
221
224
347
269
374
648
384
384
644
677
215
217
477
431
431
257
260
644
378
351
362
362
224
223
233
371
361
373
237
235
393
351
231
380
362
239
367
376
371
234
221
233
222
280
280
267
265
266
227
226
272
274
275
280
272
275
280
353
234
232
232
232
227
303
312
348
277
277
229
230
330
277
744
376
397
391
401
228
225
225
272
272
287
273
283
273
278
310
656
231
684
238
233
237
276
283
275
306
229
232
232
300
299
273
719
226
230
227
227
227
235
237
228
232
231
302
310
787
235
236
224
228
227
300
304
330
282
279
296
226
224
237
679
321
238
483
495
226
230
228
235
225
271
267
268
270
270
270
340
223
345
348
246
360
227
363
543
270
233
232
231
289
281
288
234
232
238
231
228
229
235
232
306
303
320
274
278
373
232
233
238
506
305
663
308
459
362
279
238
275
269
274
707
455
687
692
241
225
841
279
285
710
231
235
290
292
284
317
231
714
569
699
350
416
517
233
234
239
227
228
229
241
276
271
275
686
392
396
239
240
324
318
346
292
293
369
325
319
706
238
237
236
284
283
286
285
287
278
239
240
240
240
239
267
241
240
287
288
241
286
283
293
317
316
450
293
251
237
406
742
372
718
358
484
286
718
1080
367
262
269
294
511
243
245
268
288
742
735
236
239
286
283
289
287
284
283
287
282
240
246
264
771
502
270
266
323
733
734
371
732
393
371
393
397
382
277
271
241
368
241
365
242
396
257
257
379
261
241
396
296
250
246
346
341
582
732
730
243
312
241
240
669
242
423
329
340
331
304
244
244
249
245
350
327
325
326
298
302
275
731
378
479
486
291
290
374
324
358
743
368
371
315
296
246
245
252
427
399
342
740
249
430
426
573
295
360
738
554
247
599
453
731
376
408
368
591
242
249
246
408
248
301
347
341
326
257
250
242
241
242
325
320
342
291
290
331
321
321
246
245
248
745
793
244
246
333
329
332
238
245
249
319
318
325
318
315
320
320
242
289
297
621
739
263
248
243
407
388
705
252
245
260
248
246
292
317
420
755
242
241
243
246
254
245
243
435
503
544
244
251
245
363
290
587
582
248
247
246
246
248
256
333
325
335
294
318
340
328
252
306
299
296
335
324
334
293
297
331
246
242
330
340
585
856
357
823
505
484
246
321
330
329
318
287
323
319
322
333
247
596
389
518
245
391
300
267
404
416
330
768
303
294
307
306
323
330
325
331
243
246
245
321
758
975
250
244
243
293
249
956
600
389
367
367
247
248
257
247
252
309
302
313
313
309
342
348
340
336
260
256
339
346
337
339
336
348
335
335
258
255
784
593
278
258
262
315
304
305
241
242
251
242
321
321
304
293
287
320
255
254
340
338
367
309
323
307
308
309
252
259
766
349
258
610
257
469
254
517
390
254
409
255
286
473
746
248
507
509
406
271
255
276
258
254
269
253
255
262
251
256
277
254
384
384
384
289
263
338
265
254
257
262
254
260
776
795
259
267
264
272
266
321
310
314
317
320
310
320
272
274
432
353
358
361
403
635
317
641
272
256
812
776
755
257
265
339
351
303
261
625
310
312
790
258
258
257
267
748
261
266
260
341
359
469
672
262
798
357
268
261
355
355
343
308
339
355
352
348
416
764
266
509
256
778
764
260
441
536
254
811
370
305
415
307
257
440
538
462
780
521
392
783
263
278
265
351
455
523
259
264
257
257
257
308
315
308
306
318
268
264
323
314
312
312
324
313
315
313
261
262
267
262
268
410
274
261
282
276
264
269
437
644
271
262
283
261
317
346
263
259
260
261
316
311
321
271
283
268
261
261
262
261
260
781
262
268
260
324
760
404
429
444
488
386
747
298
300
302
255
849
776
326
258
260
268
260
257
261
293
270
352
348
664
276
901
825
266
269
280
358
816
1123
363
545
532
396
563
407
826
643
327
338
334
367
400
360
822
276
286
269
274
268
325
339
321
333
324
322
283
280
363
470
360
446
379
792
450
820
309
794
372
318
543
854
806
1055
287
318
808
658
273
318
844
275
278
819
805
782
784
271
426
456
269
348
452
443
425
448
284
326
452
280
299
438
439
438
471
281
812
271
464
274
441
651
643
272
290
272
280
286
291
279
293
335
348
351
341
333
275
274
281
274
335
334
335
334
335
328
273
293
291
275
277
276
421
280
419
483
269
359
327
820
274
271
268
411
409
406
282
292
302
275
277
283
367
831
275
274
278
277
278
279
277
278
282
276
279
283
273
273
275
281
345
328
369
369
370
375
274
280
837
287
300
273
822
691
471
552
442
673
524
534
272
313
408
761
508
531
813
269
548
808
862
274
528
585
389
530
593
430
470
294
293
375
369
374
369
352
459
273
442
461
465
454
279
431
272
287
279
331
330
334
328
342
370
363
483
834
282
839
283
885
290
281
287
375
286
452
410
441
328
271
318
281
412
270
267
805
287
283
285
286
370
370
375
335
341
371
301
278
366
370
368
366
331
368
368
378
827
276
873
279
278
279
334
333
333
342
339
275
331
337
416
408
365
275
282
844
279
274
284
329
334
336
338
330
340
509
359
336
475
373
370
832
383
829
871
291
277
285
276
368
366
331
839
329
776
866
286
1162
288
653
583
459
283
396
316
2605
304
851
573
578
286
284
293
320
285
285
280
282
831
282
279
339
337
921
567
279
275
283
825
819
272
658
307
273
274
323
307
328
331
330
330
344
401
339
330
372
886
282
279
397
561
756
429
437
510
295
292
343
338
349
375
456
454
471
484
466
279
277
348
333
386
376
374
333
343
332
293
298
330
374
373
378
384
343
339
349
298
297
286
353
353
368
358
345
384
392
287
1016
278
282
334
338
338
370
516
848
281
282
286
374
381
342
343
351
341
368
291
289
292
300
294
290
347
351
348
349
285
342
859
345
340
342
284
298
292
476
468
448
479
511
462
486
477
424
375
297
296
297
303
290
1036
877
304
291
348
352
284
288
862
324
865
371
284
286
635
493
622
588
623
362
438
291
1158
888
301
940
747
356
400
301
451
896
438
358
441
445
288
309
290
300
292
300
290
289
288
289
294
360
351
352
354
353
391
393
413
352
298
367
364
416
397
298
400
310
467
508
415
409
522
502
901
928
295
920
303
451
699
292
289
308
354
348
890
348
356
347
291
288
388
296
289
441
413
307
500
345
415
397
480
484
298
297
502
299
592
311
467
312
489
302
294
701
585
451
300
303
296
898
306
300
389
394
397
390
399
351
316
318
402
408
393
393
406
355
365
354
297
309
298
399
401
368
1490
301
495
326
907
1049
298
295
297
296
296
399
900
717
303
361
361
373
361
364
305
301
473
506
359
890
654
483
293
433
386
330
354
345
357
840
915
294
747
379
1022
710
306
294
289
346
345
345
361
346
347
362
346
395
301
303
444
401
484
465
357
370
928
915
293
302
293
296
304
293
302
366
368
349
398
386
333
302
304
339
316
363
541
300
500
332
363
745
606
581
505
310
1254
370
895
314
477
467
430
514
346
405
436
311
321
305
931
742
315
523
501
527
312
922
311
442
674
462
485
307
645
556
345
388
429
897
311
301
305
397
397
314
298
299
973
308
1377
794
372
429
623
933
363
628
747
363
321
729
409
629
606
316
305
706
314
313
320
398
457
469
317
713
451
460
333
792
527
561
624
316
311
416
419
444
308
306
302
310
412
464
326
511
551
503
307
305
303
322
303
298
452
514
514
301
316
303
303
400
404
362
361
362
906
317
318
650
939
312
320
340
315
312
314
375
307
503
665
319
619
321
438
350
448
328
318
475
436
335
316
434
372
382
382
374
308
379
936
1013
477
536
858
311
963
370
445
935
409
422
535
793
530
514
352
305
639
631
310
318
315
313
312
322
316
322
632
377
463
471
471
319
316
318
327
313
341
339
313
302
1473
303
329
313
313
458
1226
378
304
316
515
505
684
305
459
603
840
753
1011
310
936
587
935
315
312
311
315
324
326
339
370
367
433
484
508
500
314
421
645
390
391
385
513
446
446
676
949
311
987
1400
533
334
501
493
311
420
944
369
370
372
959
1499
528
394
536
312
969
471
313
927
315
309
422
451
312
319
307
367
381
369
423
406
364
366
392
369
333
362
366
367
366
359
405
405
363
316
343
318
320
310
383
375
415
426
384
377
323
386
397
396
390
383
397
386
439
474
329
810
916
309
308
316
420
412
306
308
319
416
379
424
391
393
425
424
322
318
323
484
568
320
484
320
319
544
553
528
960
439
427
320
320
327
321
322
331
322
349
331
329
325
320
322
320
323
321
325
309
954
310
324
310
372
375
421
409
386
329
303
303
306
364
366
396
432
673
482
1074
975
329
400
766
395
414
396
386
639
315
319
318
323
319
378
332
515
545
320
669
660
1030
438
1026
397
350
361
328
331
324
325
381
397
382
320
337
385
395
422
329
359
344
334
333
675
666
324
321
321
324
321
331
381
399
386
384
390
382
1041
330
325
335
441
447
474
394
394
985
333
325
320
386
396
424
475
387
397
425
403
321
388
380
332
320
317
442
474
509
998
522
321
329
414
765
810
339
329
986
573
329
446
431
433
441
325
327
327
331
338
322
325
345
969
372
324
430
428
394
760
577
791
329
330
328
331
396
446
439
397
517
557
583
330
361
515
503
338
693
492
329
427
1495
331
462
490
1045
985
339
327
333
350
399
397
408
1024
667
656
955
432
331
329
326
328
342
345
325
328
331
327
337
331
985
411
995
991
343
331
439
337
358
388
398
401
400
435
396
387
388
407
316
317
316
315
434
645
424
649
950
991
549
357
518
330
596
517
711
528
457
493
973
327
532
527
368
560
567
323
325
327
338
340
340
463
1053
1079
1028
1084
440
409
341
329
334
437
742
989
329
330
341
449
1030
342
344
346
334
337
407
401
336
337
336
404
399
438
902
436
788
1071
500
803
343
332
328
439
457
355
333
330
437
441
1080
337
447
329
342
405
837
441
445
715
348
881
560
347
532
482
522
531
391
551
351
342
578
603
388
359
534
567
551
525
361
341
443
857
726
675
412
1053
345
355
984
524
949
435
657
327
586
554
331
459
1048
632
1069
343
1113
343
540
350
516
524
587
963
374
993
395
467
335
332
332
451
342
345
403
403
404
1029
337
337
365
342
333
337
332
550
356
530
496
552
334
530
719
341
342
347
342
343
531
1049
341
342
337
336
339
361
874
350
350
428
408
403
342
339
353
396
729
352
565
347
548
543
537
666
994
793
347
497
987
1037
992
362
450
520
510
487
408
405
448
505
405
440
340
358
348
458
456
542
426
422
576
352
350
1040
347
419
411
355
350
343
345
343
343
415
418
429
413
413
692
463
1048
345
358
448
411
421
416
571
347
563
553
348
522
355
510
527
527
551
477
415
413
416
344
342
1116
356
339
557
417
344
344
344
340
340
338
434
406
492
1087
808
631
479
372
1063
343
352
1063
344
348
345
347
341
358
348
343
437
412
410
435
344
344
347
342
378
411
407
417
495
463
408
420
412
635
353
461
1090
519
588
568
448
344
693
343
349
344
360
414
420
410
467
474
413
344
338
458
458
407
408
344
345
344
419
345
344
396
430
413
408
411
426
343
1049
339
344
343
413
402
404
411
402
336
349
349
359
456
609
640
393
353
418
427
418
353
348
455
457
350
345
341
419
411
416
355
351
423
413
422
1043
1035
352
360
356
353
349
352
354
547
1052
360
356
595
534
343
411
416
423
421
412
472
462
429
416
370
543
1114
554
590
632
342
1102
349
356
358
877
632
362
368
429
431
466
443
439
354
366
364
439
426
477
479
430
425
997
343
344
359
412
410
428
358
363
724
469
1061
430
427
546
1447
354
479
355
356
370
387
731
364
361
360
1768
358
501
768
876
398
594
346
347
348
701
472
366
351
359
372
358
354
358
1092
363
356
553
361
555
1062
400
630
586
724
1110
355
547
1129
1106
536
545
369
514
543
1078
362
548
423
361
352
385
366
357
354
359
431
355
1080
360
376
356
357
357
1070
357
748
426
434
450
358
373
429
431
437
452
432
429
430
432
364
391
482
547
542
361
362
361
378
371
688
939
619
392
697
865
550
589
548
363
363
364
522
1111
910
374
755
672
432
477
706
380
373
404
710
365
747
719
1076
1095
371
389
492
504
837
398
636
414
632
629
366
366
1084
366
363
374
620
650
1088
387
647
410
508
632
606
562
489
791
393
590
368
360
1096
362
622
623
368
361
362
393
366
364
463
436
436
434
437
445
567
585
367
538
583
616
480
445
690
364
368
368
387
409
439
377
385
367
369
622
369
572
367
599
721
446
435
441
371
389
439
448
393
677
1082
363
434
371
434
439
434
438
391
354
355
470
540
368
953
363
566
522
611
635
1093
479
878
434
429
434
602
360
359
355
427
424
353
365
362
509
564
438
572
360
566
617
665
367
511
538
548
360
402
1084
378
377
436
432
431
444
432
436
369
369
369
454
460
607
444
447
457
441
659
394
385
642
380
567
1116
371
372
373
389
1599
500
442
749
741
370
370
406
370
363
363
369
374
375
361
376
360
361
365
376
373
374
389
382
376
371
392
374
426
1852
777
371
444
373
516
549
456
495
853
388
371
377
449
446
567
631
652
647
387
738
1131
924
554
657
1114
371
378
368
450
1194
498
380
380
743
374
384
382
639
453
376
437
436
433
468
440
589
613
378
378
550
598
390
709
1055
365
627
594
720
411
827
505
948
385
623
543
400
401
401
574
834
499
489
373
366
370
393
579
388
391
1142
369
536
624
743
608
470
367
380
382
394
549
464
606
713
384
629
386
419
598
1320
376
519
502
380
378
374
453
1195
1227
373
384
395
494
503
459
446
446
451
445
384
379
499
500
453
453
451
453
449
453
595
927
376
386
409
451
450
457
450
450
392
379
386
479
455
432
1870
405
604
383
371
370
893
380
371
368
445
465
379
375
577
1124
376
510
501
453
454
464
461
465
375
375
537
507
447
516
632
453
467
1134
392
1077
1152
376
382
390
377
387
436
560
438
408
377
668
381
796
636
384
642
403
635
396
633
667
510
626
606
389
615
621
373
1038
399
390
466
489
461
379
377
418
1119
396
1141
378
379
389
372
383
501
526
749
1129
370
1147
387
377
447
462
451
374
384
397
648
1252
377
380
388
379
572
579
1178
1185
391
396
388
395
401
392
846
395
388
390
472
478
505
398
388
540
1190
535
456
411
403
388
391
391
382
401
381
383
386
420
417
404
403
406
409
411
408
595
1048
397
392
401
1203
399
400
394
391
1239
958
413
706
414
624
408
410
425
628
625
501
539
604
720
388
498
962
414
899
917
379
411
386
386
450
519
519
414
416
497
388
1190
911
401
398
396
469
479
479
788
1194
1194
376
388
381
646
743
389
405
429
399
392
469
472
476
1203
633
511
677
740
688
398
397
399
481
470
480
1225
388
400
398
398
396
401
396
395
394
399
399
400
399
404
475
486
471
398
402
410
2687
394
805
413
420
428
418
417
422
414
414
427
395
390
404
1964
565
1191
609
408
669
839
999
394
794
1253
390
400
481
475
393
392
409
399
406
400
1231
790
393
414
393
563
399
939
392
391
385
391
389
813
653
385
1222
843
403
474
982
557
396
395
448
399
392
941
977
404
437
628
523
669
436
579
822
460
405
645
1017
393
413
1267
636
403
520
437
395
413
408
937
398
518
738
978
1942
669
777
654
699
819
399
1187
1232
1043
394
388
625
1246
688
927
699
601
525
586
396
428
1054
509
415
848
505
947
751
974
1171
630
836
514
405
1158
1224
648
770
779
817
391
1200
388
392
387
468
486
1212
1171
484
588
974
416
701
635
400
414
694
604
1223
1084
390
399
778
793
1181
812
1231
391
405
410
506
547
545
494
487
514
485
1223
418
405
405
552
486
1209
404
404
418
403
405
417
490
498
504
497
492
488
489
509
413
415
468
412
397
735
496
1173
414
400
913
454
694
443
479
496
401
536
1215
1000
410
392
403
391
392
393
393
391
390
413
408
1264
684
642
702
406
407
406
980
407
681
686
456
1261
814
429
405
406
487
491
451
645
404
1245
397
1199
415
400
398
480
627
422
625
424
632
427
655
1232
1180
396
701
403
412
410
497
486
482
509
483
717
409
413
407
419
404
407
407
407
404
600
625
1197
416
407
401
403
404
402
412
403
391
393
392
489
2161
423
797
748
418
490
880
426
440
408
1127
454
752
423
897
407
396
1230
474
794
759
1185
424
526
695
699
1221
1157
1213
400
401
403
495
1710
1243
417
814
647
944
873
671
1135
404
418
398
472
402
532
500
400
411
400
399
499
548
552
405
636
499
492
507
489
498
493
480
495
556
500
427
710
445
892
713
867
887
692
1227
402
658
540
1203
617
608
439
400
408
402
1211
415
1337
1448
624
400
400
459
502
410
483
498
535
480
484
495
478
553
640
421
541
406
906
490
511
470
407
414
503
415
429
492
417
410
406
493
487
502
502
405
399
489
403
409
405
830
894
421
640
409
411
452
1007
1067
416
412
559
717
521
391
493
1208
398
392
404
395
408
473
1183
1294
835
700
408
414
420
491
494
409
418
531
1402
836
846
422
409
428
416
411
409
421
414
553
557
494
497
492
490
506
499
431
413
420
425
683
959
699
925
689
693
427
668
1787
427
618
1107
652
842
561
1483
416
655
416
922
1275
696
1000
414
718
493
737
529
995
838
516
755
566
859
1225
705
411
445
416
555
559
488
502
510
497
491
417
422
484
506
486
484
500
490
565
551
526
887
1166
411
422
975
904
1279
1626
1241
422
1030
421
644
908
573
1152
418
417
483
426
426
436
451
423
434
567
651
511
529
419
457
426
523
506
502
781
756
432
442
425
694
416
790
1112
448
863
417
431
413
442
416
494
491
439
416
416
412
435
506
456
479
822
443
755
459
734
884
513
704
1346
442
439
1305
1259
425
455
933
627
777
412
679
1231
989
409
415
409
423
408
423
429
442
1023
423
428
518
514
508
518
523
414
414
1228
673
442
1300
1270
406
485
415
1112
1290
425
421
426
432
429
423
469
445
707
625
427
735
427
430
433
462
480
525
703
462
441
436
709
909
438
945
571
720
432
454
432
446
882
432
552
452
432
463
758
736
427
428
520
516
516
526
515
566
436
1168
432
489
510
505
521
515
505
505
446
433
438
602
583
885
693
472
1021
433
434
1319
1272
440
437
429
428
430
428
443
427
448
426
519
533
1259
426
429
568
566
434
425
1312
422
423
504
502
504
505
500
443
436
565
578
554
513
511
534
511
513
428
1317
430
441
443
440
430
430
442
431
430
440
438
433
439
520
517
441
432
431
439
558
426
428
516
514
441
425
427
511
443
432
435
445
432
432
433
530
529
445
460
442
442
443
1322
883
576
572
515
523
418
426
517
503
502
505
418
1007
418
511
418
419
786
714
417
598
422
1337
1266
669
447
1352
440
578
1387
667
446
669
489
880
966
1054
479
652
452
430
470
432
431
1347
686
763
729
673
452
697
569
722
442
451
578
1128
437
496
435
433
436
581
605
519
427
514
512
512
435
429
568
568
540
532
438
463
526
528
541
536
545
540
525
541
434
518
538
518
542
522
518
519
530
530
783
604
1327
447
625
585
529
532
546
441
437
436
580
590
521
528
523
523
543
433
444
439
451
587
591
528
546
531
525
536
422
435
428
436
426
436
624
682
433
714
711
801
490
987
580
531
563
434
434
443
1300
437
434
473
432
430
444
432
434
453
1345
446
478
516
530
533
536
1359
448
443
433
445
436
452
451
442
437
431
528
542
449
453
446
594
596
449
449
553
537
532
447
519
528
527
545
535
532
532
882
447
1133
441
444
442
464
441
458
456
451
441
439
449
443
458
450
1054
441
449
539
542
488
447
594
592
531
545
543
555
539
539
443
495
449
1374
659
756
757
443
446
442
439
449
441
710
453
700
627
469
1319
441
458
437
681
437
719
690
693
438
706
448
1346
1097
441
445
442
443
490
625
621
1374
478
813
728
1316
458
444
1059
449
457
449
439
445
437
443
437
446
445
437
451
433
441
443
532
534
524
445
451
526
529
533
453
546
530
530
547
533
544
561
530
530
440
450
541
722
440
722
459
746
1478
809
450
550
1292
429
443
525
519
562
542
514
459
436
612
626
536
520
525
528
534
537
454
447
523
549
526
524
527
532
574
534
451
889
449
449
443
573
745
685
1053
608
687
525
1513
934
433
442
437
483
438
440
550
1359
1139
461
451
457
545
538
622
601
433
460
521
522
519
519
527
520
553
525
450
455
843
930
932
470
799
461
1378
744
447
446
441
528
533
620
588
444
897
1364
453
445
549
538
559
535
539
536
534
534
453
465
454
570
602
453
456
556
551
555
456
453
767
454
1656
462
586
898
459
713
671
475
669
732
486
482
654
469
818
1523
581
763
443
448
445
439
451
832
447
881
1376
1394
897
457
447
450
570
548
537
540
450
449
615
606
458
486
478
758
752
455
451
808
797
461
477
451
446
453
465
916
488
908
481
932
728
464
858
465
481
461
811
768
755
750
1139
1066
471
682
959
498
1028
1093
489
930
846
830
1110
1160
492
483
1499
477
548
622
852
967
757
909
956
957
1152
611
762
450
476
478
660
468
1272
469
718
1112
464
614
622
1567
563
455
548
471
478
751
689
565
968
959
776
565
1275
626
1723
542
1050
544
681
554
571
719
490
1177
1085
742
897
988
702
474
489
453
548
1938
584
762
1133
720
777
1228
1075
877
828
461
979
482
766
690
476
926
565
847
770
754
739
589
458
634
452
680
450
453
616
770
743
1111
481
610
890
1000
772
634
456
476
1097
842
895
792
1094
549
565
1047
557
748
670
949
721
855
599
1026
655
780
1267
1222
1843
476
761
474
481
801
744
794
966
506
484
1398
846
1099
472
758
738
624
695
762
1401
1055
510
474
624
970
615
1515
672
482
955
1141
1428
564
460
1138
1189
783
579
835
499
925
641
615
952
529
704
634
567
549
547
760
1287
697
627
752
951
609
1070
785
2294
469
471
593
943
1117
484
780
996
1069
754
554
1172
623
1193
1395
756
721
876
951
584
1164
513
1445
1370
488
524
1423
1042
801
734
819
574
769
1075
1056
1247
1044
1055
800
473
911
811
745
475
508
482
475
629
791
471
800
772
490
1025
1023
1557
693
773
485
855
1373
493
485
489
539
797
760
753
675
1138
488
487
513
562
498
2407
683
487
739
473
512
466
491
1205
475
1121
574
1034
1169
662
482
1386
498
1207
737
721
753
794
662
645
1065
1252
1116
1117
1085
995
1357
489
778
1381
1577
825
497
754
765
1578
487
474
486
1421
1285
1082
943
1377
880
682
586
495
475
628
481
929
602
1196
942
471
547
1350
485
1169
775
781
798
799
849
627
886
1251
955
627
1305
704
697
1040
864
769
913
930
970
521
1252
482
779
500
798
1165
813
1233
973
499
1566
978
636
1005
831
478
1268
1587
724
1115
1178
480
785
704
863
781
1165
611
979
475
492
477
463
474
503
720
932
1113
812
673
574
822
684
808
939
656
738
484
828
1093
517
588
458
778
564
460
625
545
786
473
489
1162
815
1453
574
578
518
778
1318
846
775
1217
482
593
974
1329
645
912
721
1278
940
882
499
735
655
772
626
523
808
489
1584
510
1291
877
808
472
480
473
618
518
1198
801
973
946
488
977
984
795
754
637
1289
489
1380
1065
1017
1084
781
734
962
753
496
485
512
488
520
520
499
531
502
912
1464
1438
510
496
474
477
484
487
564
1443
1498
500
1041
747
485
478
492
482
639
484
586
590
589
580
587
594
591
587
590
494
595
622
527
474
1476
641
483
484
498
463
474
633
829
1045
829
804
1404
1450
1414
476
493
479
534
851
1188
1496
479
494
635
510
481
485
588
582
485
900
528
711
1466
483
494
482
480
482
592
574
778
1586
735
485
478
611
585
579
571
592
576
575
574
504
491
488
587
603
583
596
643
2059
1459
1591
470
573
640
487
814
753
976
512
855
957
589
532
1300
1157
638
719
484
783
724
1355
1455
849
979
964
1158
1472
470
475
479
510
478
1436
479
498
484
478
481
575
661
492
504
489
667
655
588
585
610
583
610
490
486
587
734
654
489
503
499
778
493
624
1475
1605
1204
510
518
928
1180
505
503
646
697
557
675
1334
984
1174
498
582
722
905
561
842
795
815
556
810
1432
827
933
983
879
836
1046
664
619
781
1476
1183
504
509
1022
568
829
1485
492
997
828
727
498
498
802
681
899
755
1080
526
1221
701
500
834
517
736
645
736
1216
963
775
833
710
506
820
510
817
2087
493
697
529
688
675
500
971
762
1587
811
828
1147
498
1026
575
1110
1060
936
1208
954
812
914
518
1000
805
525
876
502
910
1128
512
824
598
780
736
660
652
679
814
1597
537
1108
1297
502
496
529
541
855
505
1057
1546
516
530
683
1063
495
1426
759
1203
515
849
1215
500
794
610
787
753
834
672
822
527
972
775
984
774
773
543
533
520
855
513
871
1203
613
798
1161
591
608
1744
505
819
545
1043
663
1245
1251
566
680
490
573
514
615
502
496
538
527
972
524
814
826
499
1449
825
833
531
550
818
543
899
520
710
910
804
1072
1063
551
499
1080
1581
762
943
520
818
678
513
553
551
524
794
493
503
519
733
518
527
525
804
888
552
504
664
894
1376
506
542
1140
812
936
1540
798
1074
1140
508
535
607
811
545
918
848
781
1155
534
841
514
874
874
676
850
645
1227
690
503
872
1113
583
548
1222
819
745
1030
826
1083
821
504
705
1303
498
493
608
588
510
492
985
650
706
525
1042
927
842
870
646
624
1241
578
633
629
593
506
573
622
499
512
529
506
504
768
790
489
523
626
820
509
712
505
822
1162
590
883
544
757
558
557
854
928
690
1554
625
515
908
632
665
1289
619
514
770
775
521
846
509
520
518
861
670
1989
524
519
512
614
1087
1032
818
512
961
790
900
891
540
525
536
542
865
923
529
826
525
634
897
550
786
560
923
1113
841
538
972
815
2588
1962
1554
528
701
837
538
830
528
614
950
718
672
781
867
883
957
738
513
522
1225
1574
1255
506
1223
508
694
1311
1202
869
1689
521
692
1528
505
696
1533
912
939
1542
854
505
1295
866
500
499
878
514
492
1165
1294
1533
498
522
845
1082
1561
1364
501
2570
722
507
1052
1494
1733
617
513
533
513
1782
1632
520
1404
519
516
973
619
1454
1645
540
1334
566
1179
1178
1552
1233
542
1277
536
598
513
541
967
568
513
516
542
516
655
532
911
687
743
624
1164
569
952
744
841
514
912
559
516
609
797
533
526
709
1092
620
1478
616
539
895
522
848
847
872
559
530
685
1187
773
517
589
637
549
539
773
951
1021
965
963
1301
984
1004
932
924
927
871
930
856
1090
958
912
720
924
979
912
919
903
596
885
948
891
956
895
673
538
580
515
820
528
887
519
531
827
504
846
945
501
513
526
794
810
513
933
855
519
512
893
508
920
507
508
512
528
529
524
528
522
777
614
585
555
899
841
539
512
548
587
859
1392
517
812
880
970
533
954
913
551
512
526
563
604
548
523
517
529
532
956
552
825
546
827
914
950
730
910
538
1034
521
560
928
638
541
629
541
536
532
533
1266
526
845
681
926
525
931
563
633
841
956
527
562
527
558
750
551
598
887
642
879
832
902
819
559
521
834
513
887
531
580
530
1348
721
553
574
544
556
595
552
772
545
622
592
547
804
562
1008
547
925
895
881
982
917
949
992
1088
609
529
836
636
890
799
532
822
530
567
538
533
555
534
544
553
795
534
603
567
1243
569
551
855
547
875
705
763
937
545
739
