19
19
18
20
59
55
53
27
25
25
12
10
11
10
11
10
16
18
16
11
22
24
16
36
20
21
29
21
21
46
13
12
12
12
15
17
16
16
16
16
20
18
22
22
22
23
75
31
35
28
52
40
40
40
21
21
20
21
20
20
14
12
19
13
18
24
36
16
29
28
16
15
16
17
20
19
20
19
20
21
17
17
46
16
16
16
16
15
16
22
14
13
13
13
13
12
20
18
20
19
29
28
34
40
34
33
46
46
47
46
27
25
30
31
30
30
37
37
37
39
20
19
23
23
60
21
23
22
37
31
16
24
29
15
19
20
20
21
29
23
57
18
19
85
56
54
21
23
21
22
20
19
19
29
27
27
88
44
44
44
19
18
18
17
17
23
23
26
26
26
17
17
17
23
21
21
22
22
22
24
21
19
20
20
19
30
30
28
29
27
17
18
19
18
19
19
18
23
25
41
48
33
46
46
34
46
46
46
45
46
44
42
27
33
25
44
30
46
30
46
30
29
30
29
29
29
30
29
39
39
19
17
17
17
17
26
32
75
25
17
21
18
19
18
18
22
21
22
21
22
22
15
15
18
18
18
17
38
38
15
10
10
9
9
10
13
13
9
13
12
23
22
22
22
22
22
29
23
42
24
24
23
24
23
22
33
34
34
49
70
18
17
18
20
19
25
22
18
18
16
19
18
18
18
23
23
33
19
39
38
83
26
26
67
63
62
31
32
31
31
40
36
38
39
50
48
49
57
58
117
25
24
23
25
32
29
28
71
73
31
35
33
34
34
35
34
34
34
40
41
32
30
30
32
46
45
44
31
56
33
19
19
23
20
80
94
60
56
26
20
28
30
34
82
40
43
129
40
38
38
33
45
47
44
50
34
36
44
43
47
29
121
42
53
40
37
38
38
40
38
46
44
53
52
53
52
65
81
65
66
52
52
61
60
59
78
77
75
153
150
49
37
36
69
60
58
56
99
49
55
23
25
26
25
26
33
32
33
33
33
37
26
38
36
26
37
62
41
48
47
39
39
39
39
38
58
58
90
41
60
19
27
19
32
53
27
27
35
25
43
98
96
97
60
40
40
39
40
40
53
17
16
16
17
28
47
26
19
47
20
32
31
31
32
31
32
48
46
46
92
31
29
38
38
39
39
45
43
43
46
146
50
48
145
144
57
59
58
57
74
28
26
48
45
45
38
51
26
28
58
40
39
39
39
40
40
39
58
57
59
146
73
73
71
49
68
68
138
138
50
35
53
65
52
37
48
35
35
50
51
36
34
56
35
36
53
53
52
54
54
40
39
40
38
39
38
56
57
58
57
42
41
41
40
40
62
71
61
58
61
76
77
56
77
84
80
81
54
78
90
86
87
157
67
70
67
68
75
75
77
48
70
62
118
82
105
55
55
76
77
45
43
44
44
86
93
61
76
76
90
54
53
52
54
71
105
74
73
158
73
91
66
64
65
57
61
148
83
62
73
25
33
22
21
20
66
63
34
30
65
38
38
37
93
54
111
40
53
61
55
174
149
49
50
147
65
65
67
65
66
193
75
183
64
154
156
122
153
88
90
18
17
16
17
22
23
23
21
23
17
54
63
86
64
62
61
59
60
61
62
227
55
76
54
75
54
75
53
75
76
55
54
52
52
125
106
102
103
62
63
41
40
40
39
41
40
62
60
58
60
58
71
68
67
68
77
76
76
173
113
73
72
72
92
95
93
94
139
143
112
101
103
106
139
139
118
121
118
86
83
47
43
42
43
44
62
65
65
84
58
179
118
119
114
87
117
79
108
72
81
62
60
61
59
60
60
90
90
88
72
43
42
42
42
41
42
63
62
62
54
70
58
61
60
86
86
91
88
79
78
84
66
65
125
63
62
62
65
180
63
66
43
28
20
27
24
18
36
36
35
49
46
55
57
55
57
54
88
106
61
75
74
74
76
73
112
113
111
98
100
40
37
38
38
60
56
59
39
39
39
25
17
17
16
28
30
29
28
28
20
60
59
61
59
58
88
87
87
87
87
94
65
91
97
66
94
66
94
96
99
12
13
12
13
18
20
20
22
20
14
77
75
90
89
91
112
110
111
102
98
218
97
99
97
95
98
117
109
109
108
41
49
49
48
48
40
54
48
47
56
62
118
123
49
50
49
50
50
77
70
73
132
52
48
85
90
53
75
54
52
77
79
311
110
149
91
91
139
205
137
38
110
26
26
45
36
35
37
35
57
76
42
30
90
32
46
76
30
30
33
45
22
22
22
65
24
46
46
73
21
74
74
73
108
100
75
218
146
87
125
202
100
80
67
159
67
68
66
68
66
54
51
60
59
60
60
60
59
67
67
49
48
63
62
64
61
65
64
63
62
93
108
109
109
109
139
136
138
134
133
20
19
37
28
26
24
25
43
25
24
66
65
66
65
65
189
66
195
65
65
62
61
62
59
90
91
92
91
82
82
59
49
44
45
43
45
43
44
44
42
73
73
70
72
74
72
107
106
108
332
127
92
91
134
292
180
181
178
107
107
106
79
80
244
162
162
97
97
97
96
62
75
74
74
75
92
92
91
82
82
54
53
54
52
79
81
78
79
79
79
41
42
41
120
40
40
40
42
41
54
28
19
58
55
32
83
26
27
27
26
63
76
75
262
62
93
110
91
122
121
74
71
87
88
88
86
107
109
124
108
59
70
68
70
70
86
107
87
80
85
53
51
50
76
76
78
77
68
70
68
57
56
69
67
69
68
76
75
75
75
47
47
47
47
47
68
98
136
69
139
63
62
63
62
62
63
62
62
62
62
66
65
78
89
76
79
96
96
98
87
114
118
120
114
103
243
242
95
94
95
50
61
60
61
59
68
66
67
66
65
248
80
136
116
79
115
114
238
158
155
67
67
67
65
65
66
66
89
88
87
77
77
76
76
112
120
187
235
115
133
156
278
270
92
91
92
138
138
136
135
34
33
44
34
33
50
47
52
46
45
37
36
36
36
42
55
55
55
50
59
70
134
42
100
98
41
41
41
79
123
173
89
175
178
175
106
114
113
106
117
73
72
75
73
76
75
111
110
98
101
84
117
113
112
123
112
112
113
111
114
75
74
87
87
87
99
96
98
109
108
90
88
107
110
117
118
120
135
133
134
52
49
50
36
35
47
46
57
105
36
93
90
92
94
91
93
91
335
92
93
30
115
112
39
39
28
40
28
40
52
81
190
192
78
78
80
81
106
106
105
26
25
25
25
86
32
31
61
62
26
80
79
79
79
78
234
235
77
77
80
76
77
99
101
101
101
101
99
100
102
93
91
92
92
94
91
135
136
122
123
112
111
123
167
167
163
148
146
148
225
120
120
121
119
118
143
145
354
177
181
35
28
32
33
34
33
37
36
37
37
83
84
85
371
87
82
86
109
142
140
163
94
93
93
64
67
66
64
81
80
122
123
122
120
167
162
162
163
183
160
68
82
80
91
82
82
91
91
91
91
97
95
96
130
126
129
129
144
144
143
105
103
102
103
105
120
122
122
146
136
115
155
484
152
118
112
115
268
271
264
107
107
137
130
127
128
160
159
157
186
131
94
138
266
133
141
134
98
134
134
66
64
66
64
98
142
97
84
89
64
44
41
41
42
41
55
57
53
54
54
101
97
98
99
129
127
131
129
130
133
47
47
63
83
57
68
47
70
115
160
303
101
319
303
100
101
308
101
101
201
44
44
44
43
58
59
57
57
58
58
108
128
127
129
109
149
141
141
143
137
88
87
88
163
172
147
383
91
127
89
343
345
115
112
114
113
153
154
153
151
116
113
115
115
237
342
139
138
137
142
116
137
135
136
136
150
153
154
150
152
102
91
93
139
142
141
113
112
112
110
126
70
126
82
85
95
94
103
42
112
58
42
59
51
42
52
51
39
84
77
130
130
427
138
333
250
180
247
201
178
116
120
135
199
89
118
82
81
84
88
270
137
169
238
169
224
169
209
227
116
33
136
96
33
33
94
32
31
64
43
136
134
138
136
136
135
193
135
163
339
101
98
100
98
134
133
132
131
133
131
103
100
123
121
123
122
134
134
136
136
117
116
114
146
154
154
154
166
117
179
313
231
104
157
223
105
148
156
106
125
283
189
192
114
112
113
114
125
127
124
140
138
163
166
166
182
183
203
181
183
120
121
120
119
159
160
162
161
161
157
97
98
98
130
128
130
134
129
131
130
109
108
107
318
214
210
213
130
129
130
61
62
71
70
74
80
80
78
81
80
41
41
41
42
83
81
80
41
53
54
29
34
35
83
48
48
49
33
33
33
36
37
36
27
40
29
31
28
40
32
117
123
117
116
117
117
152
222
153
155
67
66
79
197
112
110
113
197
78
78
27
26
26
25
38
39
39
28
40
27
350
115
156
186
152
157
136
139
160
139
121
144
146
145
143
159
363
356
390
118
110
142
252
257
280
290
154
318
178
218
130
127
127
168
171
391
390
381
128
129
99
97
97
131
132
132
137
132
131
129
142
141
172
170
169
169
183
184
190
185
101
99
102
102
99
134
133
132
131
130
136
135
135
179
181
180
181
179
178
161
34
38
38
44
63
47
55
43
40
79
166
243
93
157
136
101
209
184
106
149
182
126
177
133
173
174
175
125
199
126
218
314
259
329
227
226
230
242
226
169
466
355
156
157
158
153
183
211
184
184
35
26
36
72
42
55
50
32
36
57
118
116
116
118
143
141
139
155
159
155
96
93
93
126
125
130
125
125
124
129
104
74
71
47
48
47
47
47
47
47
24
28
40
25
41
24
35
33
41
39
28
40
32
62
64
26
28
27
28
40
407
137
408
138
136
137
138
204
205
205
23
22
22
21
32
33
33
35
23
64
93
92
93
91
93
92
91
92
92
91
79
78
78
80
106
103
104
94
96
136
70
215
202
71
128
130
95
71
98
96
93
93
93
93
93
93
93
103
117
103
144
229
137
137
274
141
330
260
239
165
30
29
35
36
43
87
34
35
49
49
107
106
139
140
168
140
141
136
138
137
393
130
132
131
134
179
192
396
268
242
135
136
395
163
341
233
354
136
135
135
112
110
145
146
144
148
147
160
148
147
62
62
61
80
81
82
81
79
88
81
36
42
42
41
41
41
101
107
104
34
197
164
64
64
66
65
84
86
90
85
157
134
136
133
136
134
163
452
332
300
63
64
74
73
82
82
186
149
148
147
135
580
172
171
180
159
155
155
196
158
128
151
150
128
568
185
379
126
127
126
96
97
96
130
128
127
128
131
129
159
148
156
177
198
199
195
195
195
195
479
477
158
159
158
270
269
274
191
187
187
168
165
174
165
167
166
221
220
222
221
31
38
39
41
38
40
40
41
46
47
42
43
124
122
41
45
41
40
42
49
172
168
168
169
166
223
222
230
225
222
151
148
209
199
195
195
197
197
301
451
73
72
71
100
100
119
116
85
122
215
139
170
172
348
197
290
131
184
119
117
408
409
138
134
137
136
156
136
135
138
80
80
79
80
79
97
80
80
79
96
93
92
91
90
90
90
110
109
110
114
278
125
213
146
125
122
126
186
256
112
117
117
116
234
232
232
115
129
117
116
183
186
222
223
223
226
219
226
225
246
70
69
68
69
91
91
92
91
93
91
202
197
282
161
196
196
223
223
223
149
91
91
90
88
87
89
105
108
126
105
441
236
220
219
203
195
195
200
201
199
311
207
182
301
322
155
152
152
151
154
201
206
139
451
183
184
184
212
165
166
151
151
303
307
179
181
191
218
225
200
94
99
68
64
93
93
63
63
224
154
470
160
159
236
238
238
194
194
191
193
28
32
33
33
46
36
35
36
36
37
168
169
224
223
226
168
247
223
415
290
167
499
200
282
243
244
239
177
250
284
103
102
103
102
101
102
136
135
135
135
159
156
223
219
239
211
213
211
233
475
74
75
58
33
24
25
24
35
27
38
347
119
116
117
140
142
139
138
140
162
39
39
38
58
52
51
53
51
51
50
110
303
197
266
261
186
183
184
108
108
63
66
68
67
94
125
125
130
139
130
118
87
103
138
140
82
202
111
98
249
155
153
154
151
260
395
217
307
208
307
199
370
370
219
220
222
219
221
221
221
32
31
31
36
37
37
37
41
40
41
81
78
217
117
75
90
136
97
138
114
157
157
156
189
187
188
201
186
188
188
208
210
498
497
410
211
207
207
311
307
66
65
71
84
86
77
77
77
78
77
51
54
52
78
111
98
52
125
50
75
207
202
201
277
269
269
270
244
245
204
34
33
34
34
40
40
39
40
41
39
131
128
169
246
391
195
260
169
172
173
163
216
218
165
217
219
215
192
193
192
170
171
168
504
170
169
205
168
239
204
620
249
254
250
249
288
250
390
207
208
142
142
141
172
173
170
170
170
173
178
95
94
94
112
113
133
94
131
93
137
352
377
236
182
210
249
234
121
121
172
539
476
160
161
162
159
213
210
193
192
44
43
58
58
59
129
130
44
43
42
192
411
270
178
272
270
178
273
256
179
590
584
198
193
193
195
584
261
468
468
140
135
162
165
164
184
184
185
138
216
453
226
455
449
152
156
150
150
199
200
147
144
145
176
174
176
162
145
145
146
187
183
183
183
185
182
243
243
245
243
116
114
112
152
151
169
274
210
164
193
172
530
472
513
524
525
257
173
262
454
31
31
29
89
30
29
29
30
30
39
172
169
170
171
206
204
207
268
171
261
735
217
324
221
332
217
327
221
317
218
383
387
129
139
127
127
155
152
155
153
118
129
117
116
117
158
154
156
156
140
164
160
164
216
490
486
485
193
393
162
56
54
55
55
54
72
71
72
72
72
79
78
105
103
104
93
94
93
106
119
111
110
148
149
149
148
149
146
139
137
30
29
88
85
28
88
86
86
31
30
49
52
49
49
50
76
74
102
52
58
83
82
82
82
109
108
108
99
99
98
150
248
340
298
151
152
149
151
201
579
207
205
204
308
307
305
245
246
248
275
199
198
196
261
264
263
259
261
261
260
172
168
173
170
225
509
358
337
203
204
131
131
174
172
174
176
173
172
177
173
207
229
270
273
273
271
361
273
351
537
263
187
452
452
572
567
513
189
189
190
260
175
189
351
209
209
444
527
526
396
61
71
72
101
103
103
146
141
81
59
40
40
39
40
52
54
54
48
47
79
223
209
207
253
251
251
251
306
624
639
68
66
88
87
89
89
200
88
198
87
107
120
107
108
128
203
129
129
110
107
77
68
69
104
101
111
95
205
68
81
40
44
57
76
42
41
118
81
123
120
422
283
456
207
141
207
334
201
412
139
46
44
55
74
59
59
60
64
138
59
111
113
116
196
170
287
186
169
155
120
181
120
124
120
125
186
179
209
81
168
533
334
176
180
576
351
351
210
211
175
239
243
239
483
483
265
717
320
322
343
567
406
127
255
127
128
273
127
126
128
127
122
124
122
163
163
166
163
162
162
234
237
233
231
310
308
703
233
232
234
94
94
96
93
94
122
284
92
94
95
106
126
126
130
139
313
316
336
125
127
198
159
159
156
157
190
189
191
189
187
246
432
223
226
224
223
223
301
301
225
118
120
120
117
139
139
141
143
120
121
38
37
38
56
55
58
50
51
51
119
151
153
153
152
152
181
205
191
182
182
169
645
168
251
226
339
338
202
384
171
96
122
213
88
88
87
88
116
117
117
126
434
373
126
253
125
248
248
125
300
248
629
440
511
736
517
640
314
365
381
142
142
140
141
188
186
430
212
287
418
254
361
367
725
326
721
804
466
369
790
204
201
202
204
204
203
441
349
294
283
41
31
50
72
41
51
61
35
33
119
183
182
339
182
306
454
308
371
257
368
173
446
230
334
178
173
260
178
261
284
303
536
180
181
176
180
178
178
182
235
254
262
367
341
338
425
340
343
360
307
230
276
233
231
232
304
305
309
308
311
493
483
210
213
212
211
212
211
189
274
224
267
267
264
297
296
291
295
294
296
45
44
44
43
64
131
129
44
140
42
279
205
273
271
309
341
248
264
270
275
174
777
175
256
329
412
247
261
231
348
83
114
81
80
81
84
85
124
82
85
177
276
312
106
102
102
102
136
139
138
273
181
189
179
358
359
200
180
178
179
113
97
100
100
101
103
99
369
101
118
103
100
103
102
101
102
100
123
123
152
81
97
97
97
98
98
105
97
99
98
197
232
232
236
235
264
248
288
595
292
210
211
209
220
207
387
251
505
250
499
52
51
52
62
63
62
67
67
66
61
411
260
363
422
788
262
263
281
260
316
129
128
280
387
385
395
204
130
195
188
403
226
431
215
214
216
213
215
285
615
206
703
208
208
206
636
205
208
207
205
157
156
155
188
189
184
186
186
183
187
207
601
561
551
186
186
250
251
248
251
205
203
203
274
272
274
272
245
245
295
274
268
516
376
399
274
813
477
430
373
220
189
566
188
453
189
193
189
190
253
508
171
169
243
226
228
228
234
225
227
96
95
94
95
95
95
95
95
94
94
297
320
313
265
206
478
202
266
626
264
32
30
30
36
37
31
31
31
92
92
68
66
67
67
80
200
202
196
78
78
204
203
204
201
269
271
202
204
205
203
415
277
278
276
275
843
835
828
835
280
111
110
110
110
148
146
174
138
341
132
99
98
291
151
161
130
313
191
128
142
515
239
374
289
285
287
286
290
288
319
169
169
167
203
207
202
223
228
225
503
216
216
220
282
291
307
288
293
221
656
201
596
232
198
200
199
265
268
264
240
252
263
248
330
378
330
328
331
298
298
192
231
227
229
255
251
252
252
255
254
260
268
274
257
259
261
274
261
346
347
611
272
270
359
353
349
203
609
259
304
202
201
200
207
240
238
240
268
269
267
210
210
213
247
214
654
310
347
211
211
549
323
276
180
326
392
338
267
317
267
119
85
82
58
58
93
126
40
69
68
269
752
250
251
251
249
298
366
301
373
113
111
110
145
145
149
144
146
150
132
43
41
42
62
62
63
51
125
67
50
121
40
125
57
85
84
86
102
81
101
453
306
160
172
193
125
159
186
103
113
122
122
122
252
149
207
144
245
121
123
170
171
168
172
444
225
285
625
166
201
78
82
210
99
98
186
227
181
154
165
253
83
116
126
123
125
84
83
83
147
146
145
239
99
297
297
99
99
99
118
128
128
172
173
170
169
172
172
168
173
311
223
230
366
208
390
229
240
242
298
266
269
810
267
266
278
356
355
353
356
232
229
453
498
229
230
322
390
390
304
98
93
96
127
124
225
232
93
129
134
297
518
437
810
880
419
715
712
888
388
40
57
117
92
65
38
38
39
38
47
192
188
187
189
228
226
225
222
240
398
204
386
250
437
493
349
331
660
623
628
268
263
257
261
379
306
310
439
351
778
117
118
115
154
191
173
114
156
177
116
229
218
153
279
448
283
254
150
153
701
71
83
144
48
47
48
64
64
63
64
75
73
77
223
204
80
74
145
183
130
79
83
245
182
116
136
190
325
81
80
33
33
32
44
61
42
97
95
41
32
292
289
294
584
291
481
871
441
629
502
304
184
354
244
158
155
263
152
106
161
86
86
92
90
153
220
182
181
61
61
214
212
253
288
214
216
320
330
321
256
287
842
893
335
334
333
333
334
397
288
235
264
252
504
502
238
707
702
354
714
194
266
192
329
322
575
193
583
201
193
39
38
46
47
46
52
52
52
52
52
166
167
165
164
218
220
220
224
198
201
234
233
278
278
276
235
234
231
275
279
61
61
75
72
73
71
72
72
73
73
252
248
254
334
333
336
397
303
334
335
149
150
198
195
197
177
181
202
201
210
126
124
92
94
93
93
111
111
115
94
211
122
125
110
99
103
99
97
109
72
727
242
242
245
247
259
266
241
243
248
105
312
107
106
105
104
133
124
125
105
195
197
201
195
296
264
288
250
244
238
169
400
283
293
336
395
289
287
286
281
121
85
207
196
68
66
66
65
67
66
41
40
53
52
53
69
69
53
53
54
264
261
263
264
348
348
348
350
356
351
172
161
174
231
281
193
163
161
222
241
225
225
275
269
270
270
268
686
346
450
342
342
346
301
242
228
229
735
308
554
198
198
595
236
849
205
267
394
395
198
273
275
273
344
353
371
343
344
355
360
255
255
252
251
255
351
334
339
314
337
114
113
114
127
338
342
290
172
351
254
418
197
176
172
177
207
231
209
180
178
174
171
170
172
512
279
277
294
295
293
282
846
284
283
419
669
384
371
707
564
338
271
326
324
332
327
322
329
325
328
375
329
389
258
341
382
381
381
256
254
225
608
228
335
225
226
272
271
268
293
144
144
284
425
170
170
173
145
142
144
316
377
378
378
419
948
756
545
437
347
46
38
34
50
46
48
45
76
77
33
186
166
167
165
243
220
221
203
222
222
149
159
242
151
181
159
151
116
140
147
157
157
471
484
315
315
156
156
155
187
46
46
51
61
81
58
36
33
103
67
234
114
238
127
106
94
123
121
135
119
197
227
365
369
182
181
185
184
185
189
90
379
129
133
125
338
123
185
118
89
329
869
722
909
491
428
427
852
563
797
251
255
254
363
386
419
340
648
525
543
165
182
181
497
515
197
193
194
160
166
277
275
354
258
261
439
279
263
263
264
308
243
216
207
271
252
206
213
211
311
267
230
181
182
268
189
184
294
181
184
255
254
361
271
268
261
369
288
271
274
66
59
67
50
66
93
44
43
84
125
251
277
803
750
512
268
353
257
249
522
370
214
439
216
442
396
221
224
216
428
216
217
266
651
654
257
260
261
450
215
306
310
367
968
450
460
303
589
326
465
237
724
219
221
272
323
291
291
269
292
56
59
56
56
54
55
56
163
167
165
323
96
108
95
137
174
350
82
80
114
320
992
324
484
472
352
483
342
320
548
533
173
442
270
234
299
298
181
314
547
279
651
273
272
270
359
361
360
372
844
246
244
324
337
294
293
297
298
292
329
218
214
287
284
254
259
256
282
285
262
280
279
289
284
283
575
574
706
416
676
296
293
297
295
295
294
294
351
356
323
159
157
158
203
189
191
190
189
188
188
55
125
123
74
54
72
73
42
59
63
291
238
659
625
864
311
218
221
209
208
101
103
175
175
108
105
102
136
135
134
238
763
341
317
336
491
251
239
407
583
569
568
190
251
267
263
227
247
225
224
281
552
576
272
273
272
332
329
327
369
170
173
171
173
169
525
187
181
408
405
287
288
298
579
500
492
287
288
292
285
163
161
161
366
122
121
123
129
207
206
363
348
360
1042
366
372
529
492
349
631
268
393
263
334
417
267
370
398
278
271
80
87
300
120
147
103
82
79
142
136
1116
354
357
971
388
1097
462
427
447
427
179
168
171
252
230
342
413
653
180
177
871
303
288
299
345
687
301
420
433
314
554
210
191
550
449
438
329
483
349
217
84
41
120
100
93
47
49
54
43
75
147
251
467
147
385
222
192
155
177
317
154
67
127
67
94
67
68
65
98
195
601
446
449
456
500
727
309
505
689
637
294
729
249
237
233
234
239
237
303
282
328
327
562
972
322
416
472
324
320
1020
81
115
133
135
186
98
114
107
107
135
46
45
56
56
53
76
57
137
93
137
185
459
374
368
158
210
155
219
158
230
47
45
45
45
57
44
56
45
45
134
297
286
381
405
407
322
874
695
879
437
286
492
575
286
305
298
286
865
288
287
129
166
443
218
218
130
128
299
305
304
1046
529
525
375
359
423
419
418
840
467
417
461
410
827
277
412
408
271
548
362
967
497
503
331
333
333
336
364
1007
674
123
192
175
150
284
175
164
160
115
108
1040
794
468
357
342
355
1032
341
343
343
607
135
136
191
328
138
407
512
144
416
185
189
754
223
236
253
404
377
204
359
295
305
233
345
392
229
273
397
228
281
641
406
195
199
396
587
391
598
337
258
269
267
840
581
315
321
517
399
827
263
497
418
332
525
714
338
490
525
508
479
227
244
529
326
227
226
244
218
487
218
61
68
67
71
128
177
172
58
58
99
835
279
277
371
1012
975
319
524
294
282
661
368
412
445
307
557
526
405
315
307
565
314
596
562
381
377
230
356
518
286
227
262
270
806
679
227
226
229
480
224
661
226
229
300
302
285
802
257
359
234
84
86
134
137
190
159
174
215
194
118
346
369
483
241
256
298
290
313
657
407
294
295
305
304
395
395
391
390
617
441
421
281
319
324
238
243
450
286
431
340
103
95
95
100
100
160
101
95
130
249
371
226
223
161
231
167
301
232
159
165
374
384
532
270
796
396
268
427
640
395
179
171
175
624
172
258
185
171
409
238
260
620
694
266
514
333
379
265
384
401
581
458
853
517
360
355
1149
1459
493
538
74
72
47
85
145
71
72
52
64
75
239
436
443
181
234
176
300
354
425
276
430
590
342
216
307
294
330
282
283
196
80
80
136
138
118
167
118
82
109
87
243
240
303
353
156
158
157
154
178
155
300
296
422
348
296
297
173
172
362
297
251
333
366
443
428
256
463
255
334
535
336
358
553
936
665
862
686
648
870
565
399
1204
493
481
586
657
329
966
442
651
499
502
237
227
336
228
224
338
446
335
97
97
136
97
101
150
101
155
101
102
87
119
83
119
81
119
191
126
109
156
392
458
686
231
228
228
813
306
463
459
121
38
116
114
39
39
37
38
39
38
402
656
772
385
382
383
467
583
1170
380
953
296
594
362
354
356
359
357
397
787
1218
356
854
1083
429
426
793
1084
885
711
64
152
190
96
76
96
66
66
94
64
256
207
158
220
450
190
315
146
146
144
176
176
199
239
289
214
213
214
216
282
104
104
141
151
141
103
305
244
137
313
271
272
271
360
399
453
273
451
326
332
583
449
1077
554
1070
755
361
656
371
367
80
118
116
103
103
79
77
89
204
80
118
356
92
87
86
87
105
105
104
104
593
492
645
417
417
1199
1200
411
1025
423
369
346
360
273
493
355
340
237
326
461
544
608
378
569
366
373
378
370
377
377
386
388
389
571
554
549
391
390
384
385
328
412
326
267
393
398
423
359
230
384
880
331
444
806
898
507
288
901
298
292
102
143
133
133
244
301
305
303
125
280
81
81
77
155
92
236
78
80
160
86
119
177
228
457
130
452
143
239
159
159
220
206
206
248
249
246
318
217
349
211
189
200
901
198
285
190
303
287
191
194
88
62
55
73
61
63
78
47
68
69
382
957
395
602
715
823
760
915
593
897
191
210
211
204
192
192
460
311
471
216
475
238
236
241
316
464
612
410
320
349
530
651
428
297
981
925
936
297
716
893
958
546
558
979
320
1010
321
511
351
321
114
251
354
135
139
195
168
113
393
119
209
250
210
198
210
216
214
200
214
171
684
575
321
491
687
490
322
977
322
641
551
230
505
377
340
284
280
277
717
230
707
356
352
284
281
314
315
313
282
279
70
71
69
95
102
88
215
83
82
91
411
967
983
895
796
418
409
533
528
533
59
131
70
51
60
104
85
42
73
74
193
184
413
136
137
414
204
138
155
137
227
101
98
98
101
104
94
89
101
99
122
130
126
163
115
328
112
114
115
131
50
48
51
85
119
119
61
49
49
64
198
197
249
234
234
232
590
346
335
245
125
191
263
390
127
366
125
126
606
217
503
211
300
219
345
211
512
635
218
341
62
135
75
80
54
150
53
168
57
55
213
251
314
343
279
213
211
213
216
284
306
304
429
368
370
370
756
935
338
576
119
51
51
114
71
70
69
118
75
83
680
408
638
655
405
1218
902
847
414
606
195
191
549
359
195
293
290
292
218
299
124
369
125
210
184
124
125
483
305
148
60
72
73
75
183
120
121
61
60
60
137
410
136
146
139
162
169
164
135
135
570
230
568
243
249
231
230
234
231
340
989
905
964
580
311
317
445
479
309
434
215
201
204
446
204
203
280
613
297
594
45
99
99
44
46
45
123
130
44
44
80
79
80
104
105
141
139
117
133
91
364
161
303
120
160
160
126
396
241
231
361
358
361
401
376
465
357
355
369
430
82
119
244
95
109
161
157
82
80
80
38
38
37
36
45
43
44
93
55
56
440
418
418
431
415
415
415
429
721
433
120
120
181
160
141
286
120
117
118
161
323
336
330
330
326
462
460
643
426
465
431
441
251
252
256
253
785
398
445
382
307
349
375
606
302
295
292
390
421
298
430
887
331
803
806
845
590
529
355
392
325
357
197
180
180
260
180
265
403
456
534
195
264
535
347
345
178
175
175
182
385
276
382
281
786
457
413
286
522
384
85
74
89
67
66
151
53
129
83
99
357
242
251
362
497
496
390
720
247
572
478
565
276
274
276
276
274
465
836
828
167
167
494
164
163
395
167
224
163
164
157
51
48
84
49
50
49
116
174
50
67
68
95
89
89
94
81
89
87
88
366
369
371
429
467
1040
1194
350
660
376
77
76
115
127
174
77
131
131
78
77
174
175
174
336
249
422
212
206
216
181
74
91
45
63
42
43
58
42
78
37
77
80
130
145
180
80
77
113
118
77
453
426
522
304
512
418
315
389
305
758
388
521
416
439
660
326
550
272
273
283
412
1784
400
598
409
793
684
406
393
1009
463
371
152
160
261
466
153
152
171
259
148
61
88
121
97
93
63
119
136
141
563
232
234
231
353
279
466
235
510
562
85
96
97
99
96
96
124
80
183
212
398
309
895
958
713
297
291
290
347
1184
739
298
294
597
716
298
305
755
297
295
295
296
295
387
391
298
331
293
349
347
97
282
289
94
96
104
177
102
150
145
512
412
587
363
1082
362
361
359
521
438
803
496
491
253
366
260
368
248
363
249
453
274
543
239
231
226
227
231
244
227
202
142
196
223
201
199
135
134
138
162
348
347
468
463
411
426
350
344
347
854
159
161
157
157
219
377
478
184
471
202
85
157
80
82
236
79
167
109
143
103
725
409
387
895
835
288
543
982
275
271
149
150
169
223
220
446
148
514
193
150
469
1152
337
921
331
399
470
528
332
443
352
329
326
408
394
456
338
462
426
345
733
742
503
251
250
246
331
602
599
249
458
1214
699
494
1164
534
730
680
561
725
487
312
877
350
353
948
292
296
700
480
236
290
337
571
238
712
321
315
236
238
156
310
154
156
155
184
182
185
154
158
333
330
329
399
414
495
333
329
396
413
599
432
428
567
425
1042
869
681
639
652
381
294
289
281
900
718
284
747
397
291
599
1177
1152
970
383
498
1194
774
950
459
204
245
243
400
500
206
201
373
350
407
94
93
277
278
93
133
125
125
125
125
120
119
159
335
354
181
180
174
125
118
483
216
485
162
221
332
204
161
243
240
63
60
56
56
67
66
67
66
67
67
405
881
503
889
1038
588
293
441
439
299
1018
432
1187
398
402
403
480
488
785
1249
240
239
238
713
744
334
318
319
329
316
402
338
456
1031
1156
732
347
687
588
687
348
358
354
344
1126
448
550
344
670
519
299
351
353
391
531
742
521
409
448
407
965
561
792
1173
714
669
1202
965
391
391
246
301
309
296
294
290
295
291
323
324
367
367
440
436
440
470
438
439
439
432
436
432
662
766
650
431
428
437
552
536
165
165
227
223
402
165
165
165
194
196
161
161
171
213
211
209
208
167
243
161
670
788
271
266
267
269
267
390
224
583
319
295
102
105
98
97
101
97
118
130
292
295
294
793
673
294
291
296
383
389
407
404
401
1685
1165
406
403
576
656
646
46
73
44
85
108
108
48
46
52
136
1434
1407
559
604
481
469
472
648
625
661
912
473
560
396
242
244
1037
279
346
466
529
677
256
252
322
638
313
658
213
648
155
154
239
287
350
204
332
412
157
155
224
224
230
296
687
224
222
226
224
300
268
293
364
390
392
397
401
378
260
407
424
307
426
282
416
296
375
485
856
495
425
410
413
521
494
491
493
496
494
521
249
251
297
302
296
302
303
301
330
422
140
117
151
57
58
58
77
80
59
57
126
95
144
111
222
141
122
207
287
91
643
646
1110
734
563
1014
416
1004
494
531
877
501
544
593
776
579
492
886
290
291
280
286
560
557
370
671
292
296
337
331
295
364
299
599
465
366
520
246
563
750
91
97
92
92
89
106
106
107
90
88
147
144
186
212
174
177
188
175
178
193
278
823
874
841
1295
1024
385
286
418
404
466
618
613
330
322
315
307
312
410
406
529
226
373
642
267
522
211
214
211
213
493
596
346
413
347
344
345
350
472
1157
286
570
466
393
406
394
280
423
615
426
772
260
263
271
387
636
259
261
292
256
191
193
189
190
250
251
234
263
229
266
212
322
455
425
422
210
209
210
211
237
423
568
428
407
550
420
619
809
408
806
276
243
543
290
279
287
248
362
187
182
61
62
62
63
60
61
62
194
101
127
263
323
334
386
316
316
319
316
323
333
94
235
127
190
141
121
119
109
125
144
393
1021
323
323
319
324
387
397
418
481
707
980
903
409
407
428
427
494
1264
816
169
54
83
83
166
83
95
129
95
66
1766
417
498
495
464
529
535
352
548
368
978
420
1016
416
412
474
414
417
414
501
1110
365
362
377
364
361
363
441
467
368
278
259
312
383
309
311
367
308
308
408
561
394
287
277
276
291
277
276
293
685
75
89
89
93
89
92
90
91
98
93
270
152
110
115
110
267
112
168
152
114
1028
430
379
522
476
364
526
688
486
350
1003
679
520
444
420
438
883
669
419
436
536
433
346
408
296
373
430
293
283
419
667
654
630
669
639
630
446
654
636
674
96
98
72
95
93
159
91
63
92
70
325
344
300
325
314
206
315
216
309
211
196
303
320
288
285
263
209
292
256
274
416
456
428
437
435
695
559
428
638
480
384
631
556
378
379
415
386
388
611
418
393
450
574
558
407
568
391
575
572
500
367
391
389
453
364
250
379
256
374
251
215
319
209
309
284
221
215
321
230
221
338
345
331
226
217
215
319
261
219
244
453
447
472
325
322
461
451
319
454
326
296
189
273
278
192
273
194
303
291
259
302
210
281
293
199
283
189
284
189
192
418
613
1128
613
648
416
607
655
773
434
292
307
435
298
433
402
418
455
301
440
304
306
468
314
303
309
305
303
374
307
65
102
78
86
66
64
86
86
88
61
165
224
163
228
164
237
163
227
224
166
332
439
345
464
553
314
462
309
455
331
275
384
392
273
393
283
368
269
405
272
80
117
85
116
128
242
111
116
79
117
147
184
161
279
225
198
157
210
219
258
196
129
249
279
263
173
169
178
112
118
541
298
304
807
569
564
374
561
313
447
80
84
223
78
115
113
222
145
74
150
369
376
666
657
623
404
567
392
375
381
326
294
293
288
456
415
344
426
700
291
468
399
382
361
364
366
360
360
376
361
214
212
209
212
216
218
233
236
215
231
172
248
242
177
245
236
176
243
188
175
156
193
146
145
149
148
206
149
215
149
190
259
188
266
271
263
185
263
264
263
415
292
407
410
419
289
416
313
417
427
316
318
473
378
324
319
320
477
455
485
1294
629
436
619
661
669
658
443
629
439
701
888
369
363
437
548
553
364
539
370
304
761
642
302
283
405
332
323
321
615
114
112
111
121
171
244
135
133
142
422
66
105
136
233
68
70
96
67
88
107
1605
543
1029
1626
774
536
827
800
650
793
190
269
381
536
448
258
190
264
206
226
255
350
175
145
185
251
190
150
145
132
380
484
542
517
505
273
257
391
435
441
201
232
186
247
244
223
545
457
263
251
102
197
129
141
137
296
119
195
131
141
263
417
174
186
174
210
209
337
183
191
321
316
318
494
534
490
555
479
393
346
711
980
796
322
467
428
440
388
553
438
879
348
911
432
545
870
945
407
599
588
743
859
496
1198
511
850
494
678
595
517
123
363
122
127
122
321
122
123
243
242
139
136
220
172
161
254
139
162
163
162
470
430
529
1315
493
440
1040
433
456
535
233
503
325
304
326
259
370
259
306
279
201
93
123
83
84
84
65
64
71
90
531
535
932
1106
785
821
872
780
669
538
871
665
433
473
825
416
413
438
999
416
634
454
705
474
914
557
560
436
598
1106
498
396
398
429
251
598
249
252
248
321
415
668
696
969
1220
498
937
391
412
416
889
269
253
258
250
281
265
266
249
720
380
1157
408
616
381
594
552
716
448
566
76
62
86
75
75
58
80
60
81
76
167
260
194
163
236
206
240
242
257
232
304
438
303
521
323
668
303
447
515
490
107
105
169
164
106
152
111
156
105
163
432
467
518
510
499
484
469
794
658
443
392
576
530
371
571
375
548
586
382
541
72
105
102
71
67
74
69
72
68
67
697
445
446
671
456
670
459
646
438
658
533
354
500
345
484
340
517
510
354
337
257
263
294
250
254
253
252
252
440
383
322
222
218
239
321
488
346
325
220
216
296
336
301
298
473
310
439
318
453
488
66
48
71
48
70
69
50
55
50
51
348
331
339
360
342
341
573
510
986
326
300
290
293
290
317
292
287
309
299
285
349
515
806
607
400
505
499
332
520
334
112
165
117
170
115
165
124
165
116
117
509
643
594
398
391
391
772
392
392
538
566
571
370
568
558
563
568
392
381
572
110
108
116
187
119
158
107
203
113
160
479
403
478
560
555
435
468
479
323
480
138
97
96
95
97
97
108
99
93
96
538
376
531
369
545
561
555
569
562
564
379
405
391
413
388
385
395
382
409
384
146
153
149
158
152
145
151
148
156
152
437
317
318
319
318
324
332
478
508
318
91
110
129
91
93
131
130
136
133
139
160
171
167
109
114
113
174
109
112
181
272
194
186
177
195
183
185
201
175
173
226
161
166
183
197
234
247
169
161
171
241
240
173
236
275
231
164
243
166
352
232
250
239
232
425
348
339
271
330
230
361
1148
318
470
353
473
320
445
329
329
493
493
550
852
510
515
534
504
521
695
335
761
253
259
319
255
277
272
264
254
852
607
587
602
1070
751
868
984
869
598
643
595
482
703
826
506
664
521
409
383
274
267
652
803
265
264
265
312
277
409
219
73
98
77
108
208
71
206
195
70
420
417
993
417
434
415
418
1012
440
422
257
221
224
266
271
267
267
268
671
668
275
368
448
458
455
317
455
223
222
224
1189
404
389
407
864
373
541
372
502
439
226
224
299
298
265
279
271
267
731
222
351
351
354
436
504
454
421
422
420
352
434
650
533
511
519
511
529
519
573
523
59
158
66
150
59
51
50
54
169
75
443
153
196
147
224
150
355
500
349
246
261
266
95
140
160
90
89
120
105
106
446
430
599
581
1306
1300
448
437
517
518
325
329
323
328
327
347
329
448
469
437
322
275
277
331
385
331
822
827
278
274
92
94
91
205
122
153
158
145
93
98
189
192
376
187
263
298
201
437
249
450
466
383
428
398
308
272
405
423
291
438
490
714
969
696
1092
735
915
758
496
485
158
57
78
65
87
121
52
80
57
54
68
69
62
91
89
65
88
65
91
66
479
774
541
743
505
738
608
777
494
787
603
1016
862
372
402
405
449
446
373
372
158
166
223
219
267
636
225
220
165
232
779
251
746
248
246
248
253
249
248
330
268
270
358
358
321
337
325
323
358
841
480
504
566
586
1411
1403
471
502
578
573
263
320
662
283
383
431
283
269
272
270
232
342
347
339
347
343
344
323
345
331
340
215
208
337
323
331
335
329
348
291
106
111
165
113
112
107
110
118
82
107
626
478
806
262
265
265
262
264
265
263
217
213
237
236
228
226
165
368
229
153
67
65
100
194
64
66
92
116
73
114
449
312
475
304
494
478
312
713
310
481
730
1077
813
564
1416
1135
467
464
568
1281
1207
426
415
431
1189
522
396
393
390
391
179
178
251
179
256
179
183
175
175
579
109
130
145
131
128
130
134
133
129
128
566
563
187
273
263
276
293
293
188
251
124
149
146
149
146
145
147
146
161
183
194
210
203
259
266
236
238
237
238
234
61
103
102
71
81
72
72
72
186
60
507
703
1515
478
963
479
1487
476
476
484
303
895
430
308
435
342
444
442
442
441
530
797
814
795
783
797
768
698
850
747
109
134
102
102
138
137
125
157
102
103
509
256
316
215
334
215
220
214
316
219
404
1275
403
1208
718
692
831
402
410
857
859
1009
494
710
503
731
503
718
509
704
80
59
56
59
62
61
78
126
53
53
439
440
437
444
439
437
592
583
463
449
898
282
282
289
424
337
296
465
430
448
1314
446
447
450
448
449
446
622
632
499
2254
853
491
1504
498
782
763
829
512
507
425
418
403
403
1188
1211
414
1225
410
404
318
638
315
1003
380
474
472
317
314
323
131
187
134
136
220
260
234
343
176
240
135
79
49
46
45
63
60
67
57
52
353
367
407
628
361
537
1345
348
827
1044
286
267
298
264
263
317
316
266
264
263
312
936
928
919
306
309
382
372
407
911
86
79
63
89
80
82
88
67
123
64
62
180
180
61
70
62
191
68
66
133
287
472
274
696
282
407
338
475
426
402
1171
601
699
485
716
712
488
491
588
577
267
265
560
441
667
317
731
272
455
460
261
341
308
304
306
734
515
270
389
282
136
338
133
225
113
113
110
110
111
111
377
374
424
378
377
376
380
379
402
379
372
453
1041
1105
369
385
895
1244
1115
371
382
399
453
467
451
449
462
495
1138
397
384
759
344
765
764
252
248
252
300
301
266
261
333
317
317
318
315
316
267
265
518
1555
526
1260
549
536
512
646
628
618
411
606
496
494
495
500
497
495
497
494
331
327
396
393
398
395
397
593
806
497
264
257
312
316
308
313
315
310
312
310
450
421
733
777
1189
585
426
841
425
433
69
86
56
178
108
58
85
67
76
55
997
1012
334
473
513
502
677
329
334
329
261
309
256
259
260
259
257
306
307
258
465
463
461
461
469
466
464
877
548
479
201
67
212
68
73
90
239
352
202
75
273
280
349
326
327
329
330
332
396
370
55
54
53
74
72
65
63
63
71
65
540
196
180
179
184
180
270
540
180
200
298
298
421
406
299
335
303
315
935
908
244
238
239
734
727
240
724
453
238
348
499
370
368
388
563
391
746
518
544
545
241
688
490
652
365
230
272
274
232
259
439
427
430
537
519
438
659
642
432
430
610
602
453
438
440
532
527
550
1620
583
163
54
54
53
54
54
54
53
54
55
389
394
387
388
393
389
386
387
388
391
135
136
135
136
138
139
188
139
211
215
413
1101
395
356
357
368
360
352
1070
363
744
930
676
291
289
291
291
304
577
289
447
535
545
1341
915
453
912
1010
561
448
321
314
319
310
313
378
434
476
378
314
188
187
187
263
250
188
188
250
252
229
491
618
583
533
492
652
646
1167
538
1536
571
480
381
438
313
308
457
303
302
420
608
602
405
415
1203
687
1231
409
397
1099
435
432
514
529
532
433
432
435
429
453
410
512
487
500
491
403
406
491
489
487
208
247
696
206
225
226
209
208
208
207
67
67
67
66
67
67
67
69
68
81
364
428
440
438
445
1084
1079
377
359
1148
184
183
222
222
224
222
220
223
221
221
163
151
151
198
199
178
180
177
216
179
344
347
340
344
412
409
365
347
342
344
655
651
657
654
665
658
650
655
671
656
239
237
240
236
237
237
317
321
285
287
339
1051
329
330
326
326
329
328
340
394
339
399
398
403
404
405
399
393
338
331
141
140
171
170
168
171
170
181
168
493
230
228
230
230
227
277
276
231
230
230
461
644
895
616
566
463
462
459
459
460
348
365
355
348
349
355
366
352
353
348
279
283
282
282
280
284
367
370
334
334
200
197
262
261
234
239
195
203
310
202
210
215
71
71
72
73
84
84
72
72
487
480
483
563
579
649
643
485
482
639
345
360
346
458
465
413
414
413
1034
345
390
448
451
456
447
447
449
470
448
458
76
98
80
67
68
66
66
66
68
67
350
593
1045
511
692
346
345
414
437
419
275
275
161
158
158
159
160
194
191
193
382
467
460
475
463
462
460
463
463
385
364
366
436
434
439
435
447
432
435
434
107
214
321
128
128
129
128
139
129
127
449
503
452
448
543
550
547
544
540
447
324
406
387
390
389
376
559
423
386
323
174
212
208
235
172
174
206
289
523
524
64
67
80
79
90
79
79
80
78
88
332
438
401
426
398
402
397
400
397
401
292
1400
517
316
400
519
624
881
289
334
317
308
310
311
314
410
415
924
620
309
300
290
870
287
306
352
348
348
344
350
218
229
225
228
228
418
231
229
227
225
193
219
233
330
236
587
196
194
233
234
195
213
233
233
234
237
271
269
300
283
463
459
349
346
347
344
343
343
345
343
551
553
551
663
666
560
555
568
552
548
295
297
321
297
297
415
572
509
509
297
355
366
352
352
449
348
350
372
355
419
346
412
418
412
418
409
415
412
412
413
553
554
556
678
667
552
554
686
660
576
336
347
336
402
405
402
425
403
401
402
247
278
275
279
275
277
278
280
280
275
148
150
148
148
147
177
178
179
179
268
330
331
395
785
322
326
325
322
330
330
432
428
431
445
615
430
609
607
445
440
611
1211
407
544
546
437
406
412
491
568
