27
27
36
63
20
20
29
21
33
62
22
21
27
27
60
27
40
40
39
40
20
21
87
21
80
20
20
30
59
57
17
47
17
36
36
35
19
18
18
17
18
17
17
17
23
24
23
32
40
44
19
22
29
24
21
26
28
28
27
24
21
83
38
34
32
32
19
20
19
46
18
17
18
17
17
54
19
36
52
35
29
28
30
28
28
19
27
28
28
27
51
52
17
18
17
17
17
26
27
27
27
27
36
37
34
35
40
42
40
40
29
28
28
37
35
82
56
57
56
82
86
85
34
43
35
34
43
41
43
41
28
26
27
35
34
35
40
40
40
39
30
27
29
36
36
37
41
41
42
41
27
25
26
33
34
35
34
39
38
38
23
22
22
29
28
29
43
32
34
33
28
27
27
36
36
36
80
83
46
47
29
27
27
28
27
28
37
37
37
37
42
28
41
42
33
41
29
30
30
30
32
31
32
31
32
32
31
31
31
31
36
33
52
38
41
53
50
49
50
63
34
31
54
40
39
46
48
47
46
41
32
37
38
38
38
74
46
48
47
48
33
39
38
39
38
47
59
46
48
50
33
32
38
39
40
48
48
50
48
48
33
33
40
39
39
48
48
49
49
50
34
35
100
118
99
32
34
67
73
66
34
96
32
48
50
77
50
49
49
48
97
32
33
32
33
57
49
47
47
79
107
106
37
52
56
87
49
73
102
76
38
38
37
42
38
37
64
64
68
68
35
69
43
42
42
42
53
53
52
47
39
46
47
46
48
47
56
57
58
57
39
39
39
39
40
39
58
39
57
56
90
51
49
50
52
45
64
68
38
56
68
39
112
113
114
111
117
39
140
39
38
38
40
54
49
63
50
162
50
72
37
44
68
108
37
137
138
38
57
40
40
38
76
76
75
48
45
46
46
46
45
45
47
47
47
46
68
67
68
68
91
70
70
71
70
51
67
70
51
64
137
189
46
46
44
46
150
91
91
91
47
47
63
64
91
63
108
48
123
98
46
46
47
47
47
47
67
46
49
46
120
100
89
55
55
133
59
78
76
47
137
71
50
92
69
92
72
93
72
71
72
50
53
71
73
88
49
66
47
47
140
144
141
66
114
62
65
61
82
79
46
46
46
47
69
137
138
143
135
138
50
50
49
48
77
78
218
163
119
59
49
50
59
60
58
57
58
66
64
67
52
51
50
70
67
66
68
67
66
70
52
50
50
73
76
76
76
68
68
70
224
51
49
110
122
100
72
100
131
101
121
51
100
136
107
76
77
75
76
155
51
51
50
53
52
52
66
67
206
76
52
49
51
50
50
50
74
73
73
75
51
50
50
51
51
85
84
83
66
65
70
58
50
49
49
73
72
74
73
72
57
55
57
55
84
83
83
77
78
76
58
57
55
55
73
73
73
72
75
74
55
55
55
75
73
74
134
65
56
173
177
175
174
59
172
99
122
140
72
146
171
57
275
60
57
87
95
167
110
96
58
171
57
56
56
114
111
107
77
76
165
165
182
128
164
130
68
139
149
112
58
57
58
58
58
85
87
85
83
74
82
58
84
85
57
82
83
85
82
80
55
82
85
86
56
86
57
83
240
82
96
63
95
92
62
90
94
63
91
83
67
95
121
77
92
75
94
89
173
64
91
68
86
90
65
66
66
91
112
69
102
82
65
97
114
64
66
85
158
95
113
84
151
110
174
116
85
66
66
129
125
82
134
202
88
77
144
142
110
129
114
65
192
77
81
127
79
109
152
197
66
63
64
74
66
194
189
129
65
92
69
65
107
109
183
129
128
116
195
63
97
94
95
95
85
85
85
76
112
74
203
66
117
111
106
99
99
200
112
112
67
66
89
89
87
87
88
87
88
91
68
80
79
80
80
99
101
200
67
69
67
71
66
68
68
66
66
89
88
93
69
68
68
82
83
81
84
82
88
91
67
64
65
68
64
65
90
86
88
89
68
80
85
82
80
88
113
89
91
87
70
67
67
68
66
65
88
90
88
87
70
213
70
239
103
126
105
92
91
91
71
66
80
80
80
81
98
99
97
99
72
81
71
73
71
70
104
107
93
93
89
91
90
100
99
100
99
115
112
111
77
74
98
95
101
98
227
125
98
98
95
94
74
75
102
100
99
115
111
112
75
74
96
101
99
102
97
98
97
95
74
90
87
96
88
111
112
110
98
97
73
213
214
190
87
87
89
86
96
98
73
72
72
73
111
113
109
97
99
97
75
76
98
97
99
96
98
99
98
97
76
74
89
106
87
88
115
110
98
137
86
84
143
142
144
128
98
100
100
246
82
85
81
83
109
112
107
108
96
96
82
123
169
244
82
81
87
80
96
118
367
86
317
82
84
84
123
250
123
123
83
81
118
81
82
120
199
142
140
136
80
239
81
136
140
96
95
96
92
104
81
82
98
121
96
96
123
125
127
123
84
84
81
83
125
126
107
120
110
107
177
120
117
138
136
118
153
119
116
81
80
85
83
80
80
80
80
80
96
96
85
84
84
83
85
125
126
129
114
130
86
85
85
84
129
127
126
100
103
116
86
85
112
112
112
111
115
112
112
130
86
101
104
101
106
114
114
114
112
112
85
85
267
253
87
258
100
115
261
115
81
80
80
82
82
85
122
122
120
108
111
157
89
157
87
157
91
158
129
88
87
95
85
124
85
93
286
126
103
127
232
126
110
126
86
130
84
133
85
130
168
87
259
85
89
118
114
114
114
103
89
92
88
282
106
125
106
108
116
119
94
91
94
137
139
138
121
124
123
123
97
111
111
112
109
125
124
122
125
124
113
91
91
91
92
91
140
135
120
120
100
88
141
131
132
132
117
116
118
123
92
104
93
93
90
125
166
121
199
234
129
90
90
92
92
87
118
178
271
155
92
91
91
112
107
109
166
111
172
113
92
91
91
92
119
276
110
265
132
93
258
193
88
274
146
147
87
173
264
116
92
111
90
91
99
112
108
179
221
305
103
99
98
130
133
133
133
131
133
132
101
111
97
98
152
149
154
135
131
130
136
99
100
133
138
134
135
133
136
133
117
99
100
102
102
101
158
154
134
137
100
137
311
100
200
238
110
99
152
151
100
150
192
222
153
149
149
147
154
102
233
100
294
96
100
97
98
96
99
135
99
100
296
101
99
102
146
146
151
130
203
183
99
99
183
174
136
162
147
135
107
317
104
106
198
130
181
229
155
158
128
128
104
173
214
132
105
103
208
207
111
108
143
356
162
157
107
353
107
168
170
337
267
222
101
106
159
153
507
141
305
103
102
125
249
364
206
224
110
176
113
102
136
103
238
216
122
227
187
181
158
103
150
164
107
212
184
245
177
162
106
105
129
129
128
128
233
241
126
127
104
149
127
126
125
123
203
284
219
113
136
130
135
139
128
105
239
260
130
106
140
154
114
110
112
138
205
225
228
167
107
150
169
108
152
260
180
112
179
210
121
150
387
163
146
234
147
204
223
173
318
110
108
109
110
176
153
145
221
215
107
115
351
229
219
177
166
122
120
116
105
378
158
162
186
179
179
137
138
140
111
107
141
147
145
133
130
129
284
125
108
110
106
107
107
106
125
130
124
128
107
109
106
105
109
106
105
106
127
125
110
121
106
107
105
105
146
131
126
128
349
198
219
156
154
154
156
175
161
154
280
272
276
141
140
137
137
152
154
153
115
117
140
138
137
172
224
365
155
343
128
115
134
154
151
152
150
152
152
151
123
139
139
143
140
154
153
155
156
155
112
112
113
111
148
160
151
147
148
148
122
118
141
141
141
157
189
155
160
156
119
119
118
119
156
157
186
158
160
157
117
115
154
154
155
168
153
347
349
415
112
112
133
134
133
131
150
148
333
179
123
122
121
121
120
160
162
160
161
160
117
121
118
155
156
158
141
178
193
161
125
126
125
148
165
162
165
166
163
175
124
120
209
145
237
235
318
309
315
366
120
120
117
150
117
118
116
117
157
159
122
122
122
161
212
126
298
401
146
250
367
360
122
124
144
123
160
165
165
146
121
146
147
147
146
160
163
161
163
162
126
120
124
165
162
381
124
123
121
163
122
124
127
146
147
144
145
147
144
373
129
128
128
156
154
154
153
173
171
173
126
151
200
202
204
193
170
153
378
383
625
150
216
372
129
210
211
209
123
122
132
128
212
244
132
197
145
252
205
144
128
129
128
132
128
126
179
287
305
206
184
166
166
148
124
225
249
317
124
290
127
126
123
183
186
185
164
163
163
165
126
125
125
125
125
165
129
376
129
126
127
127
128
193
192
195
169
171
171
173
123
121
145
151
184
165
169
166
163
159
138
133
133
174
395
176
278
266
180
173
139
176
407
404
134
135
133
133
179
180
140
136
135
136
181
181
181
183
182
408
133
132
178
175
175
270
296
201
189
271
140
133
137
133
206
203
207
220
266
409
138
134
253
183
178
193
175
182
183
175
132
129
130
151
176
177
176
171
168
172
135
169
164
162
165
205
202
206
180
410
237
153
214
386
131
191
192
237
345
130
139
161
157
165
158
183
279
215
160
159
146
141
187
188
250
426
189
214
450
338
137
141
412
135
410
141
137
270
211
163
142
144
419
419
222
425
166
392
143
374
419
413
138
145
336
327
180
144
138
234
140
177
176
434
219
226
215
216
212
191
435
188
188
309
240
170
193
207
421
433
145
477
145
141
143
245
427
287
361
170
144
179
412
415
445
136
273
140
280
165
141
429
471
383
418
189
209
139
139
335
143
139
169
173
212
214
341
194
334
141
145
204
187
187
189
184
171
169
169
188
141
433
446
213
150
142
210
209
218
209
143
139
192
216
238
237
241
138
138
139
140
138
144
137
170
166
453
139
165
259
187
137
140
460
139
138
422
137
140
138
412
165
148
141
183
254
165
137
446
412
423
435
143
423
426
145
142
143
142
141
266
195
228
190
191
190
193
192
193
189
137
165
164
166
164
181
183
417
408
137
208
406
143
145
244
174
174
196
214
191
150
151
148
186
196
195
196
195
253
194
150
150
150
149
201
201
205
202
226
200
151
188
179
178
178
227
226
222
178
177
445
453
220
223
192
195
195
196
201
192
451
232
225
258
267
252
150
149
155
223
145
145
145
198
227
223
193
434
196
437
152
148
200
199
149
300
149
224
224
222
152
152
179
181
184
226
229
227
182
182
148
676
393
258
440
303
249
244
250
146
151
148
151
146
214
193
194
196
195
194
310
512
459
483
231
228
230
462
466
163
458
232
310
181
183
204
396
466
234
242
160
167
240
193
501
269
379
479
252
302
158
167
301
234
238
163
158
158
234
158
251
154
232
158
227
234
232
244
309
236
195
547
277
163
280
191
193
217
192
160
156
156
470
467
157
466
175
161
156
156
171
154
231
242
241
154
153
156
155
207
239
708
320
307
159
167
155
153
231
231
158
159
190
191
191
534
473
159
157
170
157
157
170
188
185
191
211
208
215
187
158
163
162
235
237
244
191
191
192
212
157
155
158
157
210
207
209
510
477
160
164
163
162
165
220
215
221
222
212
218
154
187
188
186
205
206
208
207
212
213
158
196
188
191
210
213
210
209
357
210
154
463
153
153
153
154
204
212
206
156
162
174
160
161
172
159
197
195
192
193
159
163
161
159
160
159
211
214
212
160
160
157
158
158
181
159
209
210
213
212
162
494
249
332
326
168
164
165
247
244
164
165
160
159
160
213
220
211
214
213
167
170
349
525
329
169
472
382
256
291
496
170
169
171
169
204
205
206
227
230
488
324
324
193
191
230
196
192
195
191
481
194
193
192
193
192
197
194
205
191
172
171
489
174
170
173
172
227
226
257
190
170
230
550
205
173
295
292
212
206
514
329
296
495
187
175
164
217
227
536
484
168
219
395
200
233
192
216
213
480
174
172
202
268
170
253
258
333
335
229
179
179
227
247
239
238
210
212
265
527
177
199
566
205
414
404
212
209
208
221
179
180
179
176
264
268
272
213
243
210
171
520
391
170
170
171
170
211
210
203
173
174
317
206
207
207
214
218
208
206
173
166
168
335
165
166
166
214
202
198
171
173
171
257
254
265
204
207
205
292
173
173
173
234
254
236
525
239
178
174
180
282
210
302
215
179
335
222
233
370
182
788
366
342
344
281
386
445
179
363
197
273
213
255
487
492
186
287
186
177
184
179
235
466
182
243
264
267
265
264
182
180
180
182
183
181
182
217
214
215
261
179
253
180
363
528
178
263
418
187
248
186
183
181
565
438
470
314
333
548
234
375
366
220
217
293
176
206
185
179
176
173
214
181
177
180
250
180
212
209
343
449
309
582
271
217
441
555
571
758
556
219
221
218
224
218
247
432
409
183
184
215
219
214
283
186
274
229
304
181
187
358
544
551
185
196
180
179
239
239
177
177
175
178
239
233
234
233
238
237
181
182
183
208
261
241
240
218
282
219
179
182
177
539
555
362
239
544
269
267
187
184
291
251
223
281
189
193
273
202
190
277
211
279
184
280
187
271
319
270
26
19
56
61
20
58
20
46
56
47
181
180
219
216
220
241
244
240
335
243
200
179
218
214
215
241
246
239
216
214
189
187
370
388
221
223
221
294
249
247
200
266
230
196
195
192
191
230
231
231
190
225
226
228
254
250
253
255
582
444
187
556
181
189
323
440
236
233
555
182
196
192
359
334
315
192
191
196
631
329
183
187
595
182
551
277
526
322
184
273
196
251
295
290
312
325
304
665
244
419
754
298
292
202
198
304
575
224
251
325
190
192
211
883
565
189
191
331
326
350
191
228
229
229
254
255
254
227
227
233
189
226
227
226
256
254
247
280
250
251
191
288
291
285
497
237
195
223
258
345
197
576
576
579
193
204
192
193
586
255
194
209
196
195
234
235
233
231
233
588
197
235
235
239
261
263
268
263
265
261
191
348
357
338
255
318
202
400
424
287
196
193
192
194
237
233
198
201
215
327
584
299
363
234
585
233
406
197
197
202
211
571
336
298
190
189
191
260
254
225
197
583
197
586
195
197
196
234
262
261
208
247
245
253
277
278
280
281
276
275
620
273
278
271
246
244
274
524
612
618
198
200
239
238
241
239
267
241
237
240
199
587
236
233
242
266
259
267
241
237
206
224
206
278
273
205
273
271
274
270
199
609
400
435
238
239
398
202
200
301
196
293
194
301
195
308
306
262
257
573
203
205
205
206
271
269
278
245
249
246
197
219
194
195
194
579
307
193
206
197
198
198
198
197
261
262
287
264
259
262
202
202
201
202
299
302
302
241
249
245
466
610
214
532
355
207
320
208
320
327
205
322
198
199
312
198
312
205
204
208
201
200
681
205
320
203
314
216
209
221
316
228
340
224
212
309
214
208
205
203
213
264
211
209
346
261
439
326
314
311
208
311
305
206
321
209
317
301
206
321
303
507
456
212
330
209
367
421
212
317
214
209
216
363
214
278
287
474
317
214
203
308
270
382
297
204
203
205
306
234
213
207
354
208
625
620
672
207
207
253
214
210
210
212
631
211
234
212
209
209
215
213
285
283
283
283
284
286
283
290
410
232
307
223
215
368
371
368
215
216
215
215
216
254
283
283
638
353
212
212
216
260
258
260
260
216
215
328
320
325
206
246
244
247
276
279
274
271
281
247
218
226
214
214
217
284
283
261
262
257
206
208
210
607
207
210
291
276
276
280
213
209
210
284
278
280
279
280
281
280
216
215
284
286
287
283
290
284
260
256
217
213
286
285
284
427
637
257
260
256
212
211
211
212
255
253
419
427
236
214
222
222
218
263
277
263
264
260
261
262
223
220
220
222
293
293
299
262
263
264
641
212
212
212
960
252
277
251
261
254
214
262
260
269
297
282
294
286
284
284
219
221
216
215
288
288
292
289
293
287
218
218
216
216
292
289
286
646
216
229
222
220
235
217
263
261
263
295
292
290
230
246
229
234
307
307
339
290
306
313
223
225
228
223
303
314
302
299
301
298
221
674
662
244
513
420
419
366
237
300
678
226
224
223
223
275
269
292
266
225
212
210
210
211
252
259
289
252
260
635
223
218
218
537
217
225
223
264
267
261
230
230
225
226
228
307
297
302
272
269
336
463
394
217
219
218
227
259
272
259
225
225
230
446
646
337
346
411
329
225
230
291
290
293
221
1022
225
420
225
340
691
225
233
236
645
461
239
352
231
368
697
1006
1066
236
232
979
497
482
351
235
279
355
373
496
600
304
350
275
500
278
238
365
236
367
707
405
271
298
498
245
737
421
315
468
232
587
398
341
235
548
224
224
233
686
670
393
467
306
423
672
235
355
364
331
701
233
279
274
275
284
433
233
600
232
557
309
311
309
463
354
351
343
311
275
348
350
698
375
260
282
688
227
408
227
289
357
358
255
271
273
416
368
357
383
409
241
238
291
1108
315
344
387
233
234
362
233
232
541
713
467
230
228
229
232
230
283
272
272
278
273
230
230
233
276
278
275
306
303
307
306
234
234
235
234
238
468
719
242
236
238
236
234
234
238
237
286
279
285
311
312
227
231
231
228
227
308
305
307
305
306
362
230
336
269
267
270
270
668
265
535
230
234
237
310
416
703
232
234
231
313
233
232
234
354
349
354
347
309
348
343
240
240
289
308
293
289
285
289
294
337
240
374
349
344
242
363
279
375
384
256
722
581
493
291
287
287
296
292
289
327
261
243
238
246
240
244
319
325
323
290
235
235
312
309
308
311
315
311
279
293
242
296
290
413
486
367
360
363
293
288
244
306
290
290
326
322
321
332
325
320
239
241
241
241
237
384
242
258
747
241
242
367
241
391
242
260
443
242
363
356
231
231
286
301
277
285
305
281
384
316
245
244
252
243
326
324
248
248
244
241
240
236
316
312
314
290
304
342
323
314
247
740
252
248
251
330
342
329
312
338
241
241
291
291
293
295
290
251
272
412
246
250
249
248
327
330
328
295
317
336
243
252
243
326
329
332
329
329
329
365
246
248
247
244
247
249
248
493
600
626
250
244
248
244
245
303
295
734
245
742
248
740
250
501
743
752
254
248
252
302
368
370
257
386
261
262
382
383
301
742
256
254
255
254
323
302
303
306
309
304
250
248
248
253
250
297
298
297
299
295
248
297
299
300
298
298
298
332
333
332
249
247
268
246
340
328
331
331
331
326
264
253
244
343
330
330
328
324
290
291
250
300
298
305
331
336
335
331
353
384
751
330
330
328
249
247
247
246
259
247
250
384
297
405
306
384
353
396
253
427
388
258
265
261
351
426
793
291
457
461
247
373
327
297
365
397
274
390
247
581
408
434
518
459
448
441
443
478
259
551
798
261
327
468
455
788
787
713
259
261
262
263
260
261
265
258
261
800
346
356
271
252
255
259
256
377
772
392
254
384
502
313
406
786
258
259
258
259
261
313
777
476
527
508
253
257
254
381
761
755
260
259
294
262
257
309
309
311
310
309
765
262
254
256
256
436
258
256
258
253
826
265
515
508
308
307
310
341
340
343
444
494
390
388
392
388
324
346
345
346
277
276
260
259
257
258
263
257
259
347
264
265
266
293
273
262
265
318
789
394
270
267
358
361
320
323
323
356
356
358
269
270
269
322
327
323
270
818
359
354
265
354
811
799
804
264
262
315
321
339
252
251
272
264
259
252
256
251
287
253
336
263
266
281
326
314
349
373
548
353
788
267
265
262
317
316
316
349
345
351
261
260
263
351
354
349
342
350
342
310
265
260
344
352
312
312
314
344
344
349
271
272
270
363
361
359
359
363
365
325
274
271
329
818
411
412
366
361
378
331
265
266
262
261
261
345
345
351
315
318
261
262
258
258
258
258
261
620
613
615
265
265
653
305
285
267
269
363
354
357
270
271
317
315
316
319
316
318
316
315
269
267
271
266
266
268
326
325
325
315
266
267
260
316
424
320
350
351
378
315
270
269
267
270
287
269
270
269
273
269
397
429
268
282
659
407
404
269
270
267
287
271
272
326
325
329
367
361
369
376
279
280
368
379
363
371
367
365
391
350
268
330
327
323
320
361
367
363
356
356
309
300
278
368
364
364
364
369
363
852
275
270
279
276
394
370
368
365
361
393
990
282
427
274
360
354
270
267
267
266
280
280
297
292
277
276
284
277
282
281
268
323
316
325
351
347
353
351
328
359
286
279
275
282
348
892
553
586
279
369
270
274
276
361
362
362
350
860
810
543
301
275
271
278
281
274
272
276
361
362
279
340
333
333
336
362
372
372
378
379
284
297
350
379
370
367
368
368
393
333
280
282
280
282
280
840
396
306
294
281
283
281
284
380
378
398
341
345
377
375
283
332
328
330
372
372
363
327
349
358
277
274
271
364
363
362
326
334
330
331
285
288
344
358
393
385
380
379
380
382
283
278
275
370
382
374
368
372
400
333
283
284
339
361
380
379
379
348
346
346
288
283
279
374
375
372
375
374
338
338
282
286
363
342
575
593
294
842
969
284
274
279
274
275
329
336
335
273
273
276
295
290
292
391
390
396
354
353
382
353
301
354
337
343
286
280
669
284
437
286
579
617
287
289
306
285
284
288
289
287
286
276
276
275
284
283
277
279
277
282
284
284
282
286
288
285
283
288
285
288
312
309
285
383
386
385
382
438
446
310
850
870
294
295
395
387
373
350
349
353
287
291
379
387
379
380
348
288
894
293
295
444
292
305
350
353
380
360
350
400
286
288
285
344
358
364
340
342
344
339
323
281
280
339
366
342
341
340
379
380
290
352
354
348
349
380
352
354
348
387
299
409
895
1003
893
895
353
358
358
299
889
294
299
291
397
388
393
351
383
355
292
299
296
393
397
398
295
892
883
296
869
348
701
710
288
296
290
890
290
295
292
293
581
388
390
392
356
388
390
388
289
293
288
387
383
389
392
367
390
386
304
366
359
362
398
415
360
363
359
419
295
293
389
399
389
397
391
361
353
347
317
510
324
304
300
368
359
391
388
363
297
293
289
290
404
388
346
348
346
385
301
298
398
396
398
359
363
361
362
359
293
289
292
393
385
388
388
410
349
349
294
349
350
346
385
385
385
363
349
385
302
299
297
412
401
355
354
358
399
424
296
293
295
293
703
719
718
292
293
375
833
899
927
366
936
306
302
302
363
363
305
299
361
361
364
357
357
361
356
357
307
299
369
362
365
363
362
362
363
368
309
297
354
355
364
359
359
354
357
355
302
303
360
363
365
364
364
376
367
365
317
317
320
400
405
403
407
401
365
362
316
1081
356
358
396
401
400
360
354
397
321
308
410
403
405
424
919
306
306
308
298
358
355
361
371
355
359
357
358
356
298
299
298
399
393
396
396
398
375
358
303
299
302
300
404
400
396
397
423
358
323
334
369
369
413
410
408
365
383
373
301
305
302
362
369
359
362
360
408
405
321
395
385
379
426
426
387
380
384
422
325
300
404
400
402
361
377
365
358
361
308
311
314
415
411
408
734
533
498
922
309
310
338
307
311
371
394
371
369
373
308
331
311
404
404
402
368
365
405
404
307
367
361
365
366
363
402
402
411
366
320
387
384
387
428
428
440
432
383
425
315
315
420
417
417
378
398
381
377
376
312
308
312
380
376
371
371
373
375
311
309
306
307
935
308
303
310
383
370
410
308
311
419
407
403
405
410
361
304
304
317
314
317
315
345
398
381
387
384
376
318
317
311
317
319
313
378
377
375
377
318
373
382
373
416
412
372
380
374
411
318
377
419
451
397
821
320
314
337
342
384
959
322
320
321
317
318
321
968
554
316
315
419
416
420
400
384
431
417
420
320
314
323
422
419
386
379
380
423
424
639
319
960
319
314
317
422
427
422
423
318
386
384
404
388
385
422
425
432
396
312
453
453
398
407
365
363
366
362
379
311
311
314
680
468
507
326
381
473
417
319
380
326
322
554
322
557
997
418
323
308
980
310
367
712
373
367
336
430
418
321
388
392
387
386
556
427
437
387
384
319
318
319
319
396
380
419
419
422
380
318
385
383
381
427
447
381
390
385
426
985
330
325
444
434
392
392
390
472
460
513
901
330
668
524
356
330
330
328
333
325
316
381
388
322
322
319
426
421
426
321
322
383
566
500
655
554
565
327
392
675
628
393
398
1060
329
325
324
328
331
353
315
327
317
320
377
378
385
322
953
367
332
338
336
332
331
330
333
336
337
325
318
427
425
433
392
383
431
423
422
327
327
327
329
330
330
333
393
447
437
336
395
396
434
1025
519
985
992
492
577
328
325
392
399
513
652
657
336
1545
571
352
340
338
333
335
339
344
348
341
340
343
327
341
438
442
429
534
515
501
335
327
989
327
338
325
399
393
392
397
391
340
407
402
403
349
362
459
450
449
448
336
338
448
467
399
401
402
405
405
406
332
334
332
399
398
448
440
455
397
396
325
321
325
426
435
427
386
393
431
431
344
344
412
412
669
432
587
707
464
462
1463
327
513
499
1527
560
556
329
571
367
347
335
528
555
410
569
362
347
452
579
355
442
533
343
520
345
341
400
538
345
334
350
340
341
333
1051
851
1214
340
342
348
335
1002
786
350
451
674
598
521
344
1043
343
342
341
452
485
409
408
411
415
334
327
439
440
399
395
398
395
594
405
1091
815
1001
1004
362
460
532
639
536
338
1004
444
446
967
993
345
995
354
522
337
1016
350
342
340
346
676
585
690
986
344
336
400
396
400
398
396
442
456
480
403
394
470
846
944
350
346
348
344
350
352
340
350
336
342
337
347
339
336
338
336
571
348
342
348
414
409
411
410
416
419
1434
1024
340
675
677
1023
338
1064
340
343
341
338
341
338
337
338
342
344
384
405
482
453
688
358
533
664
574
815
334
811
1062
405
398
400
401
1054
866
441
475
397
600
348
729
540
351
426
885
947
963
347
331
327
328
326
325
327
332
334
349
325
337
334
935
514
338
402
505
803
340
670
1062
1094
1047
354
358
441
422
430
423
436
578
606
465
463
458
373
347
469
469
464
354
354
353
452
429
421
474
423
426
431
564
358
533
537
544
718
352
1059
435
425
1031
339
331
331
334
361
359
346
338
337
333
332
340
334
400
377
396
398
398
665
361
351
353
549
460
363
576
534
1060
351
538
354
344
864
592
340
337
345
342
361
351
336
333
345
337
335
346
345
524
343
1034
1051
458
459
415
419
409
350
346
343
374
376
891
539
719
548
365
559
562
409
1082
355
355
357
361
409
358
351
451
425
353
360
357
473
470
482
422
422
467
492
355
354
367
472
467
466
423
429
423
428
347
422
436
419
416
414
460
469
417
417
359
429
635
429
562
363
509
1084
1084
1074
349
347
375
463
463
463
419
457
455
468
346
354
444
466
462
462
417
466
461
416
371
353
466
466
465
444
469
690
371
366
356
350
351
352
457
422
420
998
361
351
356
353
356
472
478
431
422
426
432
428
361
352
353
359
351
353
430
423
468
516
775
351
355
350
422
423
471
471
860
602
368
364
365
438
437
438
363
371
362
464
379
361
432
431
440
432
433
431
380
360
353
355
356
359
353
443
356
360
476
472
367
360
411
484
480
474
655
455
785
363
1063
352
354
355
355
354
363
372
359
351
346
429
423
424
464
465
1078
350
359
348
375
372
369
377
1762
383
377
583
377
589
774
1138
362
358
433
434
432
427
438
360
368
363
367
461
446
491
492
445
437
436
367
368
448
440
434
483
499
440
433
457
365
362
428
436
435
487
486
444
438
467
358
360
440
478
732
1090
1081
1079
374
360
1097
362
364
366
485
488
435
436
722
370
407
433
989
360
356
1746
567
399
853
367
432
481
352
629
1079
541
439
579
458
373
438
385
376
505
648
642
375
372
370
450
1227
891
361
368
579
366
733
425
480
364
375
375
372
367
392
371
1102
646
628
370
368
799
378
366
1095
631
438
449
448
581
646
893
1140
379
392
364
370
380
439
367
379
915
377
378
394
470
455
502
512
383
374
375
371
523
507
499
445
449
460
448
379
442
466
444
449
441
462
444
448
445
376
385
386
452
448
448
1124
406
450
558
533
1088
648
367
362
517
480
533
437
379
371
371
397
450
491
491
450
455
500
505
372
380
1133
380
377
496
566
451
445
452
401
386
507
511
465
472
455
582
452
624
765
775
1174
454
928
380
384
378
379
1144
374
446
442
447
452
446
492
497
448
446
404
386
381
510
507
458
457
456
478
468
366
447
631
649
533
370
372
446
444
445
500
497
732
376
380
372
369
372
367
368
377
378
494
492
444
452
454
446
1183
374
373
377
375
458
456
378
374
378
454
462
369
397
369
490
500
508
440
447
369
588
836
1272
380
582
663
672
384
382
382
482
1150
581
579
388
1416
732
583
461
394
985
668
403
390
783
473
471
466
484
470
523
377
376
465
457
454
455
450
450
456
451
393
386
476
461
469
469
479
465
387
532
397
396
395
525
542
480
466
470
478
470
397
380
379
462
381
753
1178
381
379
383
764
765
388
388
388
461
460
480
400
401
384
377
381
377
406
385
379
452
929
1169
1169
383
391
385
383
392
387
514
510
531
380
393
506
508
504
462
467
508
511
454
381
1185
383
381
503
511
458
455
453
495
938
1166
471
497
398
481
424
603
615
420
394
392
397
390
398
421
398
391
394
405
1204
1114
717
614
1311
719
402
398
404
478
393
385
511
517
513
1155
388
384
391
465
385
386
460
459
466
467
514
517
509
465
599
650
685
400
650
395
839
1174
390
391
404
421
408
430
867
885
1051
404
404
400
374
397
461
462
456
450
576
561
407
381
407
474
474
626
477
623
508
621
1255
418
400
1205
523
401
403
401
536
540
478
478
398
407
396
527
522
473
469
472
499
470
393
391
394
521
522
470
463
477
464
474
940
1484
625
391
393
406
646
416
401
430
1238
420
398
392
399
398
393
391
394
392
414
399
405
384
387
384
396
388
386
511
389
472
1192
393
394
522
521
470
475
497
412
593
481
645
655
682
731
401
397
391
390
519
394
393
470
476
471
473
487
519
383
388
389
540
509
461
462
465
459
463
402
413
461
483
492
547
485
480
490
485
405
408
533
556
481
481
480
490
487
533
1233
406
770
400
413
1259
791
480
505
409
405
411
630
965
826
651
608
944
398
721
660
779
664
410
623
686
1213
495
474
408
498
1225
423
487
489
488
496
489
540
540
410
408
413
538
554
491
489
502
495
484
395
503
462
598
789
612
947
789
397
397
405
489
481
477
488
487
484
484
517
489
412
444
746
493
665
436
586
503
703
539
980
607
623
531
829
504
430
464
395
414
669
618
1321
1400
488
877
640
684
563
439
404
414
402
404
401
495
633
623
714
959
407
408
402
545
555
501
485
492
574
491
623
976
1224
1269
406
414
409
408
408
405
418
410
413
487
494
489
487
501
500
1269
814
817
405
404
432
482
508
404
409
404
393
1212
798
784
399
394
420
482
478
527
414
477
499
498
495
497
561
562
674
884
1281
533
959
398
399
405
1218
400
1257
402
449
486
480
479
490
506
481
486
982
1199
414
1236
432
426
438
416
410
413
412
415
413
417
1244
497
562
554
496
524
500
497
416
927
985
1002
429
411
572
575
493
489
406
402
425
533
533
488
482
479
485
1196
412
414
413
552
557
504
497
492
500
496
420
1258
414
421
1025
466
421
421
474
496
424
819
1285
422
560
863
1275
856
568
1027
425
418
415
554
1272
418
416
446
504
622
409
412
411
497
551
555
499
413
408
413
414
403
400
477
493
401
404
399
536
530
1295
1263
423
415
419
524
499
497
506
507
615
416
1133
412
403
406
412
405
418
413
425
498
520
502
500
506
501
501
557
557
408
407
410
496
488
493
496
486
492
516
413
1254
1245
413
422
476
500
496
512
498
1226
427
477
1228
412
409
411
412
412
412
406
408
405
418
403
411
404
405
403
407
402
415
958
826
406
696
405
413
466
847
1266
442
510
506
510
534
518
569
574
513
431
426
514
508
512
543
509
510
538
423
421
420
423
516
510
526
430
426
655
442
629
1023
432
413
417
419
419
674
586
635
408
608
406
416
428
433
430
938
1045
623
642
442
546
626
1239
624
472
431
648
422
435
433
438
778
597
1045
424
440
849
1297
430
428
420
427
412
410
409
419
414
420
415
418
412
422
417
415
416
415
417
416
433
429
424
425
427
426
424
426
525
444
418
1005
420
1253
827
414
418
648
627
432
456
761
517
691
666
582
729
809
451
444
653
687
535
438
432
429
573
428
428
427
433
432
523
516
532
528
550
528
530
779
427
424
443
491
430
426
436
579
572
717
436
434
572
573
518
525
517
530
530
522
422
431
421
513
507
550
503
504
504
508
446
430
610
428
425
427
432
457
427
429
1255
550
717
641
417
415
560
555
497
555
419
418
872
851
565
556
559
791
443
1006
627
807
550
710
708
411
420
550
414
1238
451
438
582
580
531
521
520
526
520
578
449
455
675
464
821
446
915
530
532
494
456
435
528
525
525
524
517
517
530
520
1334
723
692
484
696
686
665
794
444
445
735
520
756
705
430
434
446
442
433
652
799
445
559
508
488
471
459
460
604
446
440
447
730
459
439
473
438
475
437
909
432
686
428
563
643
1020
1107
427
626
525
699
672
464
884
446
1102
455
635
448
472
1043
672
742
646
655
854
511
434
622
835
693
447
687
443
731
695
622
681
585
707
670
587
1331
1042
433
438
432
520
516
533
1320
436
444
459
439
672
592
532
542
550
495
431
579
856
692
431
607
742
1299
1075
453
448
446
540
536
451
445
442
544
533
442
525
533
438
444
439
437
531
591
610
432
425
432
508
434
434
1018
558
463
882
875
546
1484
570
656
680
708
437
1053
642
1013
1166
451
451
746
740
456
902
899
534
602
668
447
446
750
970
588
667
1101
1314
1389
1341
472
452
445
451
447
460
448
445
448
451
458
453
449
446
443
449
449
446
448
449
446
454
1343
451
927
445
724
647
772
714
448
445
445
450
462
537
538
532
453
551
534
549
457
711
603
674
695
463
488
461
461
502
458
470
458
526
552
600
472
598
1053
825
695
685
708
494
720
654
472
481
472
1322
1381
460
457
453
456
1359
444
447
459
534
531
553
535
530
534
536
439
451
534
524
523
530
703
827
674
458
1370
1369
1927
455
450
456
451
454
450
450
446
447
445
443
444
444
443
444
451
440
448
539
536
541
532
530
536
537
616
595
466
454
451
459
559
536
451
448
449
533
456
540
535
552
535
544
541
545
573
538
453
483
538
539
538
552
547
565
555
559
442
906
679
704
455
679
711
718
449
739
474
448
441
529
557
536
528
446
445
440
453
470
608
600
548
548
544
548
546
478
1340
442
470
545
540
663
445
1625
722
467
1388
469
613
634
561
560
763
581
468
466
729
470
510
452
541
542
453
463
453
461
454
539
540
540
536
549
600
454
466
727
468
1177
1140
801
794
797
524
1407
1128
474
537
546
446
442
438
460
547
584
596
535
467
555
543
552
679
460
641
1638
520
551
802
1422
458
472
465
459
460
551
720
1638
1384
552
644
458
465
456
1388
1384
464
1105
428
428
530
525
516
717
439
1030
514
512
465
458
487
463
461
610
628
554
570
558
458
546
538
543
548
567
548
545
542
540
476
518
1401
471
475
474
466
490
467
478
462
459
613
615
549
561
554
556
1405
562
456
707
685
1381
466
601
603
538
542
545
1397
470
462
467
557
551
588
561
637
826
1374
543
590
471
491
908
611
923
468
454
461
466
468
636
622
586
554
555
580
552
472
493
539
560
557
536
544
544
539
449
459
462
480
471
458
462
554
547
467
459
465
480
467
462
553
556
515
464
484
588
461
455
545
547
454
461
459
549
464
1362
469
475
478
625
637
570
589
564
564
561
463
459
556
560
549
562
551
792
546
550
480
890
474
472
565
566
478
474
475
579
456
484
460
454
622
626
543
543
539
552
469
470
482
564
559
556
570
562
597
563
448
1367
446
461
539
537
556
537
532
571
461
457
460
605
609
549
563
549
544
547
469
458
621
615
564
569
482
472
565
485
481
474
572
574
484
478
477
576
571
480
484
465
565
554
552
479
467
555
584
475
598
1188
1472
476
476
483
495
482
580
572
476
496
475
565
571
563
572
572
574
567
477
493
579
1035
1420
470
471
498
471
484
480
474
571
576
479
478
484
573
570
480
481
477
573
580
479
478
480
573
572
570
486
602
580
574
579
570
1033
586
578
584
474
561
567
567
564
575
562
582
562
558
474
480
582
577
576
570
566
597
577
572
476
570
1437
481
488
481
481
475
591
571
492
481
576
573
619
572
577
575
593
574
499
494
503
596
589
595
589
603
494
656
506
565
563
476
470
467
1225
473
488
470
606
493
491
662
659
496
673
490
494
587
476
1417
472
476
642
645
475
473
475
481
499
481
477
485
574
597
488
486
474
579
644
705
481
471
468
656
625
1512
723
958
1421
729
2303
1480
1120
950
484
1796
539
1436
744
581
1629
969
485
1484
1349
496
649
639
1167
1174
1197
508
2281
1154
789
705
729
991
482
483
728
1012
470
1219
495
982
844
727
481
1479
826
722
502
784
536
488
728
494
478
571
486
484
479
536
565
470
842
958
961
949
477
481
642
643
571
576
574
576
478
1423
475
474
585
820
479
474
490
571
487
480
476
480
565
639
992
635
759
482
1451
1505
734
681
754
1232
501
492
485
481
491
608
1371
1045
509
603
491
822
1217
737
1516
1511
486
487
479
665
1160
753
783
1448
621
859
514
663
1122
1497
525
500
518
957
488
494
1456
1193
1451
481
506
486
505
487
500
495
596
615
597
602
601
593
600
612
492
488
489
592
585
587
583
615
585
588
474
996
650
476
480
573
715
762
485
964
489
477
497
504
580
635
643
574
576
572
493
582
867
593
577
583
578
485
482
489
843
526
840
533
1562
502
538
498
692
1129
819
505
766
1233
1211
1455
488
593
592
492
507
526
517
510
513
652
611
538
510
535
487
488
641
649
584
585
616
756
490
769
972
1205
985
1479
1467
497
1497
1529
529
504
506
511
602
598
615
602
609
613
596
603
797
502
629
1163
1520
489
490
483
487
486
489
497
658
664
586
587
589
602
592
586
504
507
497
599
594
601
604
609
606
600
500
595
581
592
589
495
500
587
840
1338
490
511
494
490
491
597
1572
490
512
495
510
517
509
604
611
604
609
606
604
616
503
570
627
1412
496
497
497
494
496
500
501
511
689
512
510
525
510
502
504
508
512
504
512
507
522
504
504
504
503
512
501
500
503
1325
498
497
598
593
510
500
526
503
507
504
603
606
506
506
517
514
488
593
595
597
585
594
588
500
1478
489
504
1230
505
499
498
596
671
669
504
509
514
512
691
674
516
509
681
677
608
615
512
508
690
683
629
622
868
1556
515
516
499
509
600
591
601
656
1476
501
494
496
504
501
509
513
505
1017
653
503
514
683
488
494
1184
713
1505
1507
490
522
590
596
530
527
625
628
647
623
660
1275
1608
1586
500
503
610
606
605
887
507
507
527
516
505
505
608
1560
741
606
631
614
615
607
515
1568
508
523
510
536
506
520
505
606
508
532
506
505
605
625
506
505
507
610
780
1552
693
1588
514
518
513
517
620
623
772
774
510
505
508
539
521
511
509
514
507
595
514
504
572
530
514
505
1085
1032
1465
530
524
646
518
520
525
519
516
517
1186
1047
1425
1208
775
613
1558
1512
507
658
507
518
510
1529
541
522
518
511
510
514
522
534
1579
1558
525
540
552
1607
1253
525
505
505
513
513
511
514
517
1032
682
529
518
1540
518
539
512
517
519
634
619
510
517
632
618
631
621
623
621
642
617
645
535
547
1425
624
893
1252
1575
1092
691
1033
516
530
787
700
791
728
1265
1508
1258
819
1574
907
534
638
532
531
526
582
629
718
502
624
600
606
610
601
640
608
603
618
521
633
618
525
538
624
639
518
522
887
516
506
523
517
513
506
612
609
639
606
523
516
710
700
520
528
631
627
652
637
515
521
516
614
802
723
935
504
533
1229
519
516
641
621
534
521
819
620
736
817
1576
630
509
507
1553
1358
515
1521
1148
512
829
540
790
809
624
1016
564
545
530
526
612
631
916
1586
1196
559
534
528
1121
843
791
770
519
924
544
1576
1215
507
503
587
511
1522
514
506
510
511
505
520
610
508
536
838
567
612
1152
531
1602
709
680
536
632
525
816
757
1611
1045
690
826
774
519
521
1595
817
524
818
713
708
523
540
535
543
1077
820
1053
543
541
546
829
797
716
1375
1425
537
720
704
880
1049
540
1579
947
885
526
523
532
535
531
646
641
524
645
557
1262
663
541
917
913
539
538
533
536
521
528
517
516
639
630
518
537
516
536
513
515
527
527
510
520
699
688
521
515
541
856
558
1614
782
1033
526
554
537
520
825
597
579
834
553
567
529
529
700
720
550
531
711
717
867
531
536
1611
540
553
528
563
533
530
533
533
544
534
605
540
520
543
527
626
626
525
530
519
514
539
852
534
1151
797
1109
523
697
788
536
834
534
568
789
807
579
588
871
811
1535
548
543
672
648
910
821
598
856
606
850
1674
518
511
607
610
604
608
506
516
617
613
869
646
703
1052
529
531
1719
784
1111
623
522
523
566
522
520
632
629
520
519
530
1256
1238
883
896
522
519
700
693
518
522
561
977
630
627
524
553
527
519
531
641
550
545
551
542
666
564
543
652
1622
794
1330
540
552
548
551
1690
1344
544
581
655
1665
548
578
549
544
664
898
553
1321
1356
538
548
538
549
819
725
1098
537
559
540
878
693
919
580
946
1007
610
542
878
547
700
822
843
534
524
550
1518
738
853
1047
554
625
1018
919
868
865
886
546
1253
544
552
2472
548
1616
1631
919
928
541
661
653
564
542
649
658
547
555
652
667
654
660
1685
1644
717
726
1635
1657
537
540
543
546
533
546
1054
652
899
1608
1323
530
527
561
541
1310
1553
833
1122
960
568
949
565
1004
1616
527
542
527
529
527
554
537
631
647
932
593
956
958
1341
670
564
553
554
559
863
833
1049
803
969
860
843
1206
821
870
620
862
907
919
731
1104
1441
567
1091
1068
1212
613
1007
558
862
716
1322
1625
541
842
554
569
883
1139
1069
842
823
1209
744
959
1601
589
598
757
984
1152
778
959
1115
1435
564
538
647
654
551
542
540
655
646
536
542
647
653
631
635
850
565
532
530
535
558
582
579
565
560
677
666
670
664
673
545
659
654
668
723
663
660
663
663
658
535
642
656
635
644
642
649
1596
533
604
558
562
563
570
570
556
671
1710
1121
561
558
558
566
554
550
658
659
547
550
562
544
538
645
656
550
545
544
541
548
574
539
674
647
547
542
752
732
552
613
715
602
567
890
573
563
598
845
612
875
588
1621
1612
536
650
643
541
532
540
531
558
549
567
552
547
667
664
686
658
656
660
559
566
681
677
674
679
719
682
584
564
543
548
673
664
555
556
658
655
676
666
555
557
572
552
568
552
565
1662
666
667
569
535
532
641
637
545
532
640
657
637
554
667
668
565
549
876
548
948
947
1240
556
1854
549
549
599
652
602
551
611
1060
560
1702
566
855
898
561
567
1398
827
569
1631
1638
1286
543
540
1609
541
563
537
544
556
578
663
683
956
1716
561
952
591
630
1801
568
569
567
566
677
681
683
702
673
562
576
678
680
681
663
673
665
672
662
567
569
718
759
597
573
811
756
563
594
561
559
703
674
681
575
1135
563
562
675
558
564
564
749
753
555
553
744
727
555
577
565
690
681
690
681
584
1104
672
846
824
1708
558
560
673
680
683
688
910
1851
961
878
582
652
581
887
594
572
898
1351
855
1049
676
552
1089
1221
559
579
559
552
584
562
568
691
671
791
569
1723
558
565
560
681
940
572
936
557
868
566
849
561
590
886
590
842
602
927
871
776
571
557
891
580
889
885
926
584
1069
1175
1173
1452
1669
552
562
670
1673
578
554
757
568
854
1136
881
858
865
558
611
919
565
564
691
555
873
581
873
1109
814
1357
548
539
592
567
738
755
701
698
581
567
679
664
696
588
584
579
768
801
581
577
730
696
688
558
566
678
671
670
677
669
670
674
673
560
564
687
692
886
726
561
567
561
567
570
577
700
862
861
617
692
678
1415
709
652
858
1017
762
759
572
573
1398
849
947
559
565
555
773
593
885
595
567
561
640
568
567
584
570
557
769
671
793
661
561
636
605
885
888
978
586
1528
1112
715
975
1103
736
565
548
553
581
554
556
555
550
589
582
581
804
782
590
591
781
1871
915
569
576
583
576
865
566
566
566
585
579
646
761
1148
1742
567
567
574
572
570
575
583
581
587
580
1614
913
913
947
904
806
572
619
585
937
605
569
560
623
676
1131
576
565
569
681
686
569
571
688
678
1123
574
571
809
580
857
578
569
574
568
566
776
776
569
571
570
579
570
569
568
701
578
576
589
585
575
592
573
1019
575
603
1158
563
636
1703
568
605
574
881
572
1353
607
1373
708
693
586
587
572
1278
571
573
574
571
587
600
688
686
721
685
598
576
572
575
615
952
686
573
571
586
570
573
587
1977
1149
601
618
866
787
609
1285
1786
910
625
865
1149
982
606
901
1039
581
1158
628
617
591
636
581
992
579
601
1469
1178
1733
592
581
582
1179
589
581
693
706
587
575
889
1730
574
602
571
573
690
694
570
594
612
607
907
614
994
883
964
1201
592
593
695
1696
592
582
695
700
705
705
713
582
580
583
918
614
585
717
698
588
873
889
1200
590
610
587
597
721
710
1050
991
612
591
592
587
590
714
722
726
716
717
