23
15
39
17
24
23
17
15
24
17
40
16
27
27
27
27
22
21
21
22
16
14
19
20
20
20
20
19
20
19
14
13
16
18
17
17
17
17
16
17
13
11
15
14
16
15
15
17
17
16
14
13
13
17
40
18
29
21
26
27
22
30
18
32
21
20
21
15
20
21
17
23
16
17
22
16
16
16
32
28
25
13
39
28
26
18
20
21
13
15
16
15
15
15
20
20
21
21
24
26
24
26
23
23
31
30
44
43
24
71
18
20
19
19
20
19
20
25
24
25
24
23
23
30
53
31
30
34
32
36
17
16
16
22
21
23
24
25
26
25
102
25
42
36
36
32
32
72
32
48
22
21
20
22
22
36
35
36
36
35
20
18
17
17
17
27
25
26
25
25
78
76
75
78
113
31
32
29
30
30
21
87
22
31
31
29
20
29
33
29
37
29
35
35
38
38
26
41
36
26
19
55
55
95
20
20
57
47
44
26
15
16
16
16
16
17
16
20
21
19
20
20
20
27
26
26
30
31
30
30
14
13
18
17
17
18
19
34
38
17
25
28
26
24
24
26
109
75
26
56
104
34
31
25
25
24
24
25
25
25
27
19
19
27
29
21
47
19
27
19
32
34
30
26
26
30
43
30
29
47
35
15
33
24
31
14
15
14
14
15
40
29
45
32
44
46
66
43
45
44
39
50
37
35
37
86
49
112
53
112
19
72
26
26
24
23
22
24
48
44
28
51
39
28
28
31
32
50
88
40
118
115
115
59
56
57
51
54
51
52
55
53
55
55
62
19
19
22
34
30
21
20
18
20
19
19
28
29
28
29
20
26
53
19
20
37
35
36
34
27
16
21
23
16
24
24
29
17
18
24
37
46
44
15
15
16
15
15
14
19
26
25
26
25
26
35
25
36
33
33
26
25
25
24
25
25
25
26
25
24
21
20
19
19
18
26
26
25
26
26
35
49
151
172
46
36
36
35
35
35
42
41
39
41
39
39
39
40
40
51
31
36
35
36
36
36
41
122
42
31
22
30
30
21
34
32
27
21
20
21
95
49
48
46
48
48
53
142
33
101
67
66
64
22
23
25
117
29
30
52
15
23
53
79
18
17
20
17
46
35
39
30
22
27
21
31
37
43
44
38
96
32
43
94
54
56
54
49
81
78
61
25
59
75
29
58
59
58
30
85
38
30
20
26
20
19
26
21
25
25
35
25
18
24
19
19
25
40
20
29
139
75
112
61
93
63
95
62
90
94
48
34
47
51
34
49
34
50
35
51
48
89
69
67
70
70
47
71
47
73
67
42
30
44
29
43
30
41
48
43
29
26
74
27
25
37
36
38
47
70
33
40
33
32
57
32
27
22
39
33
30
30
30
31
32
73
40
40
72
40
32
22
30
31
21
23
29
34
22
27
20
19
21
30
26
28
27
23
23
22
59
57
19
20
19
19
19
19
26
25
46
32
31
30
31
30
42
41
40
94
47
45
45
45
46
45
44
60
60
61
20
20
19
19
19
59
57
20
20
19
25
24
25
25
23
24
32
30
31
33
47
71
141
97
143
142
99
47
46
49
21
30
20
30
32
29
19
27
27
20
32
45
46
41
42
50
30
42
31
43
42
41
121
40
27
28
41
41
28
28
27
29
41
40
27
40
43
40
40
39
36
37
35
25
26
36
35
25
39
26
46
45
40
60
58
30
59
42
44
42
87
29
27
28
29
28
40
47
45
121
48
48
49
47
46
23
22
22
22
25
31
29
31
30
30
30
42
41
30
43
45
63
44
42
44
43
42
43
43
64
65
65
64
66
64
85
85
85
87
88
24
28
27
28
28
32
30
30
64
48
26
24
24
35
44
104
36
30
73
34
36
42
44
44
43
56
52
65
54
46
36
35
35
35
36
53
53
51
52
70
20
19
22
22
21
22
24
23
23
25
43
40
49
49
48
49
80
54
54
54
28
40
84
83
28
52
84
36
56
73
19
19
18
18
18
32
35
34
35
36
33
34
34
23
22
32
34
39
60
23
64
42
44
42
44
57
42
60
41
78
35
36
34
42
42
40
40
42
40
42
30
29
29
29
39
38
40
38
41
40
17
16
17
16
16
21
21
22
21
21
54
114
56
56
39
55
55
39
54
40
26
36
73
39
35
36
38
37
47
37
40
158
113
74
52
74
75
77
51
56
21
29
28
61
22
60
59
25
24
24
32
31
44
69
42
77
63
61
37
37
28
31
22
43
45
41
41
42
59
44
81
22
22
78
88
64
41
56
38
37
213
73
71
74
73
49
71
51
73
71
42
42
37
49
40
41
28
39
46
29
126
126
147
71
70
74
49
52
77
42
37
32
45
47
42
43
124
38
31
31
63
48
63
40
56
39
55
51
44
48
46
48
64
47
46
46
47
65
47
64
41
59
49
41
118
58
53
60
42
41
64
42
42
85
88
87
44
43
44
46
53
51
71
52
52
51
50
49
52
74
33
32
41
91
111
45
47
33
53
53
91
87
30
30
29
29
28
29
35
34
61
60
60
61
60
60
70
72
72
72
45
44
71
44
43
44
44
60
53
75
35
35
35
42
103
104
43
74
82
52
29
28
28
27
33
28
33
28
27
20
95
99
34
97
98
50
33
34
99
32
50
71
49
55
48
97
50
68
58
88
127
112
125
37
39
133
58
39
56
54
36
25
35
34
38
28
34
26
24
35
69
54
69
47
46
68
46
67
48
47
25
25
24
25
25
25
25
25
25
27
20
29
20
21
22
29
31
46
22
22
80
56
55
77
54
109
58
62
57
83
69
47
52
76
50
110
70
50
47
48
63
46
44
49
60
94
43
45
44
70
90
127
132
90
88
86
89
136
88
87
105
101
145
35
34
35
34
49
107
50
31
31
92
31
76
75
30
33
32
93
34
34
37
35
35
34
50
52
52
52
31
31
30
29
65
20
27
27
63
36
92
91
92
90
271
125
334
186
136
144
79
27
25
37
26
27
28
27
35
35
26
25
25
33
35
26
35
35
26
26
58
55
61
40
40
40
65
138
57
56
66
65
194
76
77
76
76
114
128
112
91
60
61
41
62
57
40
56
59
128
26
44
41
41
41
40
37
41
40
38
57
63
65
82
74
59
97
42
61
63
19
28
27
20
25
19
28
26
18
29
29
28
52
49
52
32
31
31
30
33
61
60
59
144
139
147
70
71
75
105
57
40
47
45
69
119
145
80
115
59
70
85
126
71
121
119
167
183
156
174
86
30
51
40
40
39
38
38
38
39
44
45
80
53
52
59
59
56
57
57
25
27
75
48
46
46
28
29
28
29
58
70
68
97
106
96
207
75
115
114
36
36
36
36
36
107
106
36
35
35
21
21
20
37
26
27
27
27
27
26
33
33
39
102
37
44
34
32
33
31
116
38
114
112
144
47
45
74
75
49
85
88
58
89
60
85
88
88
59
87
172
161
141
99
141
97
141
141
139
137
52
51
52
51
68
67
66
70
68
69
40
40
40
59
57
58
117
60
58
65
45
45
47
44
45
66
66
53
53
54
84
79
133
106
108
109
120
122
124
107
57
55
67
68
66
83
84
83
68
65
86
260
87
256
260
257
87
89
87
129
54
52
51
70
72
72
55
76
82
175
53
36
35
37
37
49
37
78
134
54
130
131
65
87
59
59
60
101
77
104
30
28
39
38
38
55
65
39
37
34
20
19
19
19
25
56
27
23
80
22
96
306
284
99
96
102
403
148
127
194
64
61
82
184
84
185
184
185
187
129
257
60
63
61
90
73
65
64
79
78
19
19
20
19
19
20
19
19
23
22
132
135
135
135
130
129
141
130
90
130
58
60
53
40
95
94
40
39
39
39
83
80
251
80
79
83
79
110
108
242
85
83
83
85
111
113
107
111
110
112
36
35
46
87
50
71
63
54
38
40
52
27
26
26
24
20
21
20
22
20
65
64
64
65
65
64
63
86
88
84
42
42
53
49
51
55
54
57
55
55
25
24
23
23
22
32
31
31
34
35
96
97
97
129
126
126
184
230
101
139
158
107
105
132
53
53
53
53
72
71
44
42
43
57
58
57
51
52
51
50
88
104
104
105
106
213
207
107
105
105
32
38
39
40
42
40
39
43
44
42
22
21
21
32
33
35
33
36
42
35
134
137
45
44
45
45
45
60
59
59
56
53
54
54
52
78
80
78
63
63
91
88
88
90
132
73
90
138
60
61
122
111
83
116
114
159
239
134
105
105
100
117
90
90
88
92
68
69
66
66
70
71
70
68
69
69
82
81
82
83
39
38
38
37
37
55
58
57
49
51
77
77
77
114
115
115
102
100
103
104
85
87
85
85
87
130
127
125
111
113
25
26
24
31
32
31
31
31
32
30
41
42
41
40
40
61
61
60
53
55
49
47
47
62
62
62
62
62
61
61
64
75
86
74
73
82
153
74
85
189
55
111
67
144
47
139
47
138
139
140
46
44
45
45
46
60
63
61
60
59
84
96
81
112
108
108
108
109
109
110
44
51
52
53
51
57
56
58
59
57
88
86
86
116
116
116
116
119
118
166
190
195
64
73
63
64
96
104
98
99
60
20
22
20
20
20
62
59
20
26
56
55
56
56
72
73
72
73
68
67
141
38
37
90
91
48
46
46
47
61
73
107
218
155
135
131
124
121
96
95
349
114
348
139
136
157
180
153
154
155
69
69
67
67
90
92
89
88
89
91
25
25
23
33
31
30
31
31
31
34
25
24
28
26
27
30
32
30
30
30
64
63
63
62
83
83
83
84
82
84
104
311
176
137
135
163
136
137
136
140
25
76
70
26
26
26
25
35
35
35
76
75
89
314
224
150
90
90
90
91
28
33
33
82
85
66
54
57
55
27
37
35
35
34
46
45
103
85
50
35
210
119
117
82
112
83
83
84
83
80
29
28
40
38
37
37
38
38
40
39
40
42
112
24
26
24
24
24
31
32
99
100
99
132
131
132
129
131
132
155
27
79
35
35
36
36
42
36
35
35
62
61
62
61
82
92
81
83
185
81
65
64
64
67
84
85
86
85
77
74
26
26
25
34
33
74
78
75
30
31
59
69
69
67
67
82
81
89
182
167
47
46
54
57
57
62
60
62
64
55
42
40
40
56
54
55
55
122
120
124
33
105
34
162
38
39
61
61
64
96
29
47
57
38
37
37
38
36
37
37
92
87
85
87
87
97
95
94
86
86
49
46
47
47
62
63
62
70
68
72
34
23
22
45
46
54
55
54
23
23
162
53
133
116
95
92
75
84
77
131
46
61
46
65
61
64
67
70
48
43
140
47
69
137
47
46
48
46
69
70
100
100
79
81
40
38
40
39
49
47
83
97
99
98
97
100
97
247
100
82
95
96
93
95
96
94
125
125
131
95
52
52
52
124
87
87
88
87
87
69
48
47
47
46
62
62
62
61
62
61
97
95
118
123
99
106
162
153
138
114
127
214
88
218
145
246
134
131
140
103
27
104
25
47
49
27
48
47
37
40
105
106
106
107
105
104
106
149
141
140
121
122
120
123
121
122
120
124
163
216
94
118
133
85
123
105
122
106
75
115
185
62
131
148
103
74
74
73
73
73
123
39
52
79
61
61
57
62
57
61
98
50
49
50
49
49
50
96
95
140
83
83
83
85
250
246
248
249
82
84
88
58
47
49
51
49
47
48
48
48
46
46
46
46
45
61
59
60
59
66
58
65
99
116
79
96
104
84
58
58
55
117
123
40
40
40
62
59
59
61
26
31
31
31
49
59
32
30
38
39
71
69
71
213
213
70
68
69
93
92
78
78
110
104
103
106
237
104
262
239
39
48
48
46
47
58
59
58
53
123
216
150
150
106
104
356
89
88
88
88
72
69
166
83
106
211
170
169
167
69
120
121
120
134
131
131
192
133
134
133
24
24
22
22
29
42
30
30
30
29
263
159
88
148
149
115
264
104
105
265
40
39
38
45
46
47
46
47
47
46
51
50
50
149
50
157
51
67
81
122
143
122
40
40
41
41
42
55
55
53
342
237
80
114
109
118
105
135
80
79
115
191
183
113
338
344
267
268
112
112
82
82
273
83
125
84
114
88
146
120
122
244
244
239
269
119
123
183
179
184
82
82
82
243
82
162
162
163
83
82
426
137
464
165
165
166
210
185
206
182
33
30
30
29
43
45
43
39
40
40
73
70
71
72
107
104
107
92
96
94
48
57
58
56
56
63
64
63
61
61
84
83
29
29
28
28
34
33
33
33
69
83
81
80
90
198
200
206
141
90
63
62
139
46
46
46
46
60
62
55
115
114
115
113
473
115
114
115
114
151
168
164
163
167
199
496
277
165
234
165
96
65
64
64
64
85
84
194
129
130
87
87
88
87
88
88
130
130
128
87
70
213
72
71
70
71
69
84
84
84
46
45
55
54
54
55
53
53
54
60
26
25
26
25
33
32
33
34
35
33
83
97
97
98
98
107
106
107
105
108
59
178
177
59
59
59
60
72
70
71
58
56
76
76
76
73
76
76
99
76
36
36
36
46
47
44
45
46
45
46
56
54
53
53
79
77
81
64
64
64
48
132
131
44
44
45
44
78
54
53
77
76
102
104
102
102
100
101
107
79
66
62
102
122
123
121
61
60
61
60
33
33
38
38
39
38
39
39
38
42
40
121
49
49
49
48
48
47
48
53
52
52
52
52
76
78
78
61
62
62
63
76
74
78
84
84
84
83
85
83
147
179
176
200
176
196
196
194
196
359
47
44
60
153
60
60
60
60
59
61
120
118
158
159
158
161
158
160
160
161
50
47
48
64
63
63
63
63
62
64
72
72
72
148
104
103
71
71
143
143
38
36
51
48
49
51
73
47
49
49
145
202
201
145
204
145
191
208
214
212
169
161
162
68
68
67
68
89
90
90
67
68
196
114
92
159
88
89
89
112
236
79
81
80
94
107
106
116
105
107
35
34
42
44
44
44
43
44
45
45
62
62
63
62
61
93
90
200
261
61
105
47
46
71
70
35
34
35
35
49
49
49
48
48
64
63
63
65
64
64
53
53
64
62
64
163
158
53
54
54
26
27
26
75
25
38
38
38
25
25
47
47
47
48
48
63
63
63
63
64
91
92
107
68
81
66
67
131
129
68
45
54
53
52
59
60
59
58
59
59
274
276
110
111
110
128
123
278
93
93
29
28
27
27
80
83
29
27
27
27
27
27
34
27
35
35
80
27
27
27
44
43
54
52
52
58
57
59
53
51
99
100
99
100
117
119
119
120
121
121
28
27
33
33
33
33
34
32
33
35
63
74
187
111
62
61
62
93
94
93
39
38
38
38
46
48
49
50
50
47
86
84
63
57
56
58
72
66
50
102
192
193
190
156
138
131
64
192
64
65
45
44
44
43
43
52
53
51
52
52
81
79
94
92
94
94
96
96
107
106
97
96
118
115
127
128
130
131
129
129
97
114
115
288
96
95
96
97
95
126
103
100
101
120
120
122
120
121
120
123
155
154
184
239
206
205
203
205
205
204
75
75
87
89
98
103
100
98
100
109
140
426
141
139
142
138
154
167
166
168
146
147
146
146
193
194
197
195
194
194
58
81
72
108
97
98
98
56
56
136
31
31
32
30
39
40
39
40
90
90
61
60
60
60
60
59
82
74
72
73
121
137
121
119
161
160
161
144
143
144
38
38
37
37
49
50
51
45
44
47
63
85
76
77
77
76
77
76
76
84
90
90
88
89
88
119
109
106
108
118
29
29
29
39
38
39
39
38
54
38
182
183
180
181
243
243
242
218
219
216
60
178
60
60
60
62
79
79
83
73
80
81
78
233
104
103
94
95
94
97
63
136
47
46
139
60
61
60
59
45
99
99
98
97
130
128
130
97
292
98
92
91
90
91
91
120
120
122
122
120
93
93
112
112
110
122
124
112
110
109
30
35
36
35
35
55
38
39
38
39
90
90
87
89
133
125
272
185
91
130
197
127
194
241
118
157
216
360
282
282
28
30
32
31
80
80
47
27
56
28
106
316
106
335
104
104
103
106
104
104
38
115
115
39
55
47
46
57
42
42
81
101
122
116
165
113
81
83
186
189
96
90
279
184
134
277
119
278
93
277
164
53
53
55
52
53
55
79
83
64
92
88
90
145
86
102
129
117
161
86
55
74
51
75
53
73
53
74
52
53
74
73
135
73
76
74
76
74
111
81
147
194
66
56
77
98
74
145
49
74
77
157
76
123
153
72
82
51
57
51
97
95
97
94
180
99
97
94
133
141
60
194
59
87
61
59
89
89
60
88
131
131
356
252
147
398
306
180
290
147
42
123
124
124
125
71
125
122
41
43
192
82
82
85
76
76
77
75
76
76
131
111
108
131
133
159
122
162
126
156
43
107
42
42
56
55
55
50
51
124
126
172
168
127
164
124
164
122
161
125
206
67
91
91
89
68
67
69
71
79
84
168
55
55
54
55
73
72
66
64
27
27
27
36
37
35
36
35
36
36
102
102
101
121
123
122
136
134
136
135
36
34
33
35
51
50
50
51
46
40
85
85
101
131
167
88
306
85
203
217
154
181
181
181
202
202
343
302
302
256
84
82
82
84
56
57
56
86
189
67
481
181
230
227
228
183
182
186
184
195
85
85
83
84
83
84
84
83
83
84
38
37
37
37
37
39
38
49
49
49
102
102
100
131
121
120
120
136
135
102
46
44
45
44
44
52
53
54
54
52
34
35
33
45
45
45
42
41
40
41
103
102
114
103
135
136
133
122
122
122
43
41
40
41
129
42
42
42
41
50
72
73
72
72
88
86
85
86
93
85
57
56
56
66
67
67
64
53
56
54
38
36
37
37
36
37
43
43
46
43
143
141
141
570
430
426
226
144
214
142
270
121
132
134
273
92
276
274
135
92
63
63
184
75
90
182
187
184
184
180
107
113
36
105
107
35
37
35
35
42
37
35
36
48
49
48
48
48
48
47
140
456
420
139
139
142
175
166
185
186
37
35
43
44
42
42
43
44
55
60
43
42
73
57
56
55
83
56
55
65
96
157
73
64
70
159
53
54
205
113
81
50
56
51
56
49
129
92
46
44
147
307
99
213
102
131
162
176
111
164
88
102
90
93
91
93
145
85
88
86
225
165
126
165
162
83
100
102
98
98
137
128
94
137
154
139
128
134
203
146
106
103
122
138
116
313
128
126
127
125
86
82
298
86
84
195
84
82
83
126
84
85
100
101
101
113
112
112
113
121
137
135
196
101
135
141
170
90
197
174
99
98
98
100
299
132
307
101
100
97
78
110
55
71
73
96
122
123
51
51
317
90
116
111
112
75
73
73
74
96
47
46
49
44
96
41
59
37
32
50
84
103
58
81
89
77
111
60
158
115
165
74
73
60
65
56
57
55
58
54
44
43
43
59
59
57
59
57
56
59
126
121
124
123
164
163
165
162
165
170
122
124
120
161
178
122
361
126
299
193
244
139
145
112
192
100
130
188
129
155
141
60
140
51
83
75
75
51
75
49
153
232
141
153
142
174
284
201
163
375
123
132
97
122
162
163
225
177
96
92
391
257
262
192
129
340
308
130
193
210
42
60
69
56
60
46
62
59
44
70
339
360
134
132
133
132
130
131
110
113
54
53
52
71
69
70
62
63
64
70
126
50
45
43
61
46
43
74
43
45
131
186
161
125
193
235
158
98
93
92
80
79
80
79
112
356
82
119
116
82
71
59
102
42
68
52
56
139
96
78
578
211
227
167
357
219
291
556
431
220
91
118
87
150
100
114
87
143
131
293
104
72
48
110
143
127
46
46
48
59
62
186
187
183
106
187
185
206
61
62
43
42
52
51
56
56
58
56
57
57
36
36
43
36
38
35
48
47
43
43
60
63
141
107
74
114
90
185
61
58
77
77
61
172
71
69
97
71
57
58
77
75
92
91
90
90
91
90
102
91
67
69
90
91
91
96
91
92
90
93
71
84
83
82
208
107
163
117
92
92
140
140
46
46
50
47
57
55
57
55
69
68
69
91
92
91
82
81
83
136
33
38
32
39
49
38
38
42
41
44
40
88
38
34
53
79
54
33
59
33
74
156
76
96
68
52
85
99
72
52
64
90
123
74
69
63
85
65
97
57
55
65
82
48
49
51
67
65
65
33
217
75
73
149
144
90
88
89
88
91
35
36
35
36
34
42
41
42
42
44
75
55
78
81
53
71
52
70
73
72
46
64
49
66
48
80
61
87
61
47
40
42
40
41
41
40
39
41
41
61
195
199
198
192
258
190
220
228
382
188
63
70
40
55
40
44
60
53
58
46
276
90
131
317
175
186
95
88
90
181
101
139
299
132
148
167
147
226
237
326
47
46
34
46
55
40
39
103
50
46
157
155
155
206
209
208
187
185
187
186
131
130
65
65
64
64
64
63
83
78
64
59
60
63
81
81
82
102
98
97
38
34
66
70
96
68
61
36
33
70
88
53
90
55
71
53
56
53
52
52
85
70
71
68
90
206
215
83
85
105
48
33
33
98
33
38
34
33
33
35
146
159
148
193
194
192
192
193
224
210
90
91
90
84
87
86
65
61
90
86
55
75
83
47
101
50
120
50
70
63
67
43
71
63
45
54
64
70
107
48
175
70
70
139
171
70
70
73
69
84
202
213
313
201
245
205
257
818
603
606
42
42
42
41
125
41
121
41
40
41
33
31
31
31
31
40
41
41
41
41
55
53
53
53
65
65
65
73
91
74
54
55
55
65
65
64
73
72
71
73
97
92
96
127
138
125
123
122
110
112
75
75
100
98
100
100
100
99
90
89
114
134
135
135
134
134
134
136
134
338
65
64
63
85
83
84
83
86
82
84
54
52
53
71
71
70
71
70
69
70
37
43
43
43
49
48
48
47
47
48
91
91
93
121
122
122
123
120
124
119
204
68
67
69
82
83
82
93
90
92
43
43
43
43
63
62
51
51
51
58
31
32
65
63
91
31
32
31
41
42
32
41
43
37
42
41
41
93
94
94
42
50
49
50
54
54
54
51
49
49
35
34
34
45
46
46
45
44
45
44
38
38
38
38
37
50
51
51
51
49
34
33
45
45
44
45
43
45
45
45
83
73
125
119
72
73
72
61
67
85
79
103
118
123
110
109
71
116
77
143
60
60
59
59
59
70
72
71
71
72
61
60
59
71
71
71
71
72
70
71
118
118
155
156
156
140
142
140
139
151
32
31
31
52
44
73
32
30
85
40
61
61
62
63
81
82
82
111
82
82
34
33
34
34
34
45
45
44
41
41
50
55
55
126
61
63
42
41
41
41
112
336
332
337
112
151
114
111
131
159
41
40
42
54
54
55
54
53
55
39
464
111
112
160
112
158
172
120
181
119
78
73
107
130
108
137
85
81
96
106
154
112
161
112
163
115
112
162
110
137
65
63
63
64
76
62
65
65
66
63
100
96
232
232
107
97
96
101
142
141
69
95
69
196
65
109
108
152
155
285
44
108
103
111
42
88
65
66
72
63
49
49
97
97
64
63
145
151
64
64
43
39
112
52
52
51
91
50
57
57
277
94
184
91
162
150
137
139
139
139
90
113
250
248
83
115
99
82
85
100
38
79
40
38
59
111
45
38
88
88
79
77
83
96
236
78
79
78
94
232
54
53
84
164
165
54
56
54
53
78
62
78
56
81
68
89
89
116
85
66
42
40
68
58
125
44
59
70
54
53
140
136
165
164
186
168
212
159
138
355
180
132
262
131
225
313
224
224
129
133
92
91
156
111
109
114
277
227
272
108
38
38
72
75
75
79
110
38
39
38
163
78
96
73
72
73
75
144
213
132
54
53
55
53
54
53
65
64
65
66
66
80
120
112
159
66
65
90
102
98
288
96
96
95
93
92
112
114
113
113
41
48
48
48
55
53
54
48
49
48
140
92
93
138
94
140
140
149
144
91
132
45
86
55
44
43
56
76
55
53
68
121
53
75
53
68
69
48
48
49
146
49
47
112
113
47
48
147
92
62
63
49
47
64
72
263
57
76
56
84
62
60
128
94
84
178
175
58
170
175
116
346
133
189
187
137
111
117
124
122
191
163
108
325
104
125
125
125
104
105
80
81
234
117
154
111
83
118
90
124
85
84
93
184
47
56
47
104
64
132
72
50
48
96
69
92
154
147
50
49
63
62
70
73
73
73
81
74
73
73
156
87
154
53
74
57
53
51
51
56
50
51
50
49
66
66
65
65
69
66
105
104
103
124
125
123
126
122
124
125
41
120
46
44
119
144
59
41
127
78
97
93
91
91
92
91
90
119
120
90
57
56
57
56
56
66
67
166
167
167
157
158
165
160
324
163
238
235
240
163
41
39
40
41
39
48
47
48
49
47
156
156
152
52
53
53
51
51
51
61
53
52
153
70
70
68
68
75
70
61
59
84
72
179
260
61
85
80
183
87
42
53
38
40
45
53
41
44
37
108
43
52
51
50
56
57
71
51
51
56
72
71
71
95
96
95
94
95
94
98
156
154
153
153
205
157
164
193
161
229
195
187
190
165
202
330
149
164
288
263
51
48
54
49
49
48
48
61
65
61
56
55
56
74
75
66
67
65
74
72
165
196
197
197
199
199
220
223
219
219
144
145
195
144
431
145
426
145
173
174
76
150
106
112
80
78
109
113
82
105
264
89
268
89
265
118
117
88
89
89
137
137
138
182
184
181
183
164
165
436
44
43
44
44
44
51
52
53
52
75
176
443
149
147
148
197
195
197
177
177
70
76
71
68
84
101
94
93
91
95
87
85
105
102
100
101
103
101
111
113
112
476
106
146
169
116
367
210
157
252
59
57
58
56
56
67
68
68
68
69
112
109
110
146
349
154
141
113
125
331
42
41
42
43
42
49
49
50
50
49
169
171
169
172
241
230
204
203
201
226
58
57
77
75
75
76
75
82
68
68
82
181
92
91
61
61
73
60
72
106
41
48
48
48
53
53
54
48
49
47
50
152
51
50
51
61
62
215
120
128
118
136
172
136
138
157
233
230
114
115
79
79
92
92
96
79
77
82
95
93
223
166
62
93
79
62
59
61
87
180
246
80
84
81
97
102
98
107
107
120
41
40
40
49
41
39
41
54
53
53
65
65
67
88
86
87
79
171
65
65
106
85
85
151
205
256
262
118
89
88
85
92
151
172
176
170
134
86
111
117
65
46
67
72
47
45
46
47
70
70
120
118
119
359
121
120
120
118
145
140
74
94
265
219
72
180
109
76
104
76
168
241
169
251
189
227
179
182
178
179
66
69
72
69
95
93
83
83
82
85
101
101
308
102
244
241
120
124
121
124
139
135
96
137
134
95
161
251
84
83
258
260
86
86
87
104
102
112
192
127
123
86
311
125
110
109
110
108
205
110
55
56
52
107
81
106
104
54
159
59
63
63
85
85
77
78
75
78
75
77
37
37
37
48
49
48
43
43
48
48
43
58
42
102
127
41
42
72
71
42
49
48
49
65
64
65
65
60
66
65
35
42
43
42
45
47
42
42
42
48
88
87
258
86
87
101
103
104
103
102
208
215
195
232
247
249
250
247
225
225
32
38
37
36
40
40
40
42
36
41
369
377
126
123
124
126
140
123
125
149
33
66
98
33
33
33
43
44
43
43
53
52
68
69
73
66
71
109
56
104
37
35
35
37
43
42
42
42
43
43
53
51
52
77
67
62
68
68
68
61
113
93
123
120
137
275
104
280
291
122
46
46
60
60
62
45
45
45
53
54
130
131
157
155
131
131
141
131
155
157
58
173
57
58
57
78
77
77
57
58
45
48
54
53
72
52
52
56
53
54
42
43
53
86
44
127
90
66
61
69
91
204
66
66
67
88
89
87
79
67
37
72
37
38
37
35
57
146
74
54
182
134
129
74
44
130
45
43
44
42
66
65
63
63
76
77
76
76
78
76
46
46
46
61
63
56
54
54
56
56
125
146
125
184
334
184
213
166
160
425
181
177
209
254
161
153
161
386
187
199
172
174
216
171
176
168
341
395
284
399
50
50
51
50
57
51
50
70
50
50
180
255
353
186
351
525
177
182
303
286
145
43
128
60
92
42
91
73
93
127
118
56
111
90
115
114
75
106
94
63
139
92
109
94
102
93
163
116
91
108
187
106
170
236
164
231
232
95
313
127
41
40
53
57
52
46
47
46
47
40
121
108
110
156
188
161
90
272
272
272
128
126
125
126
153
153
153
152
150
150
119
116
157
156
155
144
142
164
141
354
102
101
102
100
135
148
304
303
103
103
49
47
48
63
64
58
58
58
64
64
57
56
166
56
57
76
75
75
73
74
82
78
79
106
104
106
104
104
94
94
66
78
81
80
79
79
88
88
87
91
57
58
58
85
56
114
58
66
62
85
47
46
47
47
46
47
46
55
55
69
392
135
144
91
224
213
261
89
88
155
45
133
45
44
44
44
52
52
51
44
199
199
265
266
266
238
239
241
240
240
141
140
140
187
188
169
167
167
185
192
54
135
112
68
46
45
143
135
45
52
80
92
87
65
63
63
68
68
99
63
86
126
44
52
51
50
55
57
51
52
82
105
96
99
107
98
107
108
99
97
156
219
186
204
188
189
208
213
219
220
53
54
159
73
71
64
63
64
64
80
79
76
91
46
45
45
76
76
54
55
55
53
65
53
73
71
72
71
69
69
276
888
409
287
419
665
275
274
325
326
168
95
84
82
84
56
55
56
73
75
49
48
47
62
61
63
56
57
58
57
260
255
91
86
85
114
124
103
104
107
145
142
141
171
173
189
187
190
169
171
63
61
62
82
82
75
75
78
81
82
68
202
67
67
67
79
80
81
71
89
452
428
144
141
170
170
170
142
141
142
96
97
134
128
124
125
128
123
115
122
67
200
205
205
66
89
87
80
80
95
268
191
272
183
329
451
230
274
283
208
116
114
58
71
75
77
56
120
57
54
103
77
111
79
108
107
102
80
115
78
111
110
326
328
326
109
107
110
113
108
141
138
139
166
167
139
455
138
138
183
122
311
293
267
251
244
267
379
163
214
130
53
44
43
45
61
43
43
50
51
84
105
105
45
35
35
35
37
36
35
60
66
59
59
62
64
59
58
60
80
72
75
73
108
160
122
123
122
71
176
103
90
90
197
140
189
72
100
98
158
467
163
162
163
217
250
186
164
274
231
214
107
75
170
82
71
146
80
104
128
90
233
88
203
85
85
86
118
111
115
68
69
68
91
110
83
82
82
91
89
65
63
64
85
107
74
110
65
122
112
155
162
82
98
117
182
128
118
171
192
95
101
141
87
68
177
186
67
79
167
118
118
85
84
73
71
72
218
73
74
109
88
314
90
87
89
118
118
106
106
90
58
57
57
70
69
68
71
67
66
143
49
48
48
63
63
62
63
63
57
93
92
121
121
123
91
93
278
279
91
181
180
242
243
244
216
217
217
214
213
40
133
41
44
58
62
60
92
68
78
61
59
180
60
63
60
61
59
64
60
57
164
55
54
60
96
95
57
89
94
112
57
62
57
55
67
68
67
66
68
60
57
57
57
56
69
70
69
69
69
86
260
87
87
87
105
103
105
105
104
83
83
83
84
90
100
102
204
111
166
131
133
56
55
54
132
55
54
56
74
128
304
127
127
128
125
252
153
150
167
156
143
348
362
357
117
115
114
139
137
78
76
77
75
92
91
91
92
91
92
45
130
45
44
43
51
77
50
74
72
82
94
49
47
47
56
56
56
56
56
57
57
57
80
164
102
68
103
97
65
299
129
109
111
107
100
241
101
99
100
80
82
80
109
107
107
107
96
107
106
117
114
114
69
70
70
69
84
81
84
94
138
70
62
66
50
67
65
49
64
142
142
194
135
184
128
156
216
169
127
51
49
49
76
56
74
55
76
81
90
111
336
112
112
112
112
111
112
114
111
65
63
75
83
95
89
93
97
95
112
53
52
53
170
122
159
155
157
153
59
56
52
52
76
59
109
54
82
77
94
83
78
167
47
66
51
200
67
68
98
68
131
190
62
79
90
184
66
183
100
49
49
61
147
147
119
118
62
58
59
73
96
207
72
218
85
92
218
164
211
62
144
105
62
62
62
73
74
74
75
114
135
133
135
136
134
135
135
134
133
70
71
264
77
69
69
95
144
81
119
59
97
93
156
106
87
86
52
50
83
86
90
213
145
104
264
271
210
88
87
99
142
311
224
118
243
103
114
99
172
63
126
64
96
80
158
99
53
74
140
74
141
48
47
55
158
69
71
52
71
77
101
77
105
95
149
74
79
114
79
56
76
79
84
106
54
57
50
126
61
151
98
128
92
79
62
86
98
66
97
499
337
306
154
265
192
154
154
152
462
142
403
410
405
407
136
135
135
136
137
60
101
71
71
70
71
71
69
69
72
124
125
165
126
125
124
164
165
186
147
59
70
70
70
72
68
77
77
70
71
49
50
48
48
60
50
66
67
86
49
90
106
106
106
107
109
118
118
108
107
108
227
87
218
217
75
73
72
88
89
155
101
195
173
101
104
137
134
134
120
71
86
85
84
94
95
84
85
84
83
87
80
80
79
98
97
96
98
97
96
105
101
73
72
71
78
81
74
71
71
185
183
246
241
221
219
242
219
221
245
65
63
77
77
84
83
76
76
74
172
243
444
281
244
576
441
441
604
313
222
88
90
88
106
106
116
117
117
107
147
88
104
268
86
86
85
114
115
102
102
83
91
83
96
97
97
110
100
109
109
164
167
164
218
218
197
165
490
491
491
88
104
104
103
114
116
105
105
104
102
160
154
153
152
155
152
203
157
156
152
47
47
46
57
57
56
55
55
55
54
74
74
245
86
87
72
72
73
89
87
105
103
304
104
103
122
121
124
122
131
169
156
131
124
190
122
191
151
198
126
148
100
60
60
60
60
58
49
49
49
102
99
98
100
129
164
108
163
162
108
400
133
133
186
178
178
132
133
136
188
72
94
162
101
69
104
95
71
103
103
96
63
178
177
125
135
65
141
66
135
198
387
214
207
203
215
416
385
286
205
186
136
123
161
145
360
186
169
186
359
61
61
45
78
99
65
63
62
88
126
119
128
133
81
93
193
82
308
165
228
143
254
206
259
326
133
194
297
305
131
226
113
104
159
306
152
273
112
227
114
137
164
166
120
181
345
122
181
128
137
176
303
253
205
188
303
262
194
173
321
106
73
100
99
72
218
94
167
273
103
61
160
63
63
64
62
63
61
108
52
83
102
101
99
110
111
101
100
101
100
46
138
47
46
62
61
60
56
56
138
50
51
70
67
66
61
63
72
67
60
45
45
60
59
54
54
53
54
55
56
75
74
74
74
89
89
94
110
97
110
80
79
95
95
112
82
81
107
107
105
107
274
91
92
91
121
134
93
92
103
125
106
129
64
186
190
82
82
73
73
122
146
147
123
120
122
164
162
128
126
209
210
71
68
70
69
84
93
93
85
46
46
61
61
55
55
56
56
55
62
51
52
53
51
77
71
123
89
54
52
52
63
62
61
68
69
62
62
61
62
93
116
114
133
130
95
119
180
320
91
59
54
54
159
53
53
63
85
135
135
396
509
167
494
168
165
223
220
197
199
88
90
87
107
115
105
264
88
88
263
82
82
83
107
106
99
97
97
107
110
85
86
257
87
86
103
102
113
114
103
128
375
384
379
127
126
167
233
160
225
231
87
89
85
252
252
253
93
84
84
109
110
108
108
109
119
119
117
115
117
237
300
151
282
225
153
286
432
228
263
247
161
245
322
150
145
146
215
147
145
156
523
233
464
460
157
152
154
190
183
58
81
60
86
194
55
55
55
55
54
49
47
74
105
102
130
132
44
43
43
117
115
117
138
139
141
118
116
161
156
192
189
187
227
231
231
233
230
228
225
192
191
88
130
109
110
62
69
63
76
110
127
128
321
328
132
106
107
144
142
95
90
89
111
108
107
113
109
184
216
77
97
93
78
78
79
77
79
83
80
241
342
341
139
144
143
140
168
187
188
335
164
211
208
211
140
131
129
133
450
116
199
200
199
74
95
69
100
73
103
99
70
104
78
79
149
86
106
78
106
174
176
58
57
59
59
58
65
64
229
66
67
196
67
64
65
78
81
68
87
107
91
99
111
110
138
92
121
100
142
140
162
190
186
335
183
292
145
209
139
165
197
196
198
203
196
217
217
196
195
68
69
70
91
70
69
70
68
69
68
60
60
59
60
70
72
60
60
60
71
168
167
198
211
197
200
197
211
198
198
133
426
134
131
130
130
131
131
139
131
101
99
100
104
100
101
101
101
99
102
85
84
84
83
85
84
84
85
84
82
77
76
77
76
75
228
77
77
77
77
415
420
340
425
213
177
299
288
214
188
104
128
229
302
127
108
199
233
104
129
104
87
73
131
75
94
181
98
69
157
287
156
188
364
166
148
246
207
316
182
114
107
111
189
106
108
110
106
108
220
62
192
189
66
61
92
95
72
111
83
321
317
319
320
319
323
320
958
323
324
86
87
86
84
86
88
84
85
85
85
113
111
112
112
111
110
112
111
111
117
92
89
90
91
91
91
90
90
90
108
93
90
91
91
91
91
107
108
107
108
104
116
105
104
124
126
123
123
121
123
139
136
424
412
144
138
139
186
185
168
89
122
105
89
215
147
94
88
87
110
111
135
135
134
141
131
134
136
131
138
52
52
157
125
126
155
158
154
57
52
152
51
57
52
53
62
61
79
152
52
146
143
176
449
352
148
188
219
216
148
61
180
90
165
62
185
59
67
145
126
90
89
116
117
90
88
88
105
112
112
64
66
67
66
96
65
66
69
84
55
155
152
150
150
50
52
68
67
61
60
82
95
82
97
99
96
102
98
96
82
281
79
198
67
65
231
197
100
79
81
267
88
87
106
105
108
93
142
218
110
134
144
144
139
295
205
194
140
204
136
82
144
49
49
57
59
98
128
151
49
50
53
58
61
99
142
120
149
53
49
134
167
136
137
171
461
203
201
135
151
83
171
252
171
197
83
152
145
248
85
59
58
70
71
72
69
70
58
59
82
43
56
50
50
43
43
51
51
58
51
66
73
71
72
72
73
61
60
60
80
309
312
127
128
154
156
240
152
151
152
69
85
81
175
116
78
114
117
81
170
160
160
191
189
160
159
161
210
213
192
82
81
140
172
136
92
133
246
80
97
327
109
188
109
110
109
146
341
113
112
68
99
150
62
64
62
62
62
61
61
114
113
135
503
412
134
172
208
121
184
89
87
85
68
190
194
65
64
64
64
46
174
93
70
55
115
111
47
47
47
117
115
153
158
147
141
172
120
116
117
81
84
83
81
145
119
121
166
199
83
163
187
248
196
198
191
259
209
354
222
414
413
139
138
167
141
415
278
182
193
53
53
53
64
58
126
68
64
53
53
204
138
201
142
199
225
145
207
168
186
332
143
314
195
188
148
141
237
222
489
237
158
88
93
185
139
135
79
80
80
56
72
60
72
96
83
65
166
167
56
242
157
156
464
153
160
154
152
158
154
118
156
394
121
122
199
120
267
116
116
76
84
75
112
174
197
125
96
79
222
181
288
278
138
165
168
348
158
253
171
86
81
83
126
243
245
109
82
82
109
73
75
213
218
70
72
72
89
72
95
184
544
183
185
180
217
231
182
183
179
98
102
238
70
68
99
109
117
112
96
147
179
185
125
213
95
103
263
318
192
98
83
83
104
101
103
178
239
163
127
75
86
114
74
88
116
83
220
148
87
93
90
272
370
276
184
90
95
91
91
52
52
52
70
68
63
62
87
160
156
68
179
182
60
71
184
61
63
179
144
93
91
91
111
106
127
96
123
121
150
65
235
66
66
65
79
79
80
80
93
156
248
104
103
103
129
125
165
138
123
114
123
81
143
137
79
80
84
81
107
80
83
106
103
140
237
234
237
87
79
101
91
315
117
145
71
212
212
71
72
299
105
105
110
87
85
249
85
124
85
107
106
128
127
148
141
324
184
110
107
181
251
542
445
264
187
269
211
202
284
108
110
100
86
121
83
84
119
185
138
137
241
54
124
73
70
121
52
94
128
194
194
195
236
233
232
235
235
270
263
70
97
206
213
74
69
69
69
88
76
80
160
185
94
94
98
95
95
97
94
60
63
90
62
86
88
61
84
53
98
150
150
150
151
179
182
157
284
455
191
89
207
96
87
92
132
88
90
126
93
178
181
200
179
186
181
179
200
233
301
113
167
168
113
112
269
170
224
113
111
309
253
788
494
495
245
249
710
302
337
87
85
88
143
86
87
104
168
87
86
50
56
55
47
46
51
128
49
67
75
113
245
228
99
129
130
74
74
76
76
67
84
80
81
81
66
70
67
80
81
89
90
89
89
132
172
93
130
134
90
142
230
141
230
231
142
132
404
300
266
83
82
81
243
160
82
81
81
110
107
74
61
80
85
75
73
75
75
264
62
104
210
263
92
87
91
107
104
105
104
90
90
107
108
106
107
107
106
106
108
82
244
83
82
82
82
82
106
98
97
76
78
103
91
90
77
75
76
77
75
108
107
108
127
130
111
110
107
129
130
88
85
279
88
87
109
103
86
87
92
64
190
234
64
63
63
77
76
76
107
84
84
163
124
89
117
84
232
197
172
142
105
103
102
96
140
107
147
105
139
94
184
100
277
93
163
186
193
281
98
145
212
151
150
142
153
226
154
176
142
445
443
153
148
147
149
193
449
485
159
252
82
84
100
125
174
134
166
255
89
327
326
197
190
201
190
190
311
255
232
278
109
110
108
107
92
269
91
90
113
94
92
94
111
125
126
111
111
112
113
273
150
360
149
143
144
143
142
144
142
114
115
112
114
149
147
136
136
119
111
84
211
92
93
98
79
82
82
80
80
98
122
117
241
123
102
139
130
96
150
87
80
79
119
118
78
79
95
93
96
72
74
88
86
85
87
89
97
100
86
83
99
99
101
98
98
100
98
127
117
123
120
162
162
147
144
147
146
144
144
96
110
117
111
113
110
109
113
114
110
119
116
138
141
140
140
143
139
138
362
163
159
160
162
163
194
191
163
487
484
60
60
71
71
71
71
71
71
71
70
117
148
142
139
140
153
141
141
139
139
104
101
134
135
122
121
123
121
121
123
65
66
63
86
85
78
77
78
78
77
49
88
86
117
58
59
49
48
50
81
53
62
62
54
52
53
65
63
64
53
218
216
217
240
292
457
215
216
227
258
174
485
162
162
193
195
191
161
163
193
54
54
65
64
71
72
63
66
64
64
47
48
47
55
58
63
62
55
57
56
110
131
131
130
131
130
143
145
129
129
173
173
203
204
205
206
229
205
204
208
59
60
58
70
70
68
71
71
95
78
111
110
153
155
168
117
160
180
373
221
160
158
161
220
190
190
189
191
190
191
62
73
73
72
74
72
81
82
73
74
80
60
58
60
85
62
96
109
116
87
151
151
151
153
153
152
153
454
457
486
310
125
125
169
114
119
182
116
177
103
125
283
94
94
93
325
120
118
111
138
145
51
49
49
48
87
49
67
58
57
277
111
117
161
112
158
165
161
163
102
65
78
82
77
104
65
65
65
77
79
232
232
76
77
77
78
104
103
93
242
102
73
103
99
81
107
80
116
149
97
122
182
171
129
168
121
163
118
120
168
85
57
56
58
56
57
66
68
57
56
66
62
63
83
84
76
76
77
76
99
81
99
107
193
81
81
81
97
85
248
63
63
87
97
67
227
63
114
62
64
64
64
64
64
63
62
62
63
62
63
170
155
186
183
187
186
206
185
193
189
72
69
67
84
92
193
71
72
97
74
124
130
307
300
124
141
126
255
261
125
49
53
59
58
53
48
49
153
53
48
208
265
400
176
243
486
199
161
337
159
73
70
72
68
82
73
72
88
205
206
79
78
77
93
95
93
95
95
235
79
77
76
80
99
101
90
91
93
101
91
122
148
145
120
120
121
149
145
143
146
126
124
146
152
148
146
148
146
150
147
103
233
189
186
78
77
92
93
93
78
93
110
110
113
110
97
100
100
182
150
154
50
52
52
52
68
69
76
52
51
50
50
50
50
49
66
66
59
59
61
65
76
77
78
77
77
77
77
85
87
105
105
119
123
109
108
173
124
145
205
100
104
293
356
122
115
296
283
236
105
54
52
118
74
60
53
52
51
52
51
112
109
81
84
81
132
98
97
99
96
54
63
65
97
168
54
96
53
64
158
194
200
196
194
195
193
251
239
192
590
87
90
115
130
114
89
123
103
102
122
246
244
539
367
323
323
246
251
262
583
61
62
74
75
74
75
73
74
121
147
57
56
68
82
69
169
75
68
69
69
68
82
108
74
101
74
119
72
96
93
128
92
140
99
157
139
150
107
108
108
356
117
115
140
137
113
118
137
145
138
179
284
187
347
281
264
257
175
172
202
