0 113
0 66
0 65
0 67
0 66
0 67
0 65
0 67
0 65
0 79
0 67
0 66
0 79
0 79
0 80
0 79
0 67
0 66
0 67
0 66
0 99
0 117
0 200
0 68
0 66
0 66
0 72
0 67
0 68
0 66
0 68
0 79
0 79
0 67
0 66
0 66
0 65
0 67
0 66
0 65
0 68
0 133
0 66
0 67
0 66
0 66
0 66
0 66
0 66
0 65
0 67
0 66
0 67
0 71
0 69
0 66
0 69
0 65
0 67
0 66
0 80
0 65
0 88
0 66
0 67
0 65
0 67
0 66
0 71
0 130
0 102
0 76
0 75
0 105
0 67
0 68
0 67
0 66
0 67
0 67
0 99
0 89
0 105
0 69
0 115
0 89
0 79
0 81
0 66
0 80
0 77
0 75
0 70
0 148
0 92
0 96
0 67
0 85
0 66
0 70
0 75
0 127
0 78
0 93
0 90
0 67
0 67
0 68
0 75
0 67
0 68
0 66
0 66
0 66
0 66
0 66
0 67
0 67
0 70
0 66
0 67
0 80
0 81
0 99
0 170
0 206
0 71
0 80
0 204
0 77
0 68
0 76
0 110
0 102
0 120
0 77
0 66
0 116
0 71
0 139
0 72
0 69
0 68
0 68
0 66
0 67
0 67
0 67
0 66
0 67
0 69
0 81
0 80
0 68
0 67
0 67
0 68
0 67
0 66
0 68
0 68
0 66
0 81
0 80
0 91
0 68
0 66
0 81
0 82
0 67
0 67
0 67
0 81
0 81
0 80
0 87
0 68
0 80
0 85
0 161
0 206
0 101
0 169
0 100
0 207
0 102
0 220
0 209
0 76
0 102
0 136
0 69
0 71
0 204
0 67
0 73
0 71
0 81
0 70
0 70
0 68
0 81
0 82
0 67
0 66
0 68
0 67
0 67
0 66
0 67
0 67
0 69
0 81
0 80
0 67
0 67
0 67
0 80
0 80
0 68
0 68
0 67
0 75
0 67
0 80
0 80
0 81
0 82
0 68
0 68
0 69
0 81
0 81
0 80
0 66
0 68
0 81
0 81
0 79
0 67
0 104
0 120
0 69
0 67
0 68
0 68
0 67
0 67
0 68
0 68
0 68
0 67
0 68
0 68
0 67
0 68
0 81
0 81
0 80
0 68
0 68
0 81
0 80
0 68
0 67
0 68
0 82
0 242
0 81
0 82
0 69
0 118
0 102
0 75
0 101
0 66
0 67
0 68
0 67
0 67
0 69
0 68
0 68
0 94
0 164
0 204
0 68
0 67
0 68
0 67
0 69
0 203
0 85
0 68
0 87
0 95
0 101
0 106
0 121
0 102
0 70
0 68
0 67
0 91
0 68
0 68
0 67
0 68
0 67
0 67
0 98
0 167
0 70
0 69
0 83
0 69
0 69
0 83
0 83
0 82
0 71
0 69
0 84
0 84
0 70
0 71
0 68
0 83
0 83
0 83
0 70
0 69
0 84
0 83
0 83
0 70
0 69
0 84
0 83
0 83
0 70
0 70
0 84
0 82
0 84
0 70
0 69
0 83
0 83
0 88
0 70
0 236
0 84
0 90
0 77
0 83
0 87
0 69
0 69
0 84
0 71
0 70
0 69
0 69
0 83
0 83
0 70
0 69
0 69
0 70
0 70
0 83
0 84
0 71
0 70
0 69
0 70
0 69
0 83
0 86
0 71
0 84
0 85
0 85
0 70
0 70
0 85
0 86
0 91
0 140
0 72
0 70
0 69
0 85
0 71
0 70
0 98
0 74
0 72
0 84
0 71
0 69
0 83
0 84
0 85
0 71
0 140
0 69
0 91
0 70
0 77
0 72
0 212
0 92
0 99
0 70
0 70
0 70
0 72
0 70
0 72
0 73
0 72
0 72
0 75
0 73
0 72
0 72
0 72
0 71
0 73
0 75
0 88
0 107
0 73
0 72
0 72
0 72
0 73
0 73
0 74
0 86
0 96
0 73
0 74
0 73
0 73
0 73
0 73
0 72
0 73
0 74
0 74
0 73
0 72
0 74
0 75
0 72
0 73
0 74
0 75
0 88
0 90
0 74
0 73
0 73
0 73
0 75
0 72
0 74
0 76
0 74
0 82
0 81
0 90
0 94
0 75
0 73
0 75
0 76
0 77
0 75
0 75
0 75
0 75
0 75
0 75
0 76
0 76
0 76
0 76
0 74
0 76
0 75
0 75
0 74
0 76
0 75
0 75
0 75
0 79
0 76
0 77
0 77
0 76
0 76
0 76
0 77
0 77
0 83
0 88
0 83
0 84
0 84
0 82
0 85
0 84
0 84
0 83
0 84
0 105
0 106
0 258
0 105
0 195
0 180
0 126
0 105
0 105
0 126
0 139
0 137
0 192
0 184
0 138
0 209
0 156
0 203
0 421
0 138
0 330
0 332
0 340
0 332
0 331
0 347
0 330
0 399
0 395
0 403
0 499
0 501
0 601
0 500
0 519
0 598
0 598
0 497
0 503
0 495
0 612
0 733
0 732
0 728
0 605
0 621
0 610
0 613
0 612
0 617
0 585
0 707
0 586
0 592
0 703
0 703
0 591
0 589
0 584
0 699
0 629
0 625
0 766
0 688
0 621
0 745
0 754
0 748
0 628
0 622
1 877
1 1063
1 1537
1 873
1 2739
1 868
1 873
1 873
1 877
1 873
1 2864
1 1711
1 956
1 1142
1 949
1 943
1 952
1 949
1 958
1 956
1 971
1 955
1 955
1 1154
1 954
1 975
1 960
1 1014
1 1451
1 1296
1 991
1 980
1 955
1 956
1 961
1 968
1 963
1 973
1 1457
1 958
1 999
1 964
1 952
1 955
1 1643
1 953
1 1863
1 1025
1 1936
1 1553
1 963
1 952
1 953
1 951
1 956
1 1004
1 982
1 977
1 972
1 962
1 956
1 959
1 965
1 964
1 956
1 950
1 949
1 962
1 953
1 958
1 945
1 960
1 961
1 975
1 959
1 964
1 948
1 965
1 1003
1 951
1 960
1 975
1 961
1 966
1 947
1 963
1 965
1 952
1 957
1 952
1 954
1 939
1 1127
1 1103
1 987
1 938
1 967
1 939
1 951
1 938
1 940
1 1155
1 953
1 947
1 952
1 940
1 938
1 941
1 939
1 945
1 947
1 1170
1 948
1 948
1 1312
1 937
1 952
1 966
1 951
1 947
1 933
1 934
1 934
1 935
1 963
1 959
1 947
1 943
1 940
1 943
1 935
1 943
1 933
1 927
1 936
1 933
1 999
1 946
1 945
1 996
1 936
1 926
1 937
1 2334
1 2796
1 933
1 930
1 1386
1 937
1 1115
1 923
1 1425
1 2304
1 950
1 923
1 2484
1 1094
1 1116
1 2466
1 1848
1 924
1 935
1 924
1 922
1 940
1 929
1 930
1 934
1 936
1 945
1 914
1 919
1 928
1 919
1 916
1 934
1 938
1 923
1 925
1 934
1 965
1 929
1 925
1 926
1 916
1 931
1 925
1 926
1 941
1 927
1 923
1 926
1 929
1 910
1 913
1 925
1 932
1 980
1 942
1 914
1 1548
1 918
1 912
1 911
1 920
1 928
1 936
1 928
1 909
1 910
1 922
1 908
1 920
1 919
1 925
1 939
1 917
1 914
1 924
1 904
1 904
1 1092
1 912
1 915
1 907
1 909
1 916
1 918
1 935
1 907
1 906
1 923
1 927
1 927
1 926
1 916
1 921
1 917
1 915
1 903
1 1348
1 1218
1 923
1 896
1 894
1 902
1 1395
1 896
1 905
1 890
1 1338
1 908
1 1509
1 925
1 1847
1 1234
1 1074
1 1219
1 1018
1 889
1 907
1 879
1 892
1 883
1 892
1 889
1 884
1 887
1 898
1 903
1 878
1 901
1 892
1 883
1 887
1 875
1 883
1 887
1 894
1 874
1 886
1 900
1 881
1 886
1 894
1 892
1 875
1 891
1 895
1 884
1 876
1 893
1 1732
1 871
1 872
1 864
1 864
1 877
1 864
1 875
1 872
1 894
1 1598
1 880
1 898
1 862
1 870
1 867
1 890
1 879
1 859
1 881
1 879
1 857
1 862
1 875
1 863
1 864
1 858
1 866
1 876
1 855
1 876
1 866
1 858
1 886
1 861
1 864
1 890
1 862
1 871
1 864
1 882
1 846
1 866
1 850
1 867
1 877
1 850
1 853
1 845
1 858
1 878
1 873
1 840
1 849
1 1359
1 863
1 2678
1 875
1 837
1 1304
1 853
1 838
1 839
1 836
1 856
1 1298
1 1352
1 1732
1 1645
1 906
1 817
1 828
1 834
1 855
1 855
1 830
1 835
1 835
1 809
1 1927
1 809
1 812
1 977
1 814
1 807
1 814
1 811
1 813
1 846
1 981
1 806
1 847
1 808
1 815
1 808
1 966
1 807
1 805
1 801
1 1009
1 800
1 799
1 805
1 800
1 838
1 839
1 826
1 1276
1 846
1 965
1 838
1 797
1 1002
1 789
1 839
1 793
1 804
1 856
