375
1108
1150
370
370
371
445
443
449
369
371
367
489
492
444
443
444
493
504
441
365
366
1106
362
364
494
482
436
433
476
368
369
367
442
444
441
447
438
442
439
373
444
444
448
440
445
491
494
447
443
367
1093
1089
1214
365
368
364
438
435
443
374
391
388
452
604
550
446
569
556
525
371
366
480
486
490
504
489
443
443
438
379
372
1158
372
377
497
513
455
444
458
1087
1104
1102
374
367
436
448
484
487
443
377
390
488
486
482
474
437
490
491
368
376
372
501
505
447
447
454
450
448
506
367
364
489
494
439
440
440
448
452
491
992
830
364
1100
1097
361
357
360
435
435
359
358
358
480
478
438
434
429
476
475
371
368
373
490
498
443
439
447
459
445
360
1076
1120
487
862
360
362
359
479
484
385
402
392
398
1124
373
371
381
499
523
41
41
40
54
53
54
54
52
53
80
707
354
356
477
475
425
428
424
444
431
352
351
351
465
490
426
423
423
424
425
262
260
274
325
349
343
343
351
366
532
319
951
956
941
315
422
422
379
378
375
358
354
357
371
376
481
477
478
433
426
371
371
375
376
445
502
493
468
458
446
371
1093
368
372
369
648
372
366
440
440
256
258
310
314
342
348
320
308
307
348
400
405
1187
482
482
478
481
537
537
528
359
358
461
488
481
469
430
478
485
435
1087
534
887
358
360
432
430
1131
396
1083
98
80
41
43
42
53
52
54
118
41
354
358
353
356
353
364
454
429
472
473
389
424
389
519
515
391
1138
514
517
463
375
379
501
499
455
449
448
446
451
500
264
260
348
346
318
313
314
349
351
311
184
182
216
224
168
504
167
170
168
224
371
365
438
442
440
444
441
439
449
488
516
421
922
362
362
362
359
450
438
433
350
1058
351
355
446
467
467
426
418
421
365
369
363
481
505
439
602
436
440
439
372
366
367
441
455
446
446
444
452
443
227
682
302
300
301
300
357
270
270
301
325
326
430
431
562
389
971
323
324
326
276
279
281
368
375
344
332
357
334
337
44
44
45
58
59
56
53
55
59
59
350
424
425
423
422
427
423
423
474
471
152
137
147
181
178
180
181
179
212
160
309
365
361
363
370
367
365
368
364
397
313
374
375
380
394
379
414
419
374
375
68
95
67
165
57
55
96
111
110
56
96
95
126
125
129
96
178
97
133
96
874
287
319
285
288
289
304
287
299
287
35
35
34
34
46
46
42
41
41
46
341
338
457
474
410
407
410
418
411
458
340
337
451
453
413
410
409
411
408
459
206
621
204
205
208
247
247
246
246
243
348
353
353
424
426
425
421
420
421
422
320
311
303
403
400
399
380
362
402
401
58
58
57
57
76
77
69
69
68
77
346
344
461
455
418
413
417
458
459
415
291
288
385
380
345
359
346
384
384
345
406
407
541
573
489
489
613
500
493
408
419
138
141
142
141
140
139
140
419
141
444
522
393
378
366
737
741
364
366
368
311
313
308
412
412
385
371
416
371
370
319
320
321
425
450
409
382
382
392
382
280
281
281
371
411
839
282
280
279
371
260
263
348
356
314
316
338
316
314
348
196
196
196
195
195
194
194
261
263
261
117
142
350
349
118
118
155
161
141
140
353
427
425
442
423
426
466
521
426
421
54
55
55
55
72
75
65
64
66
72
151
153
202
204
183
183
181
202
200
185
220
225
222
298
265
296
366
303
312
266
1060
347
342
343
345
345
343
365
338
339
344
341
340
338
362
309
241
410
410
590
311
313
311
312
311
377
372
372
372
375
245
244
436
742
244
244
326
328
295
293
311
366
380
369
367
364
923
303
301
306
80
97
157
279
79
80
81
86
120
119
226
223
225
221
267
269
269
266
265
264
337
367
335
424
404
409
400
401
400
399
325
321
427
427
386
385
388
640
967
484
349
350
348
462
465
420
418
418
420
423
329
324
325
389
393
391
394
388
390
392
369
323
963
926
306
308
308
308
308
310
334
340
345
334
333
333
335
399
397
476
512
317
426
851
841
872
859
286
412
381
408
411
426
545
546
546
493
493
547
573
98
96
116
120
116
115
116
127
128
129
378
382
468
453
455
1155
1134
380
381
382
377
376
498
503
500
454
454
506
503
460
371
370
494
504
447
446
443
460
447
490
335
339
450
457
402
404
401
454
452
415
407
409
538
548
487
488
486
488
485
485
343
342
344
348
460
461
460
443
417
462
308
932
307
324
387
370
372
370
372
411
803
797
331
330
328
331
340
333
332
332
1320
314
448
439
311
439
456
477
312
466
233
248
233
232
254
231
234
235
280
294
126
126
127
127
170
170
170
169
154
153
180
212
214
213
227
215
239
236
236
235
364
362
448
436
433
434
442
438
436
456
139
136
180
204
164
164
162
182
184
215
71
71
72
95
96
85
85
84
95
95
310
308
310
312
398
375
412
415
425
374
60
71
71
71
78
78
72
72
71
79
353
350
463
498
426
419
420
422
423
468
201
200
269
274
240
239
261
247
241
408
36
35
57
42
48
46
47
45
46
43
319
320
319
389
323
323
764
320
319
322
307
438
307
489
456
305
654
608
309
308
291
870
307
292
346
349
887
293
290
287
767
256
509
771
778
255
257
341
370
308
262
251
337
330
334
298
298
331
363
297
62
40
50
50
50
49
50
46
45
45
307
304
307
373
365
364
366
368
366
369
92
90
91
122
120
109
111
109
120
123
143
142
424
187
191
146
143
142
190
189
275
274
276
275
328
363
365
363
325
332
351
350
352
466
468
422
420
420
469
469
134
134
134
134
134
135
136
133
133
177
128
124
182
165
168
162
167
179
150
149
352
353
351
353
351
469
471
468
421
423
60
175
172
84
57
57
57
77
77
76
337
333
334
335
408
464
657
360
405
1007
217
218
216
268
290
288
287
262
262
292
199
197
260
283
237
238
237
265
266
236
73
73
96
97
98
94
97
86
87
86
189
185
186
250
251
225
227
223
249
248
257
266
255
344
338
340
338
343
305
307
297
356
353
361
356
355
395
412
299
296
334
394
391
398
392
394
402
395
444
437
260
256
258
343
342
308
311
312
310
308
330
326
396
395
392
453
437
395
405
398
653
405
557
537
487
500
488
485
482
486
246
294
297
297
247
245
246
315
292
330
416
408
553
547
494
495
585
415
590
411
74
148
150
149
50
50
50
49
49
48
341
407
411
411
410
407
412
407
451
469
174
171
171
228
227
210
206
204
226
232
154
154
155
205
207
204
204
203
181
180
240
285
288
306
290
289
317
321
293
288
364
433
435
434
438
435
486
498
438
438
327
388
414
396
388
388
388
393
389
387
225
269
270
292
269
271
300
300
298
275
121
142
141
141
155
155
142
143
141
157
36
37
48
48
48
43
45
49
48
47
385
289
868
291
291
293
291
290
300
287
279
274
277
373
391
390
391
392
303
497
31
31
30
30
30
30
30
30
31
33
189
191
252
276
227
569
569
189
225
226
119
120
118
117
117
117
191
157
159
155
256
255
252
257
252
337
338
338
369
305
283
281
373
370
373
957
278
277
281
288
53
53
53
52
63
61
61
61
62
62
61
59
58
59
70
70
70
69
69
69
335
335
335
332
337
403
400
454
447
403
172
172
244
227
227
227
205
229
228
244
127
72
71
52
49
51
56
54
55
55
396
387
392
470
518
542
465
644
713
392
1047
1051
346
348
346
434
417
418
417
418
141
166
379
198
168
168
168
140
140
141
377
382
374
388
426
450
452
451
447
449
74
73
74
74
86
100
87
88
88
88
112
112
110
133
134
133
134
133
134
169
818
273
273
273
326
328
330
330
330
361
310
308
382
371
369
369
372
371
373
415
340
338
452
458
413
406
407
426
412
415
324
319
427
422
430
382
383
425
429
381
328
326
434
433
438
394
422
436
436
330
307
303
307
368
397
370
368
365
368
369
278
277
280
369
367
369
358
332
368
369
67
67
70
114
147
83
82
67
134
130
126
126
154
125
170
167
167
152
149
149
423
486
409
407
696
691
437
1215
977
409
363
365
415
434
434
484
501
437
433
436
308
303
305
313
304
403
409
405
375
366
322
320
323
423
430
382
379
382
381
386
305
304
304
413
404
366
361
365
363
367
354
690
353
349
471
469
372
351
352
418
195
195
194
231
249
233
232
230
254
263
238
238
240
319
315
316
288
311
290
286
96
111
114
114
116
130
115
114
116
125
336
331
441
444
402
400
398
442
448
398
176
162
310
486
163
163
323
509
161
161
325
384
381
409
389
389
431
459
323
388
443
819
405
691
1229
411
406
407
413
407
78
78
92
92
93
79
79
79
77
79
598
200
200
203
350
344
598
199
199
198
352
351
352
424
426
470
472
429
427
419
270
269
277
325
325
327
327
320
358
365
259
310
326
313
307
309
310
314
314
312
293
350
349
346
350
350
352
349
384
385
263
349
796
350
346
314
317
316
316
333
167
168
167
251
251
169
169
169
224
224
155
187
185
185
188
187
207
202
207
189
162
206
196
164
162
275
383
192
192
191
157
156
156
211
211
206
202
163
267
373
453
296
780
789
848
283
284
285
354
679
67
65
88
86
87
86
78
157
156
64
49
50
50
60
60
59
60
61
60
60
328
332
387
398
391
467
437
394
391
401
261
238
317
318
312
286
310
286
285
284
168
168
167
224
223
203
200
200
225
221
140
139
139
140
186
183
184
185
204
167
218
261
261
257
286
290
259
259
257
291
366
388
485
490
444
437
441
446
439
1132
174
177
175
190
230
208
229
227
176
299
175
115
61
59
60
60
78
118
59
59
40
39
52
40
52
51
52
63
68
57
99
139
136
57
58
59
56
57
57
57
222
222
294
299
273
266
266
266
268
295
218
217
292
287
301
259
263
291
291
261
252
240
318
316
318
284
287
324
329
285
256
257
342
341
338
353
308
344
342
340
39
39
40
40
38
39
39
39
40
40
137
137
183
179
201
163
165
177
180
167
196
194
197
194
205
271
260
258
259
286
316
317
315
421
425
381
379
379
419
419
377
373
377
502
504
451
446
1161
375
375
334
402
404
407
411
401
447
469
403
402
362
1099
357
362
357
359
432
428
429
493
290
347
349
347
361
290
289
364
351
350
156
154
158
157
158
156
157
189
208
207
140
41
62
101
41
42
43
42
43
42
87
87
86
87
87
86
88
88
87
86
233
234
233
232
281
311
321
284
280
280
278
273
275
277
278
276
329
329
367
368
356
371
355
475
476
423
426
428
423
423
214
213
213
282
292
256
255
253
253
253
168
169
165
224
220
222
200
199
221
219
281
281
282
378
378
376
338
335
373
385
271
267
269
360
361
325
321
323
325
341
216
215
211
285
287
261
257
255
284
283
342
339
338
450
449
405
405
407
407
423
80
91
118
106
105
106
237
137
138
134
99
98
100
99
98
100
100
99
99
206
275
92
90
90
272
91
91
94
93
107
351
346
356
349
316
295
391
386
395
350
39
47
47
47
51
52
48
47
47
53
376
379
506
512
466
448
450
460
453
470
107
107
134
129
143
139
144
146
142
129
295
285
372
372
335
333
336
361
336
372
205
211
272
289
247
257
249
666
635
205
372
368
403
451
448
499
510
447
446
455
324
321
321
388
388
424
431
388
416
383
162
164
164
194
196
196
196
194
216
234
466
204
367
156
154
153
204
205
187
186
245
296
294
292
291
296
294
298
293
325
217
219
709
220
216
217
291
288
263
264
226
276
273
296
272
392
433
275
338
313
317
317
316
327
317
314
314
315
314
375
350
349
421
550
447
374
365
443
420
420
248
248
264
245
324
293
294
293
293
297
279
281
345
337
331
330
333
665
607
281
213
263
252
253
280
283
252
253
254
261
114
135
131
131
149
149
134
132
131
333
272
269
273
363
358
391
326
329
361
371
115
112
113
114
152
152
151
152
150
125
416
424
178
193
178
237
235
238
213
215
189
469
379
158
478
237
237
225
259
188
328
325
325
330
342
994
439
702
649
324
159
118
172
347
346
198
176
196
172
115
322
388
155
134
179
177
402
266
406
402
141
171
169
171
170
170
193
189
189
185
156
177
173
172
191
192
192
196
173
192
59
52
69
68
68
66
68
64
61
62
339
338
333
448
449
402
400
402
425
409
75
72
73
88
87
87
98
97
88
89
56
65
64
65
71
72
85
64
65
73
162
161
209
212
214
193
193
212
214
227
46
46
46
138
166
135
47
45
47
46
282
875
851
284
285
285
340
338
341
339
286
281
282
342
368
284
286
289
369
345
214
214
286
289
256
256
258
284
260
287
232
231
308
307
233
326
231
323
231
332
66
46
44
45
59
58
58
58
59
44
234
232
243
228
278
279
278
278
279
277
168
168
166
197
198
228
199
203
204
201
124
123
147
146
147
147
145
145
147
146
238
234
235
233
243
293
282
312
333
284
136
134
177
178
177
161
161
160
161
159
197
194
192
235
236
235
234
235
259
262
332
341
333
442
440
437
402
396
437
468
344
1058
1043
699
591
688
345
348
344
464
151
149
199
198
179
180
178
199
199
180
199
176
221
212
213
212
222
191
192
270
769
247
242
242
243
248
243
291
732
246
154
182
133
185
138
186
187
196
148
134
120
120
136
118
143
142
142
163
148
119
257
254
257
309
321
258
271
280
254
330
668
224
223
224
298
300
266
268
269
297
132
131
175
177
134
132
131
132
158
182
885
586
292
294
293
354
358
371
299
294
83
83
82
109
106
143
99
98
107
107
348
343
371
460
459
459
439
417
545
413
399
473
498
480
471
472
494
482
477
470
118
120
117
118
185
157
141
141
139
157
134
131
179
176
174
160
159
177
174
175
137
134
133
179
202
164
164
148
195
152
305
306
99
101
99
108
98
100
120
119
460
328
463
329
522
336
393
390
981
951
94
94
95
111
121
110
282
278
277
103
257
256
308
309
340
337
343
306
306
338
208
206
277
276
249
247
245
246
250
247
208
208
616
205
206
256
245
243
273
274
384
388
397
514
511
517
504
462
514
511
48
47
49
47
64
64
62
63
63
57
337
334
335
405
446
456
453
410
401
441
261
259
256
257
257
307
308
349
344
323
358
363
494
481
479
431
426
485
487
429
227
227
298
298
297
271
272
299
299
271
696
281
681
286
282
913
284
348
382
375
251
252
262
251
351
346
351
378
263
363
262
114
114
101
102
102
112
113
104
104
65
76
76
76
81
84
77
75
77
84
108
106
141
143
142
129
133
143
140
144
153
154
151
181
180
182
181
178
199
198
261
258
258
259
311
310
310
311
310
344
94
95
286
282
94
94
94
115
114
112
266
226
135
132
135
141
159
167
159
159
105
104
156
156
51
53
57
69
52
51
147
441
149
147
452
147
147
147
150
147
73
74
74
87
113
88
89
123
205
89
61
62
61
61
61
62
62
62
62
59
758
450
321
441
316
464
457
358
766
426
30
30
36
36
36
38
36
36
37
36
174
173
173
175
216
207
263
232
245
207
71
82
83
82
91
93
93
85
85
93
333
336
442
441
448
401
396
438
439
399
1062
1049
353
351
350
490
418
495
488
418
126
126
163
165
164
149
151
163
164
126
110
126
124
157
128
130
213
317
318
105
151
150
150
200
202
183
181
181
202
202
99
98
99
100
97
99
99
99
100
99
345
343
340
414
407
486
454
410
594
411
95
293
95
233
95
94
94
95
96
95
811
193
255
274
198
306
294
232
258
259
236
281
279
309
280
278
309
338
282
280
234
232
235
232
236
235
312
311
314
282
666
980
386
385
385
476
461
508
516
461
37
37
48
48
48
112
73
81
45
44
443
431
430
531
538
518
521
516
1298
1198
638
255
255
256
254
256
254
254
254
254
280
275
369
384
336
333
331
357
337
337
323
320
426
426
389
389
385
387
388
385
187
184
185
184
244
246
219
219
219
235
317
378
375
399
378
378
382
449
675
632
370
373
389
123
124
124
123
122
124
164
278
367
370
278
272
278
332
328
327
326
429
426
428
573
574
511
512
511
524
512
361
363
361
431
432
481
489
1092
360
361
110
108
132
131
128
130
129
130
129
129
264
262
312
317
352
349
314
314
313
350
117
309
127
123
123
104
104
104
138
137
197
196
195
585
584
195
196
195
258
264
60
59
60
79
78
79
76
78
72
70
266
319
329
337
323
319
348
322
357
357
293
268
269
358
369
373
322
325
355
381
167
163
162
217
217
216
218
331
486
162
175
171
171
172
172
172
171
173
205
205
370
255
346
361
462
675
230
230
305
303
284
282
282
379
386
375
929
582
585
287
1079
358
359
357
432
435
434
358
382
477
240
236
314
313
333
285
284
317
311
287
308
287
376
377
373
369
338
372
370
378
187
189
188
187
188
253
251
249
274
228
53
52
51
69
68
68
68
85
69
69
365
434
440
460
437
437
489
510
436
437
169
202
206
201
201
201
204
229
226
224
238
235
234
236
301
281
312
309
283
280
111
133
133
131
133
136
144
146
145
147
182
183
302
243
218
219
216
216
220
244
421
420
556
559
503
554
416
421
501
502
352
260
145
143
140
130
109
147
143
200
861
282
286
864
287
286
285
369
348
380
327
323
434
438
391
395
391
391
389
431
115
114
140
138
140
137
137
137
138
139
141
141
140
170
169
170
167
167
187
215
171
147
149
200
196
197
193
197
177
178
171
105
63
63
63
157
157
53
53
69
405
498
1234
404
404
409
486
493
485
429
65
64
75
79
77
77
76
83
85
85
63
62
62
82
83
74
76
74
82
83
233
234
234
233
233
233
230
232
278
310
317
332
321
316
315
317
419
435
380
380
104
123
123
124
179
104
284
137
144
312
329
330
329
335
399
393
393
394
398
409
223
223
224
296
296
276
270
266
295
300
239
240
239
321
322
295
284
284
284
288
120
117
129
160
156
156
159
139
158
154
249
250
247
247
298
304
299
298
301
330
81
80
97
110
97
98
96
97
97
96
159
159
158
211
223
191
191
189
211
213
318
320
320
424
423
383
385
379
392
383
240
241
246
320
319
297
287
286
320
324
401
392
387
510
516
467
1154
1171
619
385
342
406
411
573
510
511
820
339
340
339
302
299
302
357
357
357
491
299
848
297
233
233
405
410
134
136
135
165
409
409
314
314
312
315
349
375
941
328
315
419
379
380
500
516
457
452
456
454
457
505
117
116
155
155
141
140
143
164
178
142
84
83
82
111
111
109
109
110
113
99
183
183
182
244
241
241
219
219
244
238
323
326
324
322
387
384
428
430
387
390
66
79
79
78
86
87
89
94
80
87
356
357
474
476
429
424
425
439
429
472
440
191
226
149
224
213
249
223
167
307
150
233
212
226
245
252
152
228
212
226
220
207
245
213
231
268
216
223
350
150
359
316
317
478
322
312
441
429
338
476
297
435
484
293
451
383
296
293
453
313
347
209
207
248
211
206
254
292
660
353
80
280
240
120
135
145
233
301
156
149
1041
1080
854
534
642
850
458
607
459
723
191
234
575
262
194
228
519
191
195
230
69
194
157
130
68
183
195
157
146
223
306
190
182
239
184
319
268
182
217
274
948
852
781
569
1038
380
542
723
811
568
304
1280
605
310
643
822
735
947
456
492
229
507
375
231
541
229
543
675
304
229
182
479
306
531
232
425
639
315
321
470
302
402
162
129
249
361
372
514
300
128
201
197
261
199
266
593
198
376
635
266
128
131
129
427
300
143
251
182
380
371
1257
343
462
413
460
404
349
346
517
521
646
384
757
242
248
819
594
456
361
824
350
394
1064
1270
422
527
427
422
532
477
343
437
1036
1511
687
398
666
559
352
347
122
121
173
261
223
194
257
210
245
296
71
149
77
74
75
52
84
51
100
116
336
96
174
109
124
120
232
206
100
93
350
861
1048
540
439
528
679
1058
572
462
573
591
299
480
359
372
357
219
207
233
224
204
210
302
353
264
246
262
319
884
834
332
288
370
423
366
369
438
823
1054
222
926
536
599
334
225
589
224
654
441
196
162
157
88
130
110
65
65
93
99
206
357
250
206
267
308
623
391
207
398
338
112
165
218
221
333
363
220
324
131
198
205
593
604
242
423
597
248
201
236
376
448
1133
1268
757
1181
463
478
446
757
789
351
357
588
871
336
270
319
386
451
276
940
331
283
674
279
478
277
767
439
322
1292
758
508
992
323
380
322
483
579
323
431
767
286
259
856
760
602
258
310
531
228
353
187
447
444
479
159
188
158
334
643
876
294
469
673
225
831
222
225
485
197
166
231
401
166
168
433
284
290
1226
1728
1568
789
629
638
413
495
395
405
64
63
88
65
92
199
93
157
239
84
244
502
581
256
407
368
168
224
170
167
850
639
487
761
640
268
217
214
515
212
155
231
237
368
384
306
225
159
383
212
180
538
782
333
728
218
631
305
543
241
407
666
472
485
514
531
442
340
975
384
272
1200
643
360
183
570
516
441
555
243
1349
528
1598
987
872
1025
1211
1279
533
1045
180
632
332
305
536
520
267
298
304
529
269
273
829
1129
837
665
651
647
353
277
256
259
468
253
1337
435
256
402
306
264
227
553
186
445
275
255
418
298
235
278
665
844
333
430
579
659
284
230
584
576
777
231
765
671
698
811
376
511
399
395
157
106
159
74
86
63
162
78
156
71
161
56
151
56
84
60
56
103
52
56
241
293
487
484
419
333
290
659
490
401
368
624
851
744
548
437
366
505
860
1128
449
537
453
1234
540
776
548
1362
1472
1340
825
279
277
842
834
817
930
410
925
465
304
401
918
923
306
373
306
644
727
1004
302
398
480
914
646
299
379
371
359
398
309
386
1020
928
1161
534
617
421
309
918
427
201
428
425
338
428
144
141
140
141
1140
455
382
382
383
380
1176
381
385
398
309
360
289
387
686
287
589
869
286
287
424
462
687
579
725
439
724
765
530
647
442
655
503
336
500
341
500
553
420
612
951
383
983
316
318
317
319
319
316
320
329
328
440
452
400
394
541
1009
328
988
185
195
247
248
246
245
249
221
221
186
234
231
232
233
232
231
234
231
231
232
122
62
81
82
48
49
49
48
49
56
274
270
360
361
324
333
425
814
849
810
195
193
196
194
232
234
231
233
232
258
396
410
528
528
472
476
1145
413
431
475
302
918
897
299
346
408
403
510
365
407
36
35
48
47
47
45
43
48
48
49
193
615
581
195
192
194
193
194
193
192
175
55
51
131
75
105
54
53
52
58
76
77
100
98
134
92
92
101
103
99
353
347
347
418
416
419
416
418
420
421
324
322
322
464
430
465
385
384
427
452
284
340
345
339
338
343
339
336
368
343
154
182
180
183
180
182
181
179
181
450
218
216
216
288
288
263
262
259
260
260
313
375
375
376
374
377
951
938
933
366
267
264
321
323
319
815
267
264
302
280
41
40
46
40
53
53
49
48
48
54
278
274
364
364
329
328
325
361
369
333
219
218
291
437
283
652
647
651
672
243
300
356
353
355
389
397
353
355
351
355
138
161
163
161
161
163
163
163
160
161
167
504
499
222
402
246
573
169
498
167
308
308
307
370
366
406
410
366
367
364
183
182
182
216
218
216
218
217
218
303
148
147
49
49
49
50
49
48
48
72
217
219
289
529
308
218
345
429
476
261
382
383
1137
458
454
524
506
384
381
385
470
466
236
232
231
278
282
280
278
278
704
665
220
294
307
262
271
263
278
264
98
295
98
98
97
116
116
117
115
136
347
362
408
351
345
462
462
416
417
420
96
94
95
94
96
130
127
128
127
114
58
57
56
56
56
68
69
67
67
69
46
46
46
61
136
135
45
145
46
61
414
966
637
530
309
911
370
371
371
368
307
368
371
369
366
366
381
374
369
371
52
61
62
62
61
67
69
68
70
68
217
649
650
217
215
216
216
217
216
217
269
271
364
359
302
530
932
269
270
271
244
244
242
243
242
241
241
294
322
322
59
170
175
57
173
57
58
118
114
57
428
441
438
662
1107
514
465
737
585
516
665
533
310
928
309
414
943
937
312
313
166
200
198
197
198
198
222
220
201
201
285
346
342
339
341
341
377
380
343
340
406
1238
415
409
539
539
535
485
487
538
375
371
445
445
468
372
373
493
492
512
246
243
242
296
292
325
322
324
293
294
123
373
121
123
124
152
149
148
148
150
243
193
80
79
81
108
92
111
109
94
273
290
272
271
860
275
272
367
366
326
286
869
283
289
281
342
341
339
281
286
86
87
85
88
105
103
103
103
103
103
121
120
118
160
161
146
144
145
161
163
67
66
67
65
67
81
79
79
80
79
45
45
136
137
135
46
46
61
61
61
96
99
163
166
125
117
114
128
141
116
286
349
288
394
428
432
284
283
283
490
104
103
137
138
126
127
125
243
176
158
402
958
800
476
501
476
478
1201
1198
1250
211
211
209
280
281
284
281
251
252
251
255
266
364
295
427
748
250
249
298
297
405
401
1195
970
1197
398
597
632
480
480
333
332
347
450
442
446
411
404
443
472
118
119
158
159
176
143
142
159
156
156
284
408
286
285
492
391
857
857
342
344
244
244
246
313
292
342
244
341
355
682
554
556
185
185
192
222
248
241
228
226
654
215
225
217
217
216
216
262
261
291
180
178
240
245
215
215
215
237
243
220
84
87
111
111
111
114
253
84
84
83
295
293
295
293
352
353
369
351
355
389
209
207
278
276
251
249
252
278
278
339
60
59
190
101
104
155
83
256
180
58
284
284
282
285
286
287
358
342
349
345
208
204
355
248
247
247
275
278
246
245
204
619
614
206
655
206
204
205
383
412
986
333
679
658
331
340
330
328
418
395
359
541
1117
365
358
361
430
430
430
429
63
61
74
75
83
81
81
82
83
75
452
440
579
577
592
527
520
604
597
1306
51
51
62
185
160
149
152
99
100
61
328
304
403
401
378
362
365
361
365
361
189
188
250
247
250
227
225
225
224
223
314
353
407
683
515
543
274
273
270
274
117
39
40
39
52
52
51
52
47
53
212
196
256
256
256
271
232
258
195
614
534
319
188
188
211
190
190
209
209
207
384
386
383
382
396
600
593
1137
767
682
430
432
1232
460
511
510
517
568
574
527
228
225
301
324
272
274
273
269
270
295
264
263
263
324
316
348
353
285
273
264
194
180
542
260
239
539
424
429
188
190
200
201
198
266
266
283
239
239
265
267
513
342
171
185
232
227
239
226
208
230
65
66
196
65
66
88
88
87
88
79
230
227
233
305
304
274
274
275
305
304
112
110
111
147
148
148
166
135
152
148
53
53
78
157
141
156
51
52
71
70
241
245
770
323
320
726
720
244
242
240
359
1356
356
361
362
614
445
612
498
860
119
116
119
130
118
119
140
356
356
157
322
320
777
321
323
324
429
456
388
387
358
427
431
428
1080
708
356
355
356
356
349
349
369
355
350
350
355
420
423
417
589
257
461
490
194
192
191
255
578
581
288
95
281
284
96
125
126
126
114
116
130
127
128
169
170
189
153
152
180
209
167
165
220
223
262
246
222
220
495
165
322
321
318
425
435
385
380
379
380
399
332
323
326
431
434
388
392
417
389
389
210
217
330
256
211
315
630
212
210
211
325
320
428
453
383
383
409
383
385
407
148
147
193
197
176
175
176
194
197
176
221
207
278
504
617
307
249
248
249
248
103
305
309
206
109
105
170
136
137
137
169
168
222
225
201
201
202
222
505
498
136
150
195
115
195
197
216
110
97
98
165
163
163
198
200
211
167
163
461
365
557
554
317
274
317
187
186
184
223
218
216
214
213
214
213
638
641
216
213
214
104
125
124
125
137
136
125
124
123
122
148
150
197
196
196
191
177
197
197
197
113
114
113
152
153
139
136
134
150
150
497
862
294
290
388
386
346
376
348
387
357
454
424
429
430
426
476
473
425
426
309
370
371
373
369
937
928
310
311
310
141
139
136
414
207
333
137
140
140
165
190
190
188
245
231
252
250
253
238
227
339
336
336
335
339
337
335
337
336
337
212
208
212
295
294
210
342
407
401
228
260
225
226
151
151
152
154
151
151
151
269
273
272
269
269
269
269
271
272
273
49
50
49
58
99
100
112
83
145
149
208
206
207
248
249
626
209
209
219
627
236
236
237
283
283
316
311
320
282
280
224
222
289
280
269
297
296
271
269
269
216
216
218
261
259
260
259
259
265
261
265
268
268
350
354
316
321
432
373
423
928
419
309
313
307
311
308
312
319
308
207
197
199
199
619
198
199
217
266
370
849
282
281
285
286
283
282
283
281
288
204
204
203
285
285
283
213
224
300
347
120
117
118
118
118
155
158
117
119
118
455
457
450
605
604
545
550
545
544
545
143
144
143
191
191
189
172
171
172
170
210
249
248
249
249
251
251
250
246
277
445
442
535
535
532
535
537
534
535
535
223
220
296
297
268
265
264
294
302
268
222
219
296
294
269
274
263
265
266
262
175
174
230
235
229
206
231
208
208
208
315
317
316
423
428
374
378
381
379
375
276
271
273
356
363
326
326
324
326
323
284
284
284
388
368
315
682
283
427
486
306
819
468
308
464
462
307
310
318
329
289
254
254
254
252
790
262
279
252
556
554
573
183
184
185
223
219
220
219
220
342
344
356
340
588
586
496
1025
1033
340
452
450
451
449
1364
453
908
900
448
453
936
938
395
371
377
377
372
372
375
398
163
172
164
164
134
94
55
55
54
55
288
286
285
286
344
345
381
411
486
428
192
192
260
257
248
229
234
232
233
233
76
76
77
93
92
103
101
101
92
92
374
375
369
491
497
449
449
473
449
447
260
260
258
342
345
314
308
311
311
313
141
141
140
188
187
169
167
169
186
188
308
316
481
490
307
309
338
961
304
306
346
344
345
417
454
416
414
414
416
418
259
264
343
338
272
272
275
239
251
301
346
333
444
445
440
395
396
439
437
397
344
354
459
458
454
456
458
410
417
409
524
162
161
161
216
213
216
191
194
195
291
292
292
362
351
391
386
355
353
349
172
170
172
230
242
210
204
207
226
243
229
227
231
230
304
307
304
306
276
277
106
217
314
211
106
105
128
126
125
126
142
171
275
142
171
170
188
190
173
169
54
64
64
65
70
72
65
64
63
71
195
191
257
258
234
235
234
257
256
233
332
335
447
459
400
399
400
397
397
398
320
350
414
315
447
318
317
495
525
389
263
88
87
87
104
105
105
104
106
106
422
413
415
1286
831
834
452
416
553
575
278
290
299
380
368
366
371
331
369
366
45
52
53
54
54
53
60
60
60
60
141
139
184
185
185
169
167
187
183
168
308
956
923
305
308
305
306
347
484
433
283
339
338
341
336
353
338
341
847
842
219
217
260
263
259
260
262
262
216
217
258
255
258
256
307
308
314
307
311
306
424
917
284
282
285
343
340
344
343
339
167
166
167
220
220
200
199
199
224
243
248
248
248
336
328
326
297
298
325
326
409
205
404
404
168
171
501
288
354
335
183
455
182
183
200
185
182
200
202
214
200
65
241
66
65
65
87
88
81
79
311
375
368
373
383
372
367
367
371
372
294
352
352
350
357
349
395
405
357
351
182
212
216
217
220
216
242
240
240
217
200
238
237
235
261
263
237
238
235
236
54
53
69
70
87
66
64
71
71
70
265
262
265
351
355
318
317
316
635
832
334
396
402
404
398
401
443
460
399
402
96
114
112
112
116
115
126
126
124
114
237
237
315
313
284
282
285
314
352
373
329
571
556
335
328
328
392
393
393
324
201
198
204
254
277
202
278
200
274
320
231
581
641
193
208
579
576
192
794
193
550
548
180
179
182
182
182
541
363
269
827
276
278
289
430
277
429
312
429
276
130
128
191
127
126
191
127
201
128
191
630
211
632
212
213
210
210
253
252
253
156
155
155
208
157
155
210
205
207
204
122
120
119
119
121
119
146
161
160
162
223
221
221
239
222
222
222
349
592
318
30
30
30
31
31
30
30
31
31
52
77
92
92
90
236
230
229
76
76
76
113
111
111
114
148
148
149
160
133
150
355
352
468
464
482
421
426
485
404
537
94
93
93
113
110
124
125
121
123
124
298
284
281
371
372
400
339
334
370
384
249
250
250
334
333
332
312
301
298
303
349
419
416
433
419
417
464
480
416
418
219
262
264
266
263
263
308
292
262
264
160
158
390
474
478
159
198
158
212
216
416
419
417
499
497
498
421
418
414
430
62
61
74
74
73
72
73
82
82
62
952
318
317
994
312
312
350
314
314
425
213
228
284
284
282
253
252
431
251
308
320
323
384
386
332
455
378
767
776
961
145
172
175
172
172
173
176
432
146
434
130
393
155
155
155
154
153
156
155
152
59
79
71
70
78
78
78
71
71
80
287
283
381
379
380
341
343
381
375
343
54
53
54
86
72
64
64
64
72
72
264
264
262
351
351
372
318
316
348
349
503
491
742
368
597
744
253
763
248
249
170
124
171
215
257
219
211
211
214
211
285
282
284
339
825
899
282
284
290
339
666
222
222
221
293
309
267
266
266
265
146
144
193
194
173
175
172
171
176
174
446
435
581
575
524
516
518
534
520
583
217
217
278
315
347
265
650
220
242
218
334
331
332
449
449
428
401
400
401
401
587
196
258
259
238
234
233
260
264
234
227
229
304
305
273
278
277
300
305
272
283
283
285
377
376
349
339
340
378
378
176
130
151
252
250
125
126
126
151
151
879
603
420
423
427
377
496
352
493
353
764
1204
398
400
476
509
476
477
475
556
256
257
310
314
348
353
312
311
309
311
288
286
382
384
345
344
344
344
344
348
272
323
324
324
330
328
361
361
328
326
39
46
46
45
50
52
46
47
46
50
168
167
223
232
201
204
200
222
226
204
174
173
59
58
76
77
69
72
70
76
421
418
141
139
140
184
184
168
167
167
46
46
135
148
45
45
45
45
45
45
301
304
301
299
301
304
303
365
363
403
347
489
657
347
350
463
466
423
414
419
316
312
423
455
493
438
313
441
315
485
848
417
295
281
282
282
284
336
334
337
244
243
244
284
295
295
325
324
296
291
124
147
147
149
148
149
165
164
165
149
340
413
409
416
413
409
457
458
410
409
344
412
410
431
415
417
462
462
416
416
283
285
282
344
338
341
375
381
340
336
413
499
501
495
500
524
499
494
499
499
424
422
425
563
562
512
513
507
562
566
264
263
261
349
351
355
312
311
347
488
164
163
164
163
197
200
197
162
165
165
317
460
328
315
424
947
315
318
317
314
263
259
262
317
342
324
312
312
285
312
143
221
195
218
148
149
147
109
111
110
198
197
199
197
237
230
236
197
198
602
66
211
65
65
66
78
80
79
78
78
249
248
249
247
252
248
250
249
247
249
164
65
54
162
55
54
54
54
55
54
339
340
455
471
406
404
408
402
409
452
65
65
88
85
88
85
86
78
77
77
153
50
151
61
74
60
60
73
61
61
139
164
168
164
183
198
167
165
165
182
269
268
353
356
321
321
318
362
361
322
132
118
157
155
155
156
155
140
139
138
400
1249
1204
433
1286
1235
399
399
401
399
458
505
347
305
305
632
307
301
303
366
54
51
51
52
54
53
52
54
53
53
87
85
113
113
113
113
104
114
116
114
83
82
83
82
82
83
82
84
83
83
378
376
506
501
455
453
454
501
502
453
263
88
262
86
159
150
87
87
88
87
1201
418
399
484
472
478
477
478
530
533
95
94
113
127
126
125
126
124
165
192
205
221
259
193
278
298
218
155
203
207
177
230
346
227
252
408
231
213
179
336
337
447
608
524
340
650
438
1206
489
371
180
176
177
179
228
268
228
290
282
417
109
109
110
108
113
108
107
110
110
122
76
76
76
83
85
84
74
74
73
74
77
75
75
77
99
100
99
100
103
92
88
102
101
100
136
87
114
107
161
108
712
220
219
218
291
289
266
266
263
659
1036
940
937
956
316
314
312
377
375
382
153
153
153
202
201
202
183
184
205
254
450
227
360
155
152
152
202
202
202
183
127
151
151
153
167
167
152
152
150
166
287
281
381
377
351
366
341
340
342
348
246
422
290
246
420
419
442
246
245
245
244
244
246
294
325
293
407
251
597
491
307
306
402
404
368
417
401
363
365
413
259
258
260
308
347
352
371
616
290
648
322
318
133
135
133
134
132
133
132
132
253
250
752
501
504
249
250
249
754
332
307
307
397
367
408
434
391
919
307
306
211
252
253
253
251
252
280
300
255
253
89
106
107
105
107
106
117
117
117
105
154
152
63
63
76
76
76
83
85
75
382
378
380
456
454
505
508
461
483
485
181
182
181
242
242
240
265
550
543
186
777
262
261
261
314
309
312
344
378
311
246
244
343
341
340
369
513
335
459
420
266
263
265
263
263
312
853
317
315
321
241
726
716
290
304
323
322
290
285
287
162
164
163
224
196
217
216
211
195
195
70
76
69
90
107
83
83
82
91
91
284
327
765
780
358
262
265
314
313
314
205
207
203
276
273
248
247
249
251
246
320
306
305
408
407
404
365
366
412
407
157
479
375
262
196
298
272
476
374
157
101
126
99
101
98
294
299
99
239
98
443
361
361
399
360
363
1087
1065
360
362
321
367
365
364
401
404
391
364
370
378
150
149
198
199
179
181
177
180
194
179
508
495
655
655
662
490
496
492
664
657
220
216
219
292
291
319
262
258
289
293
296
294
298
394
401
413
419
445
391
882
190
568
570
188
189
192
253
285
265
187
409
436
412
542
540
490
486
491
485
484
214
176
300
291
296
148
149
445
438
151
55
54
54
73
72
64
64
64
72
72
271
288
268
269
267
270
269
802
280
269
231
546
678
223
223
298
300
270
269
266
104
102
101
121
124
122
121
121
135
138
155
154
153
204
206
203
183
185
203
203
321
574
399
320
427
476
993
318
318
317
198
195
206
196
249
235
233
236
233
231
193
499
304
185
185
186
152
153
155
152
71
215
71
71
72
85
85
85
85
85
190
189
251
249
226
236
229
259
251
224
321
320
428
430
429
404
384
428
452
388
272
805
827
807
850
359
357
357
361
321
300
280
375
373
370
340
336
370
373
360
213
250
276
251
255
252
280
305
254
293
169
170
169
57
75
75
74
67
68
76
192
195
313
222
185
191
604
561
187
186
242
737
240
240
239
286
291
287
288
290
159
159
157
213
211
188
187
186
210
223
329
314
312
418
415
431
374
372
414
444
392
1126
376
377
377
451
451
506
503
451
51
51
52
67
66
67
68
84
61
61
418
418
422
565
561
505
504
503
524
508
246
710
349
343
689
344
345
231
232
229
49
48
64
65
64
69
58
64
64
65
265
267
819
264
268
266
265
267
290
264
118
161
153
359
117
353
155
181
118
355
130
129
129
131
130
146
185
129
324
172
67
65
86
87
79
79
79
87
87
79
51
51
50
180
50
49
66
65
60
60
597
593
196
199
198
200
201
196
196
196
252
228
306
308
305
304
307
276
276
271
338
842
1018
401
399
445
450
337
336
336
192
190
190
253
267
231
229
226
360
351
799
265
265
265
266
266
266
265
265
267
219
216
646
258
276
260
258
258
258
265
96
95
96
126
129
114
115
113
126
131
403
368
367
771
510
448
436
436
488
490
77
103
130
130
77
77
77
75
104
93
173
172
172
173
207
207
209
209
207
207
656
627
212
210
230
261
252
256
252
252
215
643
1044
675
212
213
248
259
255
254
94
94
126
125
125
113
121
111
118
284
93
90
93
92
113
123
122
122
94
93
343
414
411
407
424
412
457
457
417
411
1238
414
1177
412
437
555
711
413
413
415
136
46
46
62
61
61
60
60
60
45
172
170
205
206
204
205
204
205
177
172
175
173
175
182
172
172
172
170
172
171
187
560
184
185
185
225
225
225
224
225
293
290
292
354
350
390
392
353
496
353
1097
486
476
359
360
1076
669
1173
1112
363
204
204
199
241
266
245
241
243
243
309
60
60
60
60
82
80
81
80
72
72
176
207
211
209
234
232
417
412
174
173
74
74
88
88
98
96
97
87
89
98
97
97
129
128
128
127
128
116
113
114
265
261
263
332
318
316
313
344
530
797
225
222
224
298
306
269
266
272
266
267
125
124
127
243
122
211
209
125
124
123
142
145
141
143
340
323
431
145
144
145
210
208
205
207
206
248
259
251
248
256
111
219
222
73
73
72
73
87
86
86
268
804
810
801
403
401
400
266
265
271
247
249
247
338
297
295
249
248
250
247
167
166
164
198
199
166
165
165
219
219
84
85
85
86
112
111
112
100
99
102
77
77
76
102
107
113
157
133
132
131
332
208
516
164
163
162
195
195
195
194
420
641
213
211
210
212
211
214
212
214
102
101
101
100
100
101
101
99
100
101
94
94
94
94
285
141
186
187
93
148
41
40
55
122
41
41
40
54
53
54
426
426
422
437
429
509
508
507
422
450
346
348
344
345
417
414
434
373
350
460
54
47
138
46
48
47
61
61
84
46
250
102
250
112
267
83
83
99
101
102
308
334
451
357
328
219
219
261
262
261
59
103
103
44
43
52
53
51
62
106
81
222
67
68
67
66
68
68
67
67
277
274
274
331
333
333
333
330
344
277
294
944
353
445
350
355
353
354
394
394
266
282
357
326
481
538
801
266
266
265
505
168
546
169
168
168
221
222
203
203
193
217
218
238
222
217
243
241
218
217
247
222
221
293
291
265
263
266
268
265
133
230
401
133
133
133
133
179
178
178
223
334
678
672
571
657
222
266
267
266
64
63
64
63
82
76
77
77
63
189
207
207
206
206
219
205
204
205
205
205
79
78
78
104
105
97
96
94
106
104
53
52
52
53
87
69
61
62
61
69
222
344
355
166
166
168
198
197
218
218
100
99
99
97
132
120
131
152
102
170
74
73
73
91
99
98
98
98
117
88
460
976
990
977
326
325
322
393
394
390
363
362
484
504
438
433
437
436
436
487
155
154
206
208
186
184
186
184
188
189
1261
413
415
418
1296
417
413
413
502
500
148
147
146
147
177
176
176
174
176
179
307
308
414
409
371
372
369
381
370
310
380
383
505
509
458
455
455
462
459
527
60
121
51
139
90
153
50
50
49
50
236
238
239
283
433
286
283
283
283
356
383
266
539
390
449
441
260
261
262
258
300
297
392
397
355
351
355
382
356
396
209
272
355
355
206
208
206
249
247
249
106
317
108
105
107
140
140
140
128
128
143
141
143
190
191
171
172
173
192
188
236
399
712
237
237
240
285
283
318
315
228
91
231
78
76
76
92
93
91
90
328
326
385
383
379
384
404
525
598
713
1185
1164
595
847
407
408
583
595
463
489
321
108
147
185
185
130
129
132
201
143
190
230
228
232
230
230
255
254
232
576
525
507
507
677
674
608
610
607
621
611
129
128
127
169
169
169
153
153
167
168
236
235
248
316
317
314
709
235
237
235
69
69
70
104
69
104
126
113
95
92
64
63
75
76
77
76
76
62
86
107
160
473
314
234
344
317
156
156
156
159
212
211
210
213
212
210
209
264
254
282
50
81
95
132
131
44
45
44
59
60
97
129
194
198
115
117
116
119
115
126
141
138
185
183
183
165
459
182
182
165
59
59
77
93
178
176
59
58
78
77
267
848
814
540
501
461
269
270
355
384
213
218
212
621
632
620
278
276
276
281
189
192
187
187
196
188
185
186
185
186
309
313
955
309
309
310
418
488
482
752
148
338
107
108
107
144
143
110
108
109
109
129
129
129
130
131
149
144
144
327
488
193
510
159
160
161
195
195
235
532
574
192
189
191
259
256
229
229
231
252
228
76
75
75
75
76
75
75
76
75
1374
453
449
453
457
448
624
599
595
543
349
116
117
233
230
117
133
116
116
138
127
127
377
124
125
128
127
126
127
125
279
278
287
282
284
279
276
874
423
841
415
138
141
140
137
139
138
418
274
339
489
207
204
205
273
273
247
246
243
269
199
197
260
259
197
199
213
197
236
239
263
785
522
791
262
263
264
317
316
314
96
279
93
96
94
111
112
111
112
111
398
480
481
478
487
482
531
565
478
479
397
560
401
479
480
400
400
400
398
403
369
628
368
368
365
441
438
440
366
367
274
272
269
340
323
326
358
367
324
326
332
336
333
403
396
397
417
403
446
442
124
124
123
123
167
173
197
170
145
184
500
605
199
199
203
200
200
200
217
201
60
60
60
59
59
79
77
79
195
79
206
610
710
418
608
243
257
248
202
386
201
52
86
60
142
120
50
50
67
67
317
316
313
354
423
422
349
379
947
945
196
194
194
196
232
234
235
196
198
264
331
331
445
439
467
829
329
331
335
443
696
656
221
223
221
268
265
263
265
267
290
119
156
160
80
80
79
104
105
94
262
258
273
312
311
347
344
311
311
321
241
714
239
238
253
291
286
287
285
286
187
186
268
251
248
222
222
237
222
221
217
210
212
279
277
252
251
251
355
210
917
1277
1279
425
424
420
510
508
507
422
180
177
216
212
211
234
238
255
211
211
142
143
143
191
192
172
169
168
170
169
47
47
46
46
62
60
61
54
55
54
322
142
161
129
128
185
182
181
107
107
304
310
122
121
122
102
101
101
123
122
270
269
268
266
364
357
791
457
356
459
54
53
62
63
73
53
52
52
70
70
351
384
416
744
599
302
301
298
866
302
252
250
251
249
252
252
247
252
253
249
687
588
237
237
263
261
237
236
237
263
71
215
213
71
72
72
86
86
87
86
687
219
656
220
293
373
387
218
220
218
211
207
211
208
253
250
277
277
252
250
