1429
2563
846
854
1114
1130
1291
1652
999
2515
1708
2105
3137
3217
2573
1718
1840
2043
2087
2088
5352
3398
2583
3158
2580
3733
2575
2602
2595
3096
3552
3595
3525
3579
4229
3499
3526
3519
4092
3511
4464
4525
4511
4458
4438
4870
4462
4515
4483
4457
5465
5404
5354
5458
5845
5622
5396
5362
5408
5435
6486
6341
6322
6304
6313
6368
6409
6360
6344
6502
7609
7813
7280
7307
7256
7368
7249
7269
7269
7283
8681
8408
8576
9320
8224
8416
8226
8418
9121
8539
9234
9335
9199
9768
9280
9224
9302
9153
9201
9139
10120
10161
10191
10232
10202
10199
10536
10221
10441
10231
12044
12776
11221
11197
11158
11109
11103
11031
11111
11525
12553
12258
12189
12381
13622
13739
12201
12191
12183
12294
13171
13103
13333
18615
14000
13219
13183
13130
14083
13255
14340
14068
14122
14602
14311
15309
14172
14686
14251
14691
15025
17671
15893
15389
15094
15460
15044
20550
15858
18911
17352
16035
16369
16560
16173
16039
16196
16010
16382
16051
17561
17276
17192
17032
17125
17139
17584
17089
17304
17473
18005
18096
18055
18305
18095
18883
18911
18711
19048
18182
19473
19086
19248
19190
20034
19685
19845
19626
19492
19387
20156
20254
22348
20071
21350
20072
19906
19983
20565
20410
22125
21254
21296
22445
21845
21258
25684
21746
21096
25634
22736
22250
23179
24858
23589
22144
22264
22381
22280
22583
23270
23080
22910
23159
23252
23311
23650
24404
23174
23412
23988
24623
24174
24104
25130
24435
24426
24557
23957
23993
26111
26338
25489
25233
25473
25861
25238
25641
25325
25285
26840
26784
26323
27310
26720
27007
26640
26740
27808
26417
27760
27792
28628
27403
27159
27144
27466
27123
27191
27073
28150
28571
28152
28248
28085
28005
28176
29132
29428
28042
29183
29440
36148
29689
36004
30765
31329
30460
29325
29583
30625
31285
30206
34471
31631
30722
31760
32371
31663
30723
32474
31399
32723
32589
31652
32371
31423
31963
32471
32788
32250
32911
32113
32211
31997
33301
32656
32923
32348
32618
38365
33564
34168
33324
33112
33475
33472
33131
34043
33229
34376
37756
34546
34422
35103
35343
34173
34947
34062
36514
35297
35316
36849
35079
35561
35833
35285
35975
36125
36354
37009
36942
36384
36520
36276
36722
36291
36135
37654
36063
37824
39705
41062
37196
37306
38081
37755
37135
39113
37569
38011
38191
39696
38206
38685
39591
38811
38089
38698
38116
39279
39828
41391
39624
39922
40170
42763
40209
42893
40215
43375
40405
40974
41085
41490
40954
41582
41302
41266
41351
41694
41283
43545
41980
43721
43924
42184
41624
42166
42793
43105
42589
43566
44596
43915
42952
43232
42241
42376
42170
43969
47494
43888
44084
44353
44223
44874
44874
45011
44237
47087
45007
46237
48942
46620
46806
46665
45890
45875
50276
45809
47787
46597
45117
45859
46885
47674
45624
45703
45668
46895
46948
50650
47583
46610
51961
47357
47782
46407
47844
47551
48296
47983
48607
47835
47176
47098
47782
47347
47505
47919
48719
47746
53637
49202
49111
48431
48498
48814
48014
50376
49532
49956
50236
51814
50855
51928
53062
55890
56877
55868
57505
54898
55994
53889
53828
57293
55073
57049
56747
55906
58445
54584
53663
53240
59052
58018
57593
58071
57478
52795
54688
58694
53703
53299
52971
53317
61441
59996
58725
54286
54629
55131
54140
55344
54521
55117
54055
54049
53741
55715
55978
56032
54882
54934
55500
56527
55538
55257
55799
55792
58004
55867
59021
55982
57718
57167
56284
56056
56169
57503
59687
57623
62304
56267
58493
58382
57679
56795
57107
58427
58599
58362
58182
59873
58538
59688
58591
58699
58387
59297
59299
61419
59751
59578
59344
59201
64040
70671
62761
62171
61312
61364
60360
61385
61325
60976
60825
61137
60728
65287
61821
62608
65316
62504
61368
63490
82115
64560
61985
64208
64997
65161
62047
63912
62093
63824
64405
62111
64497
63272
65239
64797
65053
64942
64697
64286
64258
66172
64350
65742
69496
65903
65939
70133
66534
66672
65740
76260
68443
68155
65902
66025
66882
66921
66644
65722
67203
66520
66969
67619
72321
70979
68157
76090
66174
67465
68714
67221
66553
69433
73856
69093
70593
75097
82685
83936
74402
68428
67162
80028
69152
73353
70858
70099
72909
80686
77173
69407
69496
70360
69392
70339
95204
72644
71459
76800
74886
70378
72488
72083
78230
71498
70886
72206
70822
70373
80519
71123
72897
74414
80292
72003
73625
74444
72674
71708
75242
72923
73281
74306
90851
73641
73549
74843
73116
74648
72869
74187
72505
75023
74426
74170
74654
73087
75371
73426
74008
73118
75669
75264
76329
75437
77449
76236
77154
76190
78007
75323
74395
76436
76185
77101
75832
76626
75897
83172
85968
76081
76089
77252
78212
76006
78999
79083
84737
85310
76735
78453
82602
84963
84254
89282
83559
103408
80955
84814
81032
82314
104150
92886
79638
80028
79288
82094
84616
81736
82306
80014
79244
81415
81638
84003
80982
81351
80396
80546
86395
82262
81310
83358
84456
88452
85788
82139
93787
82335
81722
82994
85057
84793
82834
83773
87638
84784
87816
85648
84113
95090
86839
84244
85700
84268
85247
83898
86719
84677
84160
83107
83713
86752
87132
87799
88094
86986
83594
84076
87085
84753
85335
85968
87322
88757
85440
86248
87083
89070
86836
88039
88094
88975
88557
87732
88737
86738
87271
90037
88048
88462
85863
89662
88877
87827
91323
90151
90925
89144
89949
86010
89424
93440
90511
91327
103706
89140
89330
92201
91067
90295
92456
92561
88097
89638
90338
90041
88223
90381
92623
90676
92282
94747
95602
96422
92575
90699
92972
90932
92512
91873
101444
94363
92246
92835
95107
94795
94869
94131
94108
92967
93495
95059
94253
99900
93060
96855
91995
95696
94995
92397
92032
94166
92823
98083
92839
96273
95432
94188
94512
96591
92565
93375
95833
95298
93580
98651
96164
96683
96292
96236
96470
97356
97129
98197
97317
96406
93746
98507
94627
95284
96069
98090
97294
94595
98574
96589
106275
97207
100344
95932
100820
99262
99246
97710
96958
98106
99092
97088
97652
100407
98031
99536
104414
99167
98877
101250
96474
102222
99303
97671
98012
109207
100322
99618
101468
98747
99420
100439
99817
100265
98792
99532
103339
101085
102782
104372
100903
103220
100745
104616
104321
101034
104412
98924
100995
99775
101108
101246
101730
101532
103427
