3160
2600
1687
1124
1062
1305
1293
1273
1084
1087
3225
3391
2294
2199
2561
2662
2625
2435
2188
2224
3311
3336
3320
3400
3308
3305
3308
3314
3302
3294
4489
4496
4495
4535
4482
4521
4434
4534
4504
4506
5647
5719
5784
5636
5642
5734
5659
5715
5771
5710
6897
6954
6859
6798
6841
6859
6905
6942
6851
6901
8035
8032
8013
8131
8021
8147
8048
8102
8074
8056
9369
9276
9188
9253
9399
9183
9223
9356
9238
9238
10452
10473
10501
10487
10439
10455
10434
10443
10501
10500
11677
11688
11637
11712
11613
11714
11571
11713
11548
11794
12925
12749
12921
12861
12841
12769
12854
12940
13039
12787
13996
14008
14089
13905
14233
13989
14202
14045
14070
13907
15802
15540
15439
15384
15581
15542
15482
15430
15438
15419
16612
17211
16571
16673
16579
16561
16561
16549
17706
16435
17787
17853
18785
17954
17779
17912
17841
17982
17946
17868
18984
18841
19502
19297
19559
18963
19086
18860
20492
19280
20272
21176
20175
20807
20128
20327
20416
21145
20167
20382
21576
21469
21608
21588
21578
22566
21518
21520
21456
21361
22709
22686
22727
23709
22681
22672
22762
22804
22681
22641
24743
23886
23853
23746
23852
23975
23895
24069
24024
24019
25121
25103
25034
25201
25025
24822
25095
25050
25551
25160
26233
26374
26502
26341
26213
26511
26544
26493
26446
26586
27491
27580
27855
28974
27924
27578
27887
27656
27654
27562
28924
28739
28900
29986
28770
28908
28805
29912
28954
28832
30327
29891
30243
29956
30217
30056
30135
29900
30101
30184
31818
31769
31685
31714
31888
31534
32050
31685
31607
32272
33826
32726
33050
32924
32728
32454
32557
32756
32614
32520
33965
34198
34662
34266
34090
34023
33848
33865
34199
34238
35302
35225
35597
35154
35433
35299
35118
35429
35371
35125
36789
36578
36448
36488
36624
36662
36749
36623
36507
36565
38295
37547
37692
38657
38045
37710
38078
37667
38134
38138
39426
39297
39150
40159
38667
38902
38739
39329
38792
39007
39764
40001
39797
39804
39932
39919
40229
39833
41558
39864
41221
41477
41201
41218
41402
41348
41387
41942
41266
41276
43482
42748
42926
42899
42953
42728
42997
43394
42642
42543
43646
44884
43950
43754
43722
43904
43651
44141
44194
43803
45067
45032
45429
45664
45161
44991
45180
45335
44957
44843
46217
46221
46544
46555
46749
46617
46596
46317
46609
46618
47321
47422
47509
47970
47714
47823
48112
48097
47592
49515
48920
49168
49241
49179
49367
49130
50952
49049
49156
49267
50226
50729
50285
49939
50355
50463
49920
50778
50298
49941
51904
51435
51602
51450
51049
50989
51555
51386
51379
51796
52608
52790
53409
52453
52253
52279
54579
52363
52729
52386
53895
53802
54281
54316
53750
53829
53798
54285
54216
54479
55013
55742
55980
55412
55300
55320
55342
55226
54833
55087
56798
56594
57157
56347
56241
56461
56430
57018
56439
56668
57735
57522
57582
57995
57912
58235
57978
57773
58366
57907
58468
59064
59792
59324
58568
58853
58849
59745
58538
59109
60597
60814
60723
59901
59964
60106
60065
59791
59805
61275
61303
61129
61514
63539
61608
61233
62213
62636
61467
61374
62987
63368
63252
63077
63033
63215
65183
63061
63093
62925
66059
64375
64592
64688
65071
64784
65059
64447
64484
64258
66869
66533
66191
67416
65731
65987
65649
66206
65797
65451
67245
67138
66701
66376
66884
66251
66386
66662
66871
67013
68473
68153
68122
67939
68133
69156
68731
69834
68257
67927
69383
69682
69211
69709
69625
69504
70007
69721
69796
69728
71047
71701
70405
72831
73273
71015
73620
89610
72034
70886
73115
74819
72304
72589
74099
73914
73449
75043
90573
73779
90230
73867
73097
75136
74184
75197
76417
79135
76793
74496
83143
92112
91848
104709
76799
102315
77338
82736
83960
78127
80543
105986
81672
105669
77686
105629
78555
99779
102201
80949
77269
77893
110101
78442
77950
78084
78028
79142
78966
77197
85914
78705
83364
99582
79816
85079
109606
82052
109219
78167
81795
81377
78933
80372
80805
98202
86517
110400
88426
84504
106474
81017
80729
81091
81175
79986
82272
82223
81416
80699
82616
82577
82557
81735
81685
81637
81825
82253
84995
82051
82900
83077
82816
83943
82762
82787
82868
83000
83348
83637
84133
84487
85897
84359
92658
95721
83681
84787
85294
85935
85248
85681
86137
85556
88151
87883
86433
87311
86798
93638
89098
87527
93619
86943
87765
87183
88725
86899
92626
86880
90455
90355
89714
88538
91617
109002
89420
93420
91483
87455
89082
89197
89089
89307
89223
88324
89035
88833
88673
89439
90158
91241
92507
92166
90667
91475
89867
92131
92741
104301
98283
93020
95438
94980
93650
94180
92683
95642
94152
95019
93831
94030
92953
94170
94134
93678
98174
101666
94397
95963
97181
96044
94556
95255
94161
94407
93820
94722
95804
94632
96468
96591
98828
96554
101938
98905
99270
99359
97961
96926
98354
97570
97897
97616
96660
97322
97644
97357
99201
119895
128132
98579
99479
100267
100087
101428
101866
99399
108339
98244
116018
106403
123671
109157
106179
104441
107840
101533
104325
106125
102281
101653
102021
102278
104336
101257
140419
112736
104869
107708
111461
102503
101529
100869
105768
103837
103187
115061
106761
104721
105950
106853
110438
114213
104962
111366
107415
128309
103905
111267
106126
106026
105167
108185
108831
106216
128042
105502
119513
107835
109369
117776
112971
108647
106992
109463
109675
107613
131573
110817
116002
113479
110569
118750
111427
110506
139603
112687
112228
112693
129049
109449
118040
156663
125388
130684
115410
121065
110545
121783
118907
136751
113159
110000
109534
111441
112250
112109
109711
116731
112365
110596
112063
113300
114307
112569
112895
110999
135164
121496
114238
114685
115276
122759
118152
114727
114785
113486
114280
116396
114896
117962
115982
114276
116710
116323
115277
114595
115755
115615
115967
115657
116765
119029
118489
113737
118300
116384
120987
118775
116290
118431
115473
116992
118437
120119
119002
119796
119567
117189
123616
120580
121894
119200
118922
116552
119800
122513
119594
120032
121789
119922
123126
122362
122635
121591
121748
119706
121744
120170
122095
125277
122905
124611
124676
123768
123131
121309
123254
122256
124988
126231
121898
126358
122830
122897
123306
121720
122832
119945
124573
124551
125547
124853
125254
132900
123930
128498
123513
126603
125070
125754
127433
124581
126216
125899
126254
123212
128269
122654
128094
127488
129112
129310
128433
129942
128546
126718
130402
126310
