718
1824
1865
1845
632
616
1507
726
738
607
51
152
51
52
51
50
52
62
62
51
602
602
791
795
597
606
813
799
598
604
621
610
726
726
606
606
815
807
1917
1007
870
812
728
1045
1190
752
1092
1228
956
830
639
613
622
607
619
614
744
732
611
629
608
610
726
730
725
726
731
728
738
733
598
592
723
711
604
601
721
617
596
625
627
595
600
592
723
713
590
592
616
598
642
614
616
753
738
627
630
617
622
616
611
651
734
613
607
604
620
609
607
607
1773
1654
1202
588
887
1500
702
1473
599
1818
594
2178
1811
1003
891
1420
578
593
613
581
602
592
616
688
719
581
582
574
595
582
1847
1133
1721
611
1843
611
608
609
683
750
600
612
597
819
788
598
597
689
712
711
143
143
145
182
191
175
173
143
191
250
523
522
534
623
638
625
649
625
625
908
181
545
182
183
207
219
242
243
221
217
588
1841
1736
596
858
591
625
626
719
792
593
583
1038
699
724
696
723
700
700
708
1660
1552
652
652
648
748
649
1948
653
645
1685
555
574
678
674
674
672
674
677
556
585
705
699
1815
598
589
610
595
710
710
547
558
655
668
659
655
546
560
551
779
616
480
1190
482
499
1000
1063
1518
487
481
618
615
733
734
611
628
618
613
614
618
576
580
586
584
576
639
698
694
698
704
563
678
567
686
685
1703
1184
564
1728
1716
578
577
693
692
698
709
689
710
692
699
117
231
200
351
116
119
139
139
143
138
804
582
972
1073
982
852
560
578
677
689
49
50
148
150
50
51
66
67
60
60
108
108
129
127
129
131
128
130
127
153
52
53
53
68
69
62
73
63
61
62
212
168
164
71
84
84
83
97
85
85
538
644
641
638
639
639
645
641
642
640
577
712
720
580
592
692
698
569
577
630
514
515
514
680
679
516
511
522
520
1565
566
550
662
665
658
662
665
661
668
663
1957
754
681
1350
554
765
738
554
555
603
573
581
580
704
686
697
696
582
574
718
656
627
626
741
1950
632
632
759
756
755
454
541
543
457
454
536
540
558
548
469
103
122
124
127
126
126
123
124
125
148
542
1626
644
723
712
541
595
649
650
675
91
89
107
109
198
124
137
134
90
91
785
628
1157
1337
1612
556
553
656
659
553
490
555
571
553
547
552
554
461
460
549
579
720
858
737
1448
1820
578
581
717
693
169
166
170
170
171
225
225
200
203
201
53
64
70
65
64
64
66
78
64
65
428
424
422
507
508
513
513
604
427
423
603
610
592
819
796
597
593
712
715
843
440
468
587
583
440
1318
436
895
439
446
1895
619
641
622
625
749
758
745
748
760
591
588
711
701
700
697
595
990
1846
1922
389
389
465
462
464
465
470
472
466
467
54
59
66
66
72
73
66
65
66
162
66
82
79
80
78
79
78
79
79
79
441
493
530
906
589
892
755
660
442
444
391
382
1152
458
385
383
526
514
382
386
461
452
540
553
550
566
593
525
538
1056
581
583
691
694
589
1738
582
584
690
691
484
1499
483
481
1413
479
485
581
582
574
657
755
628
580
777
806
1500
584
582
1687
1206
1219
401
413
574
504
1019
500
407
406
537
1646
542
539
643
649
650
651
649
652
413
406
486
494
492
483
487
490
490
486
226
228
275
271
272
682
680
342
386
230
203
201
207
202
200
203
201
243
242
203
266
264
319
319
319
316
338
319
317
319
486
734
1479
653
671
587
590
584
583
583
64
76
76
77
74
86
112
122
86
92
158
137
153
53
53
63
63
62
53
53
1432
482
503
481
477
578
571
480
477
642
405
403
405
537
531
396
402
548
535
404
487
486
521
589
590
581
582
582
579
601
228
218
258
261
216
216
218
262
260
259
556
554
551
671
655
671
658
565
554
653
266
321
317
326
319
318
320
321
317
317
542
647
646
555
545
662
654
541
537
653
253
265
255
307
319
304
308
306
308
429
819
269
277
268
267
358
802
269
268
269
430
430
570
571
434
428
576
577
428
474
674
281
831
612
336
373
276
277
283
395
347
905
915
378
641
345
303
321
302
300
226
224
271
269
270
273
270
271
289
340
351
341
411
411
410
409
412
413
423
412
370
370
444
443
447
446
448
438
443
446
389
468
460
462
480
463
462
464
462
466
653
373
374
259
260
260
260
262
286
263
293
351
350
350
355
357
352
351
354
350
532
198
199
198
199
207
203
199
199
199
359
423
425
434
423
424
424
424
450
432
917
305
953
305
308
375
428
411
512
307
499
484
484
526
587
652
650
490
489
483
282
246
313
249
207
668
208
614
499
628
527
494
752
750
739
497
494
496
599
686
173
174
172
232
245
219
234
207
520
173
166
163
161
197
196
212
192
193
195
193
515
619
618
642
624
622
620
518
519
623
173
204
207
207
207
208
205
207
207
207
81
95
95
95
93
93
94
94
104
105
257
253
346
341
306
305
312
305
301
305
536
540
642
641
541
538
713
720
536
531
635
630
757
752
766
749
756
764
751
626
120
153
52
51
50
67
68
59
61
60
373
442
616
347
370
460
642
332
641
638
436
433
428
519
514
516
433
433
430
431
147
147
178
146
150
145
218
148
145
214
561
570
584
560
563
562
858
599
598
1013
254
251
266
271
254
250
255
253
254
252
379
379
418
382
375
415
391
381
398
493
392
396
396
394
391
396
396
470
474
473
207
248
248
208
208
252
248
248
207
206
172
206
204
204
203
204
204
376
293
228
158
265
240
237
257
443
200
213
159
162
136
137
136
161
163
166
162
163
163
164
285
348
342
364
347
346
344
347
349
348
197
335
244
167
491
165
164
166
165
217
662
671
668
889
843
663
666
794
802
669
326
308
309
371
371
373
374
374
375
377
1461
933
489
457
453
553
554
454
472
455
171
174
206
206
183
172
178
170
174
516
484
488
581
578
486
496
484
511
482
577
536
540
641
971
1058
536
541
648
645
537
626
633
627
622
745
881
652
961
1345
747
258
773
259
258
263
523
627
263
259
315
549
546
546
596
654
661
655
545
543
649
376
380
384
508
502
378
378
421
452
504
258
270
261
345
344
310
315
311
851
271
310
372
371
369
388
370
388
371
369
372
339
401
404
400
401
400
403
399
410
407
307
368
382
368
369
371
367
368
367
375
303
385
436
407
296
378
291
350
356
291
70
71
83
75
209
68
118
70
69
69
323
321
353
322
320
320
439
979
451
323
1643
712
957
550
548
593
661
730
734
547
156
153
154
209
204
158
156
204
208
183
129
154
155
165
154
155
155
155
156
157
284
323
324
325
326
325
327
323
324
325
360
426
426
430
438
430
441
425
426
431
103
124
123
125
123
123
124
124
155
308
311
313
371
382
372
389
374
373
371
371
213
213
282
286
252
254
255
256
257
256
544
535
651
646
538
545
646
652
545
536
153
61
122
51
50
50
50
51
80
119
921
960
315
338
317
361
449
423
332
322
462
452
484
545
557
550
544
547
547
548
574
576
687
696
691
689
701
579
584
696
277
331
329
332
332
328
277
366
365
328
751
434
582
578
542
522
523
519
524
525
178
177
258
235
231
212
213
215
215
221
317
305
404
406
363
369
365
367
367
372
165
494
261
308
284
222
220
164
173
165
360
358
427
434
429
566
373
613
711
360
937
310
1114
310
314
315
410
434
322
559
215
659
259
217
219
218
216
215
217
217
378
373
376
449
452
452
451
689
477
380
192
191
189
191
187
189
189
188
191
191
682
1157
386
398
466
465
396
386
386
389
267
262
262
348
352
277
264
314
319
316
508
606
609
608
608
614
603
515
503
606
232
245
235
278
280
278
234
697
231
231
122
128
123
122
121
121
120
122
147
145
455
1427
454
456
549
548
458
473
455
457
674
870
638
978
407
1267
544
543
410
411
207
206
205
203
217
205
245
245
248
246
54
54
67
66
65
77
65
66
66
65
292
351
349
350
351
353
350
349
356
349
338
339
342
451
545
414
391
407
445
453
484
476
640
639
482
484
645
637
485
477
263
264
317
314
318
315
315
317
313
318
204
201
270
269
253
240
241
242
243
240
175
175
234
233
209
209
208
210
210
209
149
147
195
196
176
176
176
178
179
176
463
481
565
558
559
549
555
552
556
617
64
62
64
63
76
76
62
200
189
64
894
989
502
478
479
485
479
486
477
580
462
1216
462
552
547
563
549
559
554
563
188
171
170
251
228
221
204
205
206
203
236
283
281
278
282
283
283
282
286
307
353
418
424
419
417
418
585
653
1131
351
110
109
132
146
145
131
130
138
131
133
307
419
397
291
273
330
330
826
664
660
612
603
740
722
607
604
610
609
623
604
350
348
351
423
419
422
420
431
588
352
397
389
473
465
471
467
469
471
471
481
269
451
188
205
160
161
159
159
193
213
658
672
652
652
659
879
890
654
656
784
148
159
158
337
442
152
148
177
179
178
579
668
682
671
674
675
677
667
672
695
314
317
311
413
415
376
374
390
375
376
297
347
352
353
350
351
355
354
351
352
81
96
97
97
98
99
96
97
98
98
109
109
130
127
107
107
109
140
147
125
336
350
336
399
404
403
411
401
406
405
393
383
379
518
510
393
382
456
458
457
319
533
951
443
467
432
395
795
318
702
1639
1411
548
555
661
662
574
545
557
569
804
707
707
407
496
832
415
409
407
502
255
511
509
251
253
253
254
925
253
251
418
836
839
420
416
555
559
419
417
496
337
418
408
403
406
405
412
406
411
408
431
536
514
431
433
520
518
428
430
513
466
453
449
543
543
451
454
598
598
452
68
66
66
89
90
82
99
166
89
98
832
277
332
330
328
463
292
386
294
730
276
327
328
419
490
733
758
246
247
298
191
229
232
231
230
227
229
230
229
231
510
629
609
632
1579
1583
513
513
618
628
260
259
369
344
261
258
851
391
386
259
278
273
290
272
286
275
271
372
363
277
297
574
553
174
176
175
174
171
172
173
659
667
656
652
652
656
663
654
651
651
242
243
242
324
326
286
296
289
289
291
102
122
124
122
119
122
120
123
122
119
195
209
476
249
424
140
142
141
141
141
144
82
81
58
57
57
57
59
57
58
236
239
243
237
285
283
284
286
284
289
559
556
750
738
565
565
744
751
560
565
160
160
211
211
181
541
160
161
211
212
265
261
318
314
262
266
316
313
314
315
129
127
155
150
154
152
149
153
152
173
425
410
412
552
547
412
413
493
492
492
243
289
293
291
291
297
299
292
289
297
276
340
336
337
282
280
333
337
336
344
443
1501
434
689
512
510
1323
441
437
558
627
535
529
608
474
472
469
363
353
355
269
88
132
118
116
89
89
133
206
177
764
317
317
378
377
382
376
379
377
378
119
141
146
141
139
141
142
141
141
143
518
611
510
501
609
607
604
626
609
605
467
463
626
617
465
461
551
553
557
553
182
179
248
237
212
211
213
214
214
214
107
109
126
108
351
128
128
128
131
107
165
162
69
54
74
62
86
109
112
163
813
261
260
261
261
314
310
314
312
311
164
168
219
220
197
197
195
196
201
198
141
139
171
167
166
167
167
169
169
171
191
190
191
457
192
212
228
225
229
229
293
314
461
878
702
290
290
353
347
349
205
244
243
246
244
248
243
247
245
249
96
117
115
117
116
292
291
96
98
97
996
335
342
399
396
395
394
399
394
401
402
1195
1184
1254
398
406
471
495
477
494
114
145
85
85
101
104
102
102
102
101
421
424
508
506
506
509
1274
845
620
424
493
490
484
583
597
610
744
561
510
584
477
567
572
571
575
581
575
588
575
584
231
277
275
275
276
276
278
275
276
276
360
436
438
432
436
442
433
433
433
378
54
63
63
63
64
63
62
64
63
62
74
95
100
191
177
223
74
74
74
218
679
226
238
552
341
340
229
229
224
228
1678
1671
552
558
669
870
676
663
793
915
91
276
271
133
200
91
268
88
92
91
55
53
65
62
60
54
54
156
158
160
104
103
104
104
102
101
135
138
123
123
314
313
438
416
323
312
372
375
376
377
888
509
295
893
298
292
294
296
393
390
412
403
406
486
539
543
408
406
463
490
223
223
267
265
268
267
267
266
295
295
471
467
640
623
1407
472
470
563
583
465
568
562
336
239
191
564
191
188
570
562
261
374
260
403
443
551
519
617
260
278
556
375
188
181
219
218
219
217
238
221
351
366
431
422
426
423
422
422
426
436
154
142
170
180
173
172
173
173
172
170
1393
1372
477
493
460
461
548
574
557
553
66
80
79
79
80
80
89
88
78
80
382
383
508
511
568
382
921
377
573
1169
153
152
153
152
182
183
154
155
152
202
206
277
204
281
344
263
242
245
243
241
262
796
265
265
274
349
349
315
320
316
509
1088
549
814
529
840
837
1521
506
505
1003
1681
585
854
559
563
1584
1481
525
542
368
369
124
125
166
173
192
185
233
475
1104
460
1413
459
465
551
552
557
555
458
52
62
63
63
63
64
62
62
63
64
242
323
320
291
289
291
292
307
728
726
603
711
854
1828
600
597
597
601
719
715
217
217
314
523
217
372
259
259
226
743
406
393
393
477
473
474
472
476
473
477
299
396
366
513
521
303
300
301
300
301
646
652
644
646
645
647
773
809
781
776
234
278
282
278
286
281
282
279
281
276
570
679
673
678
680
688
682
590
562
563
156
188
187
184
185
185
185
187
184
186
428
423
568
595
829
753
1295
1283
427
425
74
73
73
88
87
86
88
88
87
87
55
66
66
65
66
66
65
65
65
66
385
466
389
1168
463
386
384
384
464
520
464
464
464
467
557
642
617
476
473
565
614
584
590
701
733
704
701
1754
592
592
597
720
709
712
711
715
1507
710
711
717
178
211
300
178
530
178
529
530
178
533
275
276
277
276
279
276
275
331
332
403
417
174
173
174
209
208
210
211
207
208
397
1212
1198
533
539
472
480
475
473
480
1054
1003
337
336
402
401
336
334
403
398
63
64
63
63
63
84
84
63
64
76
634
737
745
734
752
1065
1873
615
615
734
340
337
332
336
335
333
333
333
353
334
1738
1744
1027
1003
591
579
699
700
579
600
53
53
53
64
63
75
177
54
65
53
267
268
324
318
335
319
321
321
319
320
267
267
265
355
356
317
321
319
319
319
273
832
826
274
274
328
326
327
331
329
176
210
212
212
210
211
213
210
212
232
76
74
76
230
93
225
76
76
76
75
641
636
667
641
641
649
659
641
642
638
334
317
316
379
384
379
381
381
384
378
256
258
775
255
255
258
257
339
338
255
569
702
686
592
569
686
691
680
686
700
103
153
109
448
139
123
354
102
102
124
329
399
394
399
406
399
626
397
399
399
696
796
802
819
796
665
673
804
757
669
541
1263
422
425
507
522
514
518
512
518
102
102
143
143
123
152
122
122
102
101
234
236
704
562
560
469
701
236
236
280
131
129
157
155
157
157
156
160
157
159
843
845
340
336
339
282
297
281
852
284
518
522
621
626
515
518
543
520
515
626
656
646
639
782
773
666
646
858
862
647
124
123
291
148
125
148
149
149
147
158
514
1018
612
965
1528
929
512
547
613
614
367
364
443
876
1087
1133
364
368
369
364
416
497
494
501
509
500
497
497
498
501
302
299
300
395
401
979
899
303
894
959
381
380
452
458
380
379
381
383
379
471
195
193
196
197
195
885
201
195
372
394
1067
351
465
465
418
466
763
587
353
1054
377
380
403
1129
604
767
380
809
381
503
353
353
362
1043
855
876
374
595
374
582
437
437
441
436
462
439
435
520
523
1393
538
515
514
686
682
516
517
512
625
620
576
579
711
692
782
601
578
650
696
697
253
302
303
472
319
425
438
352
251
255
163
162
197
195
196
195
222
195
195
197
1247
589
421
416
441
501
500
418
1247
1262
208
207
211
251
260
250
248
250
248
248
1653
976
1527
547
550
738
1646
1639
546
547
449
447
561
554
543
543
537
456
468
564
350
505
822
1047
333
336
332
331
333
349
1328
548
551
664
684
854
1185
948
849
663
294
358
350
352
353
293
291
326
352
351
110
139
129
130
128
128
144
142
133
130
496
489
657
652
495
499
794
595
491
744
184
181
184
223
222
219
217
219
217
220
333
334
400
396
397
396
411
396
412
397
319
1020
315
317
379
390
534
381
631
377
226
224
225
270
271
269
294
271
268
225
231
249
271
275
760
226
229
231
228
229
199
239
237
236
235
238
237
238
239
250
282
318
319
319
317
356
468
545
267
267
575
590
1731
586
1779
1769
575
872
861
580
403
484
484
481
481
483
484
480
484
482
328
489
330
332
395
391
404
517
328
975
437
146
150
178
177
178
177
177
247
147
349
1061
1036
1021
341
345
341
354
342
340
255
253
252
253
253
253
252
255
255
253
276
278
330
329
328
332
331
328
363
369
295
293
777
294
315
507
344
298
352
350
446
444
608
587
445
440
597
590
455
442
163
163
216
219
195
247
489
166
168
415
259
338
270
719
235
258
744
502
238
389
739
434
1383
1284
445
644
1281
428
431
431
317
315
318
317
319
316
316
315
381
443
259
259
778
259
262
259
258
310
308
312
271
273
328
326
326
324
329
324
329
323
522
533
570
504
651
760
378
378
396
381
68
67
68
81
82
82
108
137
102
179
214
71
70
70
71
70
71
70
212
239
234
231
232
233
235
277
280
386
310
234
229
241
228
303
303
293
274
281
273
274
313
951
928
937
312
417
415
313
313
414
221
220
218
293
289
221
218
262
260
260
220
266
267
264
265
265
264
712
727
663
586
578
729
696
605
583
582
958
658
849
147
428
143
285
142
140
141
192
188
174
109
132
131
131
199
247
145
110
333
108
52
54
53
70
71
64
63
64
63
65
1279
1285
1286
428
568
566
426
426
429
509
94
92
112
111
112
112
111
112
110
112
62
61
80
81
186
243
74
61
103
103
113
109
109
111
109
111
111
115
151
147
256
227
330
168
168
167
200
292
171
511
548
657
651
660
656
679
655
688
658
546
257
256
257
350
340
278
259
765
772
259
919
307
290
427
356
292
489
492
286
310
278
280
333
355
333
332
842
278
278
278
226
226
323
227
677
227
303
302
225
230
81
81
143
109
203
81
238
241
82
81
186
184
188
185
185
218
201
260
565
554
186
188
227
225
224
231
226
224
226
241
128
129
173
154
187
196
171
179
129
128
487
589
830
485
586
590
585
591
585
587
148
145
197
194
175
175
176
174
173
176
418
408
683
579
408
972
637
1000
615
406
506
498
560
602
878
603
1500
1494
516
877
228
228
233
305
304
275
275
352
680
687
549
242
243
245
183
182
182
184
182
184
352
348
347
370
352
348
348
347
372
349
313
311
370
370
371
381
311
310
369
370
170
171
58
58
69
70
69
69
68
69
855
918
862
534
490
589
377
347
296
286
201
68
206
68
69
83
81
81
81
68
305
306
915
305
305
307
306
304
306
306
524
523
525
693
701
530
524
702
694
523
157
156
157
209
213
472
469
158
157
156
306
305
306
304
308
304
304
303
369
408
209
253
250
254
287
276
249
251
252
250
432
790
427
428
515
516
517
519
518
533
144
172
172
172
143
142
188
191
172
143
562
547
840
463
464
463
467
461
480
461
750
433
629
503
247
250
250
246
245
248
304
296
149
149
177
179
149
148
224
442
141
172
166
168
168
169
168
189
168
167
201
202
241
241
240
239
240
241
240
240
466
474
1115
463
879
798
1401
1117
461
483
1116
454
705
863
1067
950
907
454
452
548
515
744
627
619
623
623
520
520
518
519
416
319
288
170
169
166
179
167
200
199
151
220
214
232
125
126
164
371
125
124
335
333
331
335
334
453
443
334
335
399
343
407
403
347
342
452
450
345
339
405
246
326
742
248
242
267
247
324
326
293
839
386
276
547
277
606
279
273
333
329
322
327
388
390
390
970
323
332
323
323
149
148
179
183
179
179
179
178
178
180
130
129
172
172
128
129
153
157
155
154
670
634
215
237
216
214
287
286
216
217
351
349
491
472
349
351
420
431
419
420
304
307
405
406
330
610
908
303
303
305
585
562
603
666
700
666
677
670
561
563
224
225
272
269
271
268
269
271
270
269
311
313
371
286
106
103
103
128
137
149
483
465
462
660
611
482
462
549
918
460
573
696
691
697
700
691
689
688
694
589
247
320
370
308
303
375
252
247
597
597
522
520
635
624
526
523
523
627
629
630
391
388
402
521
388
781
1174
396
390
391
613
614
611
614
619
611
615
1839
618
625
227
289
272
274
273
273
275
275
273
273
245
292
295
295
295
295
295
292
300
293
77
102
118
188
78
76
77
231
78
78
1597
527
1288
531
528
629
638
536
536
556
85
251
83
82
110
176
247
85
110
111
321
319
430
423
322
319
440
398
544
548
278
276
277
775
279
625
278
276
306
561
323
322
394
383
406
382
396
385
406
385
322
324
388
389
388
387
388
385
392
388
455
606
1370
455
455
547
551
544
547
545
280
336
338
333
405
333
364
560
418
419
483
484
484
1445
488
489
582
583
584
593
227
229
274
288
231
230
343
702
227
227
761
954
768
896
1633
547
545
548
567
543
151
183
180
180
185
178
181
179
190
180
231
277
275
282
278
275
276
279
275
396
371
375
373
445
450
444
446
447
447
447
453
437
434
524
526
437
439
587
580
441
529
530
673
642
638
633
640
648
640
636
273
271
357
361
323
322
324
322
323
324
67
67
82
81
82
80
110
196
128
68
456
457
474
457
622
609
548
1449
1408
455
119
140
142
143
147
142
161
141
144
143
157
158
156
131
129
130
158
157
154
427
154
154
189
186
198
189
189
185
189
191
55
54
64
64
65
64
66
65
64
65
543
539
650
641
642
640
652
645
538
533
174
172
172
207
209
207
208
208
207
209
237
80
135
135
95
96
95
96
95
96
174
175
60
58
78
78
69
71
71
69
306
304
366
521
466
363
627
1260
395
405
1292
430
431
894
431
600
1261
581
430
431
387
385
512
507
387
387
419
462
715
465
1912
635
657
641
643
774
768
764
772
767
72
86
96
85
85
86
85
86
87
85
144
141
171
168
171
169
171
173
180
169
453
455
597
607
454
452
611
605
469
452
471
470
574
564
474
470
637
630
472
474
358
360
480
477
358
358
480
477
358
359
454
547
545
547
546
546
758
551
727
680
208
209
251
248
206
207
493
205
282
212
204
201
201
204
202
205
205
204
290
266
718
649
704
726
531
527
640
633
529
526
532
536
648
643
645
656
643
665
641
646
241
295
290
294
290
290
292
290
316
349
325
107
109
130
129
130
130
128
130
128
166
196
200
196
199
198
199
199
215
196
187
185
251
248
185
185
222
220
222
224
530
527
632
633
641
632
543
528
651
636
1702
746
1082
956
549
1371
555
549
664
664
125
123
164
165
149
151
375
188
229
167
371
1101
1097
364
373
380
366
368
493
488
294
295
362
357
360
351
355
353
356
362
49
59
59
58
60
50
146
49
48
60
335
405
398
403
401
402
399
401
417
403
174
209
208
210
209
208
217
208
211
210
409
1212
1208
403
430
489
592
784
409
407
296
308
295
355
372
292
910
393
396
298
1387
465
469
553
568
554
577
563
555
556
53
53
53
63
62
62
63
62
64
63
252
349
261
379
310
257
764
752
249
503
198
202
198
197
194
201
197
196
195
201
439
536
533
538
526
538
526
540
527
533
465
468
472
620
625
465
470
617
627
476
240
238
235
318
314
238
235
282
284
283
224
383
224
221
266
268
224
220
223
268
237
235
235
313
315
284
283
287
292
283
352
430
421
425
433
422
432
427
442
421
156
189
185
187
188
187
189
186
187
188
203
245
242
273
248
295
203
202
202
206
102
150
100
101
99
143
136
120
120
120
335
505
662
638
336
336
334
334
332
351
118
119
208
118
205
179
178
137
118
142
292
351
353
352
351
349
356
350
352
360
186
233
224
223
225
223
226
224
225
222
114
134
137
139
137
136
137
136
151
136
296
171
173
120
102
119
119
120
120
121
151
163
479
150
151
150
149
197
198
198
683
682
678
822
813
678
679
814
813
686
586
582
707
706
709
711
704
718
706
977
744
247
252
249
382
350
246
414
358
401
360
124
120
122
122
120
119
122
119
120
265
260
260
314
348
348
316
317
314
320
90
88
116
118
104
104
106
107
104
104
113
109
131
130
132
130
134
130
129
131
270
267
326
323
320
322
319
326
321
321
117
119
116
139
142
139
141
138
142
140
179
214
213
212
220
219
215
212
214
212
515
1540
643
611
537
532
612
658
991
626
345
141
171
233
232
114
128
117
116
118
605
601
722
722
601
859
603
783
720
670
549
796
266
836
262
264
266
264
264
265
303
318
303
364
364
363
373
362
364
363
835
726
274
276
333
327
332
330
332
329
51
51
62
62
61
60
61
154
76
77
389
386
460
463
472
462
399
387
480
462
213
210
253
253
254
258
253
274
253
254
531
538
634
635
632
638
632
640
637
631
256
254
332
335
308
303
298
300
301
303
366
852
365
380
488
491
368
368
514
489
130
134
132
132
199
210
175
317
218
392
210
206
248
247
250
250
246
260
247
245
270
263
308
310
311
310
309
311
308
311
556
548
664
691
659
689
659
662
670
661
399
473
473
474
477
472
474
477
477
474
674
677
225
224
322
301
277
270
271
271
395
390
466
467
392
391
528
522
390
388
635
766
754
644
635
699
759
758
753
763
303
363
360
362
359
363
361
367
358
365
417
503
499
505
498
501
497
508
499
513
517
603
618
609
613
1565
761
756
1438
1526
1005
335
668
607
565
554
519
995
332
332
539
193
251
395
505
163
167
199
199
198
647
772
798
777
773
770
770
640
660
774
137
165
163
165
163
162
164
161
162
164
165
201
198
198
196
197
198
195
203
196
244
281
280
290
280
277
277
311
299
311
590
179
184
218
216
217
219
217
219
218
521
622
621
522
527
621
640
618
630
620
500
639
600
598
599
499
498
604
599
607
236
235
237
234
233
311
313
237
235
324
152
219
154
250
153
155
251
452
151
156
461
463
471
463
461
460
466
461
477
480
385
387
382
398
382
535
508
384
382
407
264
262
262
345
367
413
665
261
1000
264
449
445
450
533
551
537
546
537
546
540
305
303
363
365
378
364
363
366
360
362
521
530
627
626
625
647
521
528
610
633
596
512
598
197
199
195
197
197
545
313
1682
558
582
674
691
671
1680
560
915
1132
244
247
251
247
297
358
470
339
255
331
817
976
825
412
414
494
491
1227
413
1252
667
280
277
209
210
208
251
254
251
249
376
452
450
1129
382
396
453
453
453
450
82
82
97
98
83
247
246
257
159
278
1015
1016
336
334
401
397
400
399
416
399
279
276
336
343
332
330
331
332
331
330
194
206
238
232
236
234
235
232
234
236
659
212
633
210
210
211
213
210
254
256
523
705
818
655
957
689
662
505
502
598
228
225
226
275
270
274
273
273
269
274
115
136
135
136
134
146
136
135
135
133
150
151
180
181
182
201
200
358
150
225
271
267
267
323
355
268
301
267
337
320
1342
1358
543
537
541
537
453
450
451
544
248
247
247
329
329
247
247
328
331
247
549
549
586
655
676
783
669
618
549
545
643
268
264
319
321
318
444
264
560
319
124
122
125
123
123
124
124
125
124
152
374
524
744
905
301
384
362
400
363
303
162
197
197
205
194
197
197
194
281
266
317
314
431
421
318
314
423
420
320
316
434
503
518
527
521
520
521
530
525
521
498
598
500
996
1352
500
625
605
600
600
289
286
287
342
870
869
287
288
285
349
222
221
266
268
265
266
266
265
265
266
379
373
451
456
448
450
449
453
449
448
383
378
505
510
381
380
916
457
457
457
1994
814
814
864
614
1493
1236
1870
729
1081
608
203
199
486
486
203
209
244
244
245
237
237
258
336
318
239
235
339
316
238
254
303
305
302
308
304
303
307
303
306
142
198
245
320
265
394
134
132
175
178
120
119
159
159
143
145
142
146
145
146
103
177
303
104
101
123
122
122
121
131
167
201
200
200
200
201
203
200
203
200
504
608
607
602
618
601
605
600
607
600
348
358
344
426
414
345
348
427
415
350
379
96
145
268
186
164
192
95
94
128
141
174
171
172
172
173
178
198
209
458
75
91
90
89
90
88
89
90
91
75
1556
657
832
522
628
629
630
625
635
623
451
452
545
542
542
542
543
537
546
546
404
400
398
399
491
480
534
535
399
397
309
376
292
730
242
293
324
324
247
245
63
62
62
62
186
83
240
205
63
62
985
324
342
323
325
320
396
547
428
386
94
143
138
119
184
236
160
162
93
101
254
254
304
307
301
308
306
305
303
305
392
386
515
514
390
382
462
459
390
385
278
334
329
345
335
344
333
463
900
278
332
332
333
330
331
329
331
333
331
331
52
52
52
63
63
75
63
62
63
63
157
189
189
189
187
188
186
189
188
210
51
52
63
62
62
62
61
62
61
61
77
78
92
92
93
125
101
156
152
76
1588
919
531
534
577
528
642
635
528
539
232
235
550
319
229
377
577
336
612
687
100
101
102
99
300
100
100
117
98
120
752
729
325
291
242
290
292
244
243
245
139
137
166
166
140
149
166
164
166
164
198
196
238
235
238
238
240
239
241
237
307
312
372
370
372
373
374
372
369
374
948
320
314
322
317
421
418
333
316
375
247
314
299
296
296
296
296
295
299
293
373
445
441
446
443
462
444
378
369
441
294
350
350
348
351
349
353
351
353
346
77
230
163
92
115
154
157
78
77
93
1146
467
464
463
546
388
914
475
394
651
410
196
177
178
134
406
201
393
133
132
388
396
383
455
457
460
456
454
457
453
468
264
258
180
182
182
215
466
454
457
454
458
547
562
541
545
731
688
1076
1358
152
154
183
180
182
182
192
189
153
453
358
441
428
428
428
425
1062
357
509
464
1031
1051
1053
335
338
402
1009
355
1012
333
362
362
432
432
435
436
438
436
434
429
197
197
256
235
235
235
236
233
240
239
1306
1590
528
549
533
527
643
634
635
634
349
419
415
417
418
415
417
416
411
457
606
736
716
606
612
611
605
600
603
608
84
102
101
105
101
115
196
182
143
170
749
970
338
322
391
395
984
328
656
325
160
158
158
157
159
156
188
190
189
190
477
471
632
629
478
469
627
630
473
473
349
1064
772
348
353
417
422
422
418
426
379
921
373
1114
369
371
388
440
444
448
602
608
1819
1308
1795
602
605
607
1809
1331
212
210
252
249
250
231
209
626
278
417
1203
492
490
489
494
492
616
593
497
491
300
276
324
331
324
327
347
334
283
275
397
418
473
472
473
491
399
397
395
475
479
477
578
569
580
571
577
576
571
582
320
318
378
381
380
381
384
384
382
384
235
703
350
233
556
232
236
231
237
238
382
380
481
458
382
612
461
810
658
555
351
348
208
211
176
178
173
176
178
211
839
425
840
376
380
336
354
337
344
334
214
259
259
254
257
259
264
255
214
215
197
196
197
196
217
196
264
260
198
196
100
99
130
131
120
119
117
119
119
117
325
331
327
326
330
567
999
914
983
331
615
1855
1842
860
610
675
903
1033
680
1046
598
594
1763
706
789
781
591
589
662
706
206
204
205
246
275
272
249
246
248
249
314
318
438
419
403
385
323
948
332
315
296
288
292
349
393
386
289
291
289
349
336
336
403
403
401
402
403
401
401
402
532
550
635
659
643
642
644
639
1098
637
322
387
386
388
387
388
386
386
386
386
227
679
677
224
226
271
292
270
270
272
473
567
569
1435
1437
992
472
479
480
472
170
512
307
169
226
224
204
205
274
340
127
123
124
93
94
94
94
93
92
96
519
525
174
174
207
205
206
207
215
534
105
102
78
80
78
103
104
78
77
103
546
517
517
686
691
515
519
691
708
521
545
578
254
256
305
307
253
256
255
252
1059
1088
350
351
425
420
423
418
421
423
444
450
531
531
532
536
531
537
537
534
165
160
193
192
192
197
193
192
193
191
232
237
279
377
282
341
532
737
230
348
228
228
226
270
272
319
229
359
712
293
474
470
1418
474
469
1410
1440
473
480
467
171
168
169
169
231
225
203
202
204
201
465
472
465
557
561
562
560
471
464
560
185
220
219
222
218
223
221
247
220
218
484
980
1558
481
483
580
579
582
579
601
114
159
170
196
140
116
352
147
140
138
86
111
101
101
104
101
104
103
102
104
514
517
617
632
616
714
762
1025
512
512
343
1027
342
343
484
362
376
435
426
800
273
348
344
275
876
554
367
366
658
274
302
755
254
253
252
256
248
251
261
253
237
234
234
236
239
233
255
237
236
237
354
254
120
181
177
355
120
119
119
140
471
573
566
576
571
488
474
564
569
574
539
533
528
633
631
529
528
644
641
649
205
205
205
270
275
255
248
248
243
245
120
151
141
142
144
140
146
144
139
118
274
549
184
189
301
311
208
225
262
220
423
413
979
996
331
330
326
346
331
394
238
283
285
286
290
285
286
284
287
286
487
576
581
588
581
605
578
589
593
586
654
1994
658
634
633
655
1188
1995
632
652
64
63
78
77
85
85
63
64
99
85
124
122
299
368
365
124
165
167
146
148
234
233
310
308
236
231
278
279
277
277
333
336
443
333
333
335
447
447
336
336
397
479
474
473
477
475
473
610
591
682
112
111
160
152
152
134
133
135
112
152
760
932
310
315
372
368
310
307
339
366
370
373
444
441
444
444
449
458
451
442
103
102
124
123
122
120
123
120
123
122
397
395
471
475
583
475
476
1188
593
591
259
256
343
347
337
402
264
349
344
311
262
314
312
321
318
310
314
311
313
312
427
517
511
512
449
573
567
430
428
428
312
348
312
375
377
377
374
372
377
374
89
128
108
91
92
108
108
112
108
110
588
819
611
1648
871
704
717
1067
1381
581
193
192
193
191
229
257
256
242
231
231
80
98
96
97
97
97
96
97
96
90
439
440
518
523
527
527
527
524
437
436
158
157
211
208
157
158
213
208
159
158
481
587
571
579
570
575
589
573
578
573
315
376
375
373
375
376
373
375
376
376
56
67
66
66
112
197
68
67
67
67
242
238
237
285
285
287
283
287
283
288
251
308
335
223
225
680
225
226
223
224
718
481
667
663
510
570
778
713
1131
1433
117
114
138
137
142
140
139
139
137
140
309
308
373
375
371
371
385
938
312
311
1531
531
1026
764
1551
513
880
510
511
1533
71
87
118
172
146
72
70
70
112
71
78
238
79
77
96
94
94
95
95
95
64
90
77
76
77
77
77
76
76
77
1127
1322
466
441
529
524
547
525
537
525
102
100
133
134
120
194
134
151
121
121
364
438
439
367
432
1112
363
362
389
367
386
387
386
768
1194
698
885
459
469
385
305
316
101
102
102
102
102
122
122
125
122
146
147
144
144
147
146
144
146
154
417
499
499
504
510
507
499
498
504
503
67
89
80
79
80
82
81
81
81
82
291
336
337
338
346
339
340
339
338
337
1033
1581
1434
997
2256
2259
746
749
747
750
120
406
360
287
118
117
119
119
118
142
285
283
286
894
862
283
353
342
283
302
289
287
404
390
290
588
294
288
290
391
86
251
84
84
83
99
98
84
93
97
108
87
96
118
142
97
95
134
63
65
393
238
202
306
220
305
318
188
561
560
336
335
337
401
403
401
402
425
554
371
1224
983
617
618
410
415
406
409
410
413
84
120
84
119
74
73
74
86
87
86
245
292
294
298
295
292
304
316
393
391
252
231
157
243
218
211
407
134
399
133
225
677
226
226
268
271
272
269
281
271
505
168
227
226
258
389
189
226
239
167
1064
352
352
421
423
433
423
355
352
451
695
674
689
800
827
799
801
799
798
828
82
82
102
100
99
99
99
99
102
99
542
545
649
654
652
654
657
652
662
656
220
220
265
264
262
263
384
669
219
233
1559
1586
517
514
544
516
620
618
618
619
470
413
428
376
945
941
935
311
312
389
379
368
424
427
426
426
1117
535
534
356
186
223
220
185
185
231
224
221
236
559
341
341
337
339
361
339
342
408
408
406
69
82
85
81
80
83
69
202
164
70
673
817
2615
1643
2023
682
1629
677
674
692
563
1195
1297
1097
556
1680
678
561
565
569
430
431
429
522
518
514
519
540
522
428
308
304
349
367
400
366
362
372
458
853
489
493
490
597
591
510
490
595
591
674
263
313
313
318
325
315
311
318
311
313
627
721
723
735
717
599
595
726
723
718
514
502
598
599
605
596
616
594
601
593
364
364
121
123
160
160
145
146
147
145
757
724
875
837
724
775
868
871
899
867
346
455
695
348
345
1046
1043
1035
344
342
443
319
516
514
572
770
328
795
989
317
84
246
251
83
81
129
108
98
99
96
354
436
424
372
354
421
428
425
422
436
508
506
507
604
603
614
603
628
608
616
350
350
346
457
357
346
351
413
416
415
223
287
206
215
231
456
388
154
154
184
91
108
110
109
109
110
110
109
109
109
197
235
232
194
192
234
234
237
230
234
221
263
262
310
329
291
293
218
239
264
309
361
362
360
356
362
361
433
440
768
164
99
97
98
128
128
98
99
116
114
435
418
504
508
501
503
1016
420
416
503
145
172
188
171
240
475
194
189
172
172
98
100
117
116
117
116
118
117
118
116
599
594
715
1800
1791
628
594
718
711
727
248
245
789
243
246
296
308
295
313
292
386
463
464
460
478
628
587
391
387
386
656
1144
654
658
657
661
660
654
1095
666
426
151
142
141
140
167
169
188
189
168
125
132
56
165
166
56
65
67
65
67
719
707
704
712
862
846
707
706
851
847
252
251
251
249
249
254
249
250
252
248
771
504
505
500
505
497
523
504
502
522
185
277
469
188
186
184
157
263
529
466
279
282
420
280
282
284
289
267
265
264
313
321
333
464
154
154
152
177
252
208
1413
1132
475
474
562
566
468
471
562
570
811
543
806
537
764
1004
543
919
556
621
407
623
626
562
473
544
410
1223
410
406
284
284
339
343
338
339
339
340
340
340
347
350
419
423
353
347
469
468
349
352
555
668
669
668
668
672
678
667
666
666
316
380
377
403
381
340
318
378
379
317
686
681
683
682
706
678
823
815
674
697
702
2102
1056
1059
698
1802
1200
1204
700
701
916
409
407
408
307
307
408
406
306
305
91
90
117
120
105
107
109
109
183
216
488
493
491
615
589
509
493
598
588
502
91
89
91
90
90
154
153
90
94
135
629
787
944
633
1882
1085
1484
629
973
1897
194
193
214
197
194
252
232
192
212
233
85
102
103
103
100
102
102
102
102
101
517
629
627
696
693
627
624
543
538
669
414
399
1173
1432
396
402
399
481
501
476
75
75
75
120
100
88
91
90
90
91
505
594
591
503
490
588
1445
489
586
588
687
1279
887
372
364
365
365
367
362
365
591
679
551
435
438
465
380
362
362
358
617
614
629
614
611
617
613
649
615
615
477
949
947
474
474
577
568
572
565
473
439
439
442
552
529
457
437
527
524
506
1426
789
776
459
456
577
546
561
549
549
496
1455
836
829
488
484
581
594
580
584
608
738
729
607
613
730
728
608
607
731
510
507
1535
512
521
505
676
672
511
508
626
710
761
921
759
628
622
628
628
625
163
159
197
198
190
190
194
189
220
199
900
405
600
919
298
323
459
425
726
298
625
744
750
628
622
762
749
633
625
749
373
364
360
433
432
432
430
436
437
429
560
566
560
674
670
561
561
669
673
558
246
249
245
294
294
297
298
316
295
297
515
895
292
882
289
308
882
441
459
438
351
346
459
468
349
348
462
460
345
350
925
465
463
389
368
306
307
384
366
321
337
1203
335
957
403
336
334
353
335
333
348
359
416
575
581
483
484
568
675
523
91
272
91
92
91
92
124
123
109
112
341
336
403
404
404
401
400
402
338
334
86
86
103
101
116
115
95
136
135
255
597
597
614
651
708
797
793
595
686
792
589
580
715
687
723
689
573
577
711
687
641
246
213
213
257
258
632
492
214
214
682
271
268
278
270
268
266
371
722
298
573
565
566
575
573
562
676
700
681
679
224
268
267
228
222
267
266
269
266
720
303
525
279
387
440
605
534
860
834
840
542
537
716
653
536
536
644
663
539
536
426
512
507
421
422
420
509
523
504
511
144
145
143
143
183
172
201
193
183
171
364
359
436
430
477
480
360
361
385
437
259
255
311
392
442
778
259
259
515
525
1435
1466
477
479
492
478
488
573
584
607
278
275
278
278
277
273
332
351
330
341
338
404
404
402
405
407
418
338
338
406
357
425
434
423
445
424
434
427
430
528
364
328
342
189
190
112
111
113
112
112
784
554
1687
1643
550
549
660
657
611
684
420
420
558
558
418
420
554
558
422
419
223
221
296
296
243
223
267
267
266
287
502
495
605
597
607
593
598
595
510
501
305
305
402
400
302
300
404
401
302
303
232
234
280
287
283
344
343
331
234
232
401
399
445
477
529
481
481
481
481
479
517
517
611
617
617
616
652
613
624
613
145
133
162
167
162
161
134
134
134
173
455
457
459
545
548
554
548
560
550
705
364
385
482
964
322
388
389
325
321
357
217
652
644
649
218
215
215
215
217
259
354
432
425
353
356
444
424
357
358
435
194
582
196
256
259
578
385
192
256
576
432
367
369
214
214
215
214
214
283
287
362
364
481
466
363
361
432
429
436
457
548
652
646
673
650
539
541
646
647
539
330
329
393
393
587
370
657
984
328
576
284
281
335
334
469
281
735
279
280
337
227
175
159
101
278
237
256
193
103
190
502
302
566
380
416
570
379
404
394
496
170
245
304
253
241
227
242
356
224
248
216
214
213
216
215
227
226
217
215
215
559
555
559
752
559
579
557
577
558
561
414
385
387
846
321
327
385
395
321
323
383
127
126
154
152
172
172
168
153
152
404
417
410
488
493
520
486
418
423
624
603
600
421
400
506
479
402
402
486
480
886
1950
766
2147
781
1353
1303
759
774
757
522
526
538
526
527
547
528
563
527
550
131
128
128
127
126
145
154
386
198
132
598
598
714
720
716
712
599
1792
1787
1836
481
478
582
575
480
482
579
574
580
602
232
230
284
278
279
276
280
277
279
278
100
99
130
132
98
99
118
117
118
118
219
242
258
272
262
272
265
281
261
260
54
56
66
67
58
131
130
55
53
55
1263
524
522
529
525
542
843
667
606
524
307
305
306
304
306
305
303
342
368
411
1151
1060
526
526
636
630
742
1376
1254
520
166
200
195
198
199
198
196
197
198
199
505
603
605
618
605
653
607
516
508
603
144
171
173
144
142
171
170
172
171
172
92
99
280
91
93
113
110
112
111
279
303
302
301
402
406
302
302
403
400
305
506
505
508
609
619
608
630
605
611
606
880
688
847
822
767
762
917
936
689
683
1161
1161
405
394
389
467
465
388
762
482
451
896
684
1386
450
452
450
449
451
449
274
273
288
275
273
272
329
330
331
356
172
202
203
513
263
171
170
210
205
226
348
348
349
413
423
489
447
413
701
350
409
162
205
480
137
139
136
136
184
181
353
349
423
440
421
419
425
418
423
417
417
1230
1203
585
397
498
589
680
1027
966
387
364
444
443
452
436
438
440
440
473
116
113
115
137
136
138
136
138
134
144
356
250
346
424
589
230
593
231
230
230
517
523
515
517
629
620
515
514
515
616
630
638
754
756
746
754
777
760
757
752
1174
457
452
453
451
451
451
456
450
455
383
456
456
452
455
453
458
452
458
455
207
206
207
275
274
256
246
247
628
207
304
303
432
403
303
314
461
564
304
302
56
55
54
66
72
72
65
66
66
65
725
696
2132
695
704
700
1391
1403
700
698
953
470
567
643
517
463
645
469
732
657
811
261
261
280
295
260
310
313
264
255
456
461
455
475
550
549
547
554
573
550
258
257
348
340
309
306
325
307
305
306
523
522
621
625
521
522
736
610
522
522
132
158
168
159
158
157
161
160
160
158
119
154
145
144
143
140
142
141
143
142
242
295
294
294
291
293
293
295
292
294
273
324
343
324
334
326
344
326
335
325
781
954
932
775
789
1086
2450
792
784
774
109
108
110
146
143
128
429
143
196
108
742
248
306
296
336
297
316
298
322
298
467
527
981
648
1393
467
463
560
557
462
438
437
431
437
439
431
520
533
527
525
1461
494
487
578
577
485
482
582
581
574
449
450
592
592
444
448
593
596
448
445
335
401
398
400
398
402
397
405
398
399
151
179
177
180
177
180
178
182
178
180
682
824
812
819
829
817
813
825
811
816
551
548
541
659
667
654
654
669
649
656
1210
606
407
403
401
404
400
402
406
407
511
584
487
795
268
557
851
797
265
267
986
922
559
687
1102
627
499
489
492
494
524
524
522
599
523
524
637
629
625
632
77
234
78
79
93
93
94
92
94
95
772
771
940
919
768
771
1845
2304
768
1045
280
275
335
331
336
334
333
331
332
328
274
272
325
325
325
328
327
326
326
324
612
520
911
347
489
349
521
755
433
538
1039
348
347
350
349
419
1050
1058
348
349
449
445
550
537
465
705
986
695
698
462
295
243
499
166
267
165
163
163
198
203
471
466
562
563
469
469
626
595
468
465
163
161
193
193
193
192
195
193
194
192
371
1107
1113
369
474
1106
1155
369
372
366
516
722
510
790
1063
1338
1566
515
512
714
257
306
788
257
269
258
259
258
319
308
458
461
454
458
469
456
456
547
550
468
388
386
466
461
465
467
464
474
465
391
1257
1149
395
395
531
523
395
398
526
526
416
413
494
495
414
411
491
497
510
493
497
868
993
494
597
1496
494
514
494
512
241
238
290
287
338
401
773
384
240
239
1331
891
793
999
790
519
519
859
625
624
366
364
367
512
488
368
395
403
401
521
1854
610
611
608
608
1845
1065
610
754
729
713
860
891
855
856
711
713
711
715
849
268
266
318
323
323
326
320
322
538
1138
919
448
446
467
443
447
445
478
448
483
499
591
597
494
701
489
468
563
588
583
