0 28
0 43
0 23
0 23
0 23
0 23
0 28
0 27
0 27
0 29
0 25
0 23
0 23
0 23
0 26
0 27
0 27
0 22
0 23
0 24
0 24
0 23
0 23
0 23
0 23
0 31
0 30
0 24
0 24
0 22
0 25
0 22
0 22
0 23
0 28
0 26
0 28
0 27
0 28
0 28
0 24
0 24
0 23
0 22
0 23
0 24
0 30
0 31
0 27
0 27
0 24
0 23
0 23
0 22
0 30
0 31
0 30
0 27
0 28
0 27
0 23
0 23
0 22
0 22
0 30
0 31
0 30
0 30
0 30
0 27
0 24
0 22
0 27
0 28
0 28
0 27
0 28
0 32
0 31
0 30
0 30
0 29
0 29
0 30
0 29
0 28
0 33
0 33
0 31
0 29
0 26
0 25
0 25
0 34
0 33
0 33
0 34
0 34
0 32
0 33
0 32
0 30
0 25
0 30
0 31
0 31
0 32
0 29
0 79
0 27
0 28
0 26
0 28
0 25
0 25
0 25
0 32
0 31
0 31
0 32
0 29
0 27
0 32
0 34
0 32
0 83
0 38
0 64
0 65
0 28
0 29
0 30
0 32
0 33
0 32
0 33
0 33
0 33
0 32
0 34
0 29
0 27
0 28
0 28
0 36
0 36
0 36
0 33
0 33
0 33
0 29
0 28
0 28
0 37
0 36
0 37
0 32
0 40
0 33
0 33
0 40
0 27
0 34
0 33
0 33
0 37
0 37
0 35
0 34
0 33
0 29
0 28
0 28
0 28
0 37
0 52
0 37
0 38
0 34
0 35
0 30
0 28
0 28
0 37
0 38
0 39
0 30
0 43
0 41
0 42
0 32
0 40
0 39
0 38
0 39
0 41
0 29
0 30
0 29
0 36
0 31
0 30
0 29
0 30
0 30
0 36
0 37
0 51
0 68
0 91
0 31
0 41
0 41
0 42
0 30
0 41
0 30
0 48
0 47
0 34
0 41
0 88
0 36
0 89
0 62
0 31
0 32
0 31
0 42
0 39
0 38
0 36
0 36
0 36
0 63
0 50
0 36
0 31
0 30
0 45
0 94
0 31
0 31
0 30
0 40
0 40
0 41
0 37
0 36
0 37
0 32
0 30
0 31
0 41
0 41
0 40
0 41
0 41
0 40
0 37
0 34
0 31
0 38
0 37
0 39
0 38
0 38
0 42
0 42
0 37
0 32
0 31
0 32
0 32
0 43
0 43
0 42
0 38
0 39
0 37
0 35
0 32
0 33
0 44
0 43
0 44
0 43
0 44
0 42
0 44
0 34
0 38
0 39
0 40
0 43
0 44
0 43
0 40
0 39
0 39
0 36
0 33
0 37
0 50
0 60
0 50
0 51
0 43
0 42
0 40
0 36
0 35
0 34
0 36
0 41
0 63
0 60
0 38
0 54
0 112
0 35
0 35
0 36
0 36
0 35
0 47
0 47
0 47
0 108
0 104
0 38
0 36
0 43
0 43
0 43
0 44
0 36
0 36
0 37
0 36
0 38
0 36
0 51
0 49
0 49
0 44
0 45
0 44
0 46
0 45
0 42
0 40
0 40
0 39
0 53
0 53
0 53
0 49
0 50
0 47
0 45
0 43
0 57
0 56
0 56
0 52
0 50
0 52
0 52
0 62
0 47
0 45
0 44
0 68
0 124
0 93
0 60
0 61
0 47
0 60
0 50
0 49
0 49
0 49
0 49
0 49
0 59
0 60
0 58
0 64
0 55
0 53
0 62
0 63
0 68
0 80
0 52
0 71
0 53
0 70
0 81
0 100
0 120
0 78
0 78
0 87
0 87
0 86
0 59
0 58
0 64
0 64
0 76
0 75
0 79
0 77
0 76
0 77
0 77
0 76
0 72
0 68
0 69
0 69
0 69
0 93
0 92
0 92
0 84
0 84
0 80
0 78
0 77
0 88
0 79
0 93
0 93
0 93
0 94
0 94
0 128
0 127
0 126
0 125
0 126
0 151
0 151
0 151
0 151
0 157
0 264
0 233
0 237
0 235
0 315
0 309
0 312
0 280
0 283
0 278
0 304
0 303
0 365
0 364
0 365
0 362
0 365
0 367
0 365
0 362
0 314
0 326
0 309
0 414
0 438
0 376
0 378
0 370
0 376
0 375
0 319
0 315
0 315
0 314
0 414
0 419
0 417
0 379
0 379
0 418
0 332
0 989
0 1000
0 660
0 588
0 982
0 621
0 1041
0 332
0 330
0 330
0 330
0 330
0 477
0 1044
0 718
0 982
0 328
0 496
0 515
0 319
0 319
0 320
0 386
0 384
0 383
0 382
0 317
0 321
0 319
1 306
1 305
1 305
1 305
1 407
1 426
1 306
1 306
1 421
1 406
1 289
1 286
1 381
1 382
1 378
1 360
1 348
1 386
1 380
1 383
1 276
1 279
1 276
1 368
1 365
1 283
1 278
1 273
1 278
1 274
1 329
1 273
1 269
1 276
1 275
1 275
1 361
1 339
1 550
1 579
1 269
1 355
1 352
1 354
1 268
1 265
1 286
1 262
1 263
1 269
1 258
1 261
1 267
1 258
1 266
1 259
1 259
1 261
1 362
1 261
1 249
1 357
1 252
1 355
1 393
1 278
1 266
1 766
1 749
1 751
1 247
1 249
1 245
1 246
1 260
1 241
1 245
1 271
1 244
1 296
1 253
1 245
1 245
1 243
1 246
1 249
1 247
1 328
1 327
1 330
1 248
1 247
1 334
1 329
1 328
1 328
1 332
1 295
1 314
1 292
1 249
1 245
1 323
1 321
1 325
1 297
1 292
1 297
1 297
1 295
1 243
1 244
1 245
1 242
1 290
1 242
1 328
1 322
1 338
1 291
1 245
1 742
1 732
1 289
1 291
1 350
1 246
1 252
1 248
1 244
1 243
1 241
1 271
1 300
1 294
1 290
1 766
1 240
1 243
1 722
1 242
1 245
1 242
1 242
1 576
1 728
1 362
1 363
1 248
1 251
1 245
1 242
1 728
1 488
1 478
1 243
1 241
1 241
1 413
1 452
1 242
1 290
1 726
1 368
1 289
1 294
1 289
1 291
1 291
1 291
1 302
1 241
1 309
1 303
1 331
1 317
1 294
1 313
1 302
1 317
1 242
1 242
1 242
1 245
1 291
1 294
1 291
1 303
1 302
1 301
1 243
1 243
1 242
1 321
1 325
1 321
1 242
1 242
1 909
1 293
1 240
1 238
1 239
1 240
1 238
1 286
1 284
1 288
1 287
1 357
1 267
1 236
1 361
1 358
1 241
1 239
1 242
1 239
1 239
1 239
1 239
1 241
1 236
1 287
1 288
1 285
1 285
1 283
1 765
1 349
1 345
1 346
1 239
1 390
1 346
1 236
1 352
1 351
1 351
1 236
1 267
1 240
1 329
1 235
1 235
1 287
1 284
1 284
1 311
1 284
1 240
1 230
1 233
1 309
1 308
1 373
1 277
1 282
1 281
1 279
1 241
1 230
1 233
1 236
1 311
1 310
1 287
1 287
1 288
1 278
1 230
1 277
1 276
1 276
1 313
1 309
1 305
1 274
1 279
1 275
1 228
1 234
1 312
1 304
1 318
1 285
1 274
1 282
1 279
1 279
1 227
1 228
1 272
1 272
1 272
1 291
1 277
1 303
1 304
1 305
1 224
1 226
1 302
1 299
1 311
1 270
1 284
1 300
1 428
1 308
1 227
1 230
1 279
1 279
1 313
1 271
1 273
1 300
1 307
1 299
1 226
1 230
1 281
1 270
1 272
1 435
1 600
1 644
1 227
1 227
1 672
1 227
1 226
1 224
1 267
1 309
1 267
1 268
1 269
1 267
1 224
1 223
1 295
1 297
1 299
1 228
1 385
1 232
1 712
1 269
1 225
1 234
1 249
1 229
1 226
1 323
1 266
1 265
1 223
1 229
1 285
1 218
1 251
1 222
1 215
1 263
1 263
1 262
1 260
1 262
1 230
1 1063
1 351
1 729
1 280
1 684
1 658
1 291
1 665
1 340
1 224
1 227
1 217
1 438
1 324
1 326
1 325
1 225
1 215
1 217
1 221
1 224
1 262
1 258
1 223
1 426
1 294
1 213
1 328
1 217
1 365
1 343
1 348
1 219
1 282
1 285
1 286
1 210
1 211
1 224
1 698
1 210
1 656
1 276
1 212
1 212
1 212
1 255
1 266
1 265
1 211
1 211
1 256
1 250
1 256
1 263
1 251
1 263
1 252
1 256
1 218
1 210
1 276
1 284
1 279
1 278
1 279
1 281
1 252
1 253
1 223
1 218
1 209
1 292
1 281
1 307
1 278
1 283
1 281
1 286
1 209
1 208
1 323
1 312
1 316
1 263
1 249
1 280
1 278
1 277
1 233
1 206
1 625
1 502
1 366
1 275
1 296
1 280
1 271
1 270
1 207
1 206
1 273
1 274
1 274
1 273
1 247
1 246
1 256
1 269
