0 138
0 39
0 39
0 37
0 44
0 47
0 38
0 38
0 37
0 45
0 39
0 38
0 37
0 36
0 46
0 45
0 44
0 37
0 37
0 59
0 39
0 45
0 51
0 52
0 50
0 44
0 45
0 37
0 39
0 54
0 39
0 40
0 38
0 36
0 51
0 37
0 60
0 47
0 65
0 39
0 40
0 113
0 41
0 38
0 37
0 46
0 45
0 42
0 41
0 59
0 39
0 38
0 37
0 46
0 46
0 68
0 64
0 42
0 46
0 41
0 115
0 37
0 115
0 40
0 37
0 37
0 38
0 37
0 39
0 40
0 50
0 39
0 56
0 83
0 94
0 40
0 39
0 68
0 45
0 89
0 38
0 38
0 85
0 121
0 37
0 53
0 39
0 44
0 50
0 119
0 41
0 38
0 39
0 37
0 38
0 51
0 50
0 50
0 73
0 68
0 39
0 39
0 38
0 45
0 44
0 45
0 48
0 114
0 90
0 57
0 116
0 38
0 38
0 37
0 39
0 38
0 37
0 38
0 38
0 37
0 40
0 39
0 39
0 70
0 40
0 39
0 45
0 128
0 119
0 41
0 40
0 39
0 41
0 39
0 47
0 47
0 47
0 40
0 39
0 53
0 122
0 80
0 69
0 50
0 48
0 51
0 47
0 48
0 121
0 40
0 41
0 44
0 123
0 131
0 41
0 99
0 127
0 42
0 42
0 41
0 42
0 41
0 41
0 41
0 39
0 43
0 41
0 41
0 45
0 40
0 42
0 40
0 49
0 48
0 51
0 41
0 41
0 43
0 41
0 41
0 42
0 41
0 56
0 55
0 49
0 49
0 48
0 50
0 50
0 42
0 43
0 40
0 76
0 47
0 83
0 64
0 131
0 130
0 41
0 42
0 45
0 55
0 57
0 58
0 99
0 55
0 84
0 84
0 43
0 43
0 128
0 101
0 42
0 42
0 53
0 56
0 55
0 43
0 55
0 42
0 58
0 57
0 56
0 43
0 43
0 44
0 51
0 51
0 42
0 43
0 47
0 56
0 43
0 55
0 53
0 52
0 53
0 53
0 54
0 133
0 45
0 46
0 44
0 53
0 53
0 138
0 45
0 45
0 46
0 43
0 47
0 46
0 47
0 46
0 56
0 56
0 62
0 138
0 46
0 47
0 49
0 46
0 46
0 46
0 55
0 56
0 56
0 64
0 62
0 56
0 48
0 57
0 56
0 57
0 64
0 57
0 57
0 61
0 57
0 143
0 51
0 49
0 48
0 59
0 58
0 61
0 57
0 76
0 73
0 72
0 52
0 50
0 55
0 76
0 52
0 150
0 85
0 69
0 126
0 70
0 153
0 72
0 150
0 151
0 174
0 100
0 89
0 50
0 50
0 64
0 198
0 131
0 68
0 152
0 51
0 53
0 53
0 52
0 53
0 69
0 54
0 70
0 56
0 160
0 157
0 53
0 54
0 52
0 63
0 63
0 177
0 59
0 98
0 113
0 58
0 58
0 58
0 57
0 56
0 75
0 88
0 195
0 99
0 130
0 129
0 65
0 65
0 65
0 79
0 78
0 71
0 70
0 84
0 82
0 83
0 86
0 70
0 213
0 94
0 93
0 114
0 92
0 76
0 114
0 113
0 114
0 76
0 76
0 91
0 90
0 81
0 81
0 80
0 105
0 328
0 248
0 81
0 79
0 110
0 106
0 86
0 84
0 83
0 119
0 107
0 111
0 115
0 133
0 106
0 114
0 94
0 85
0 258
0 170
0 167
0 85
0 85
0 86
0 86
0 85
0 88
0 85
0 84
0 98
0 114
0 86
0 86
0 90
0 87
0 86
0 90
0 92
0 89
0 89
0 91
0 88
0 87
0 90
0 89
0 90
0 100
0 118
0 119
0 118
0 100
0 98
0 99
0 131
0 132
0 131
0 119
0 116
0 139
0 140
0 152
0 123
0 122
0 159
0 156
0 135
0 141
0 168
0 166
0 169
0 167
0 189
0 280
0 207
0 280
0 282
0 154
0 150
0 180
0 181
0 197
0 153
0 154
0 181
0 184
0 182
0 171
0 171
0 206
0 210
0 172
0 171
0 512
0 346
0 294
0 307
0 621
0 634
0 250
0 275
0 209
0 247
0 447
0 408
0 538
0 206
0 266
0 268
0 264
0 273
0 264
0 263
0 288
0 398
0 267
0 654
0 299
0 296
0 295
0 297
0 295
0 295
0 358
0 352
0 352
0 368
0 668
0 473
0 661
0 661
0 476
0 724
0 862
0 635
0 480
0 717
1 637
1 618
1 600
1 596
1 595
1 600
1 890
1 1231
1 595
1 618
1 587
1 567
1 672
1 675
1 562
1 592
1 563
1 567
1 590
1 591
1 546
1 568
1 549
1 549
1 571
1 573
1 542
1 685
1 667
1 548
1 542
1 543
1 541
1 651
1 656
1 545
1 565
1 648
1 652
1 654
1 579
1 543
1 535
1 660
1 666
1 551
1 538
1 644
1 644
1 539
1 531
1 528
1 535
1 531
1 527
1 564
1 529
1 575
1 645
1 641
1 530
1 626
1 650
1 526
1 521
1 525
1 638
1 625
1 548
1 804
1 541
1 1061
1 693
1 699
1 523
1 545
1 516
1 519
1 513
1 525
1 516
1 511
1 518
1 517
1 518
1 516
1 1617
1 519
1 516
1 511
1 529
1 507
1 521
1 617
1 616
1 609
1 614
1 513
1 518
1 619
1 528
1 509
1 508
1 507
1 612
1 779
1 1521
1 1243
1 1518
1 1552
1 712
1 514
1 509
1 517
1 896
1 551
1 1148
1 520
1 511
1 618
1 499
1 500
1 1517
1 1004
1 763
1 774
1 1236
1 503
1 724
1 784
1 701
1 630
1 940
1 514
1 747
1 1006
1 966
1 504
1 771
1 1490
1 498
1 525
1 499
1 634
1 594
1 605
1 675
1 1563
1 1448
1 497
1 509
1 492
1 525
1 504
1 498
1 588
1 1594
1 750
1 516
1 493
1 492
1 616
1 592
1 597
1 1560
1 1867
1 1534
1 502
1 495
1 1575
1 479
1 471
1 570
1 565
1 565
1 594
1 603
1 584
1 571
1 563
1 482
1 577
1 561
1 475
1 479
1 470
1 476
1 570
1 573
1 566
1 473
1 473
1 496
1 470
1 471
1 478
1 472
1 474
1 488
1 472
1 474
1 470
1 479
1 479
1 465
1 466
1 482
1 470
1 563
1 579
1 478
1 475
1 560
1 580
1 566
1 580
1 472
1 467
1 472
1 485
1 468
1 471
1 479
1 570
1 560
1 472
1 496
1 466
1 467
1 463
1 467
1 470
1 463
1 483
1 466
1 467
1 460
1 522
1 597
1 557
1 488
1 732
1 689
1 558
1 576
1 465
1 470
1 1150
1 997
1 656
1 458
1 470
1 703
1 866
1 679
1 692
1 460
1 455
1 477
1 459
1 1373
1 458
1 460
1 461
1 450
1 465
1 455
1 454
1 456
1 460
1 459
1 679
1 793
1 462
1 453
1 459
1 455
1 468
1 574
1 544
1 469
1 451
1 544
1 538
1 570
1 550
1 549
1 538
1 452
1 510
1 456
1 466
1 544
1 554
1 563
1 545
1 546
1 545
1 559
1 761
1 449
1 546
1 538
1 559
1 545
1 455
1 493
1 786
1 479
1 1364
1 451
1 456
1 546
1 1161
1 1428
1 460
1 468
1 935
1 457
1 490
1 772
1 632
1 462
1 2156
1 563
1 745
1 1350
1 1350
1 452
1 472
1 466
1 456
1 474
1 449
1 486
1 458
1 600
1 614
1 1337
1 1216
1 455
1 452
1 480
1 630
1 537
1 543
1 562
1 554
1 595
1 535
1 446
1 449
1 449
1 586
1 586
1 449
1 449
1 659
1 543
1 1334
1 444
1 444
1 444
1 455
1 1328
1 1070
1 720
1 576
1 769
1 782
1 440
1 471
1 440
1 443
1 448
1 463
1 440
1 439
1 446
1 446
1 440
1 694
1 664
1 441
1 447
1 730
1 788
1 792
1 443
1 502
1 426
1 425
1 450
1 427
1 426
1 427
1 444
1 433
1 425
1 424
1 426
1 716
1 831
1 565
1 750
1 638
1 1066
1 511
1 425
1 422
1 447
1 436
1 512
1 503
1 424
1 658
1 477
1 1208
1 610
1 430
1 421
1 429
1 421
1 425
1 420
1 423
1 508
1 514
1 504
1 423
1 680
1 937
1 669
1 832
1 549
1 551
1 622
1 619
1 412
1 414
1 411
1 409
1 416
1 416
1 1229
1 1266
1 429
1 455
1 408
1 412
1 1226
1 407
1 409
1 406
1 408
1 420
1 712
1 421
1 428
1 431
1 1252
1 400
1 427
1 413
1 403
1 490
1 504
1 409
1 424
1 508
1 403
1 426
1 405
1 508
1 488
1 485
1 485
1 409
1 404
1 402
1 421
1 808
1 798
1 731
1 734
1 406
1 1060
1 690
1 694
1 438
