21
21
20
37
21
34
35
48
35
28
18
15
14
15
22
22
22
22
22
22
18
17
17
17
29
28
28
29
21
20
17
16
16
15
27
27
27
27
47
21
15
16
21
21
44
22
23
23
23
45
19
21
18
42
35
42
41
27
18
27
66
65
64
66
23
23
22
22
22
22
20
38
17
41
18
25
13
22
20
27
19
19
20
25
25
26
25
27
29
27
19
18
21
22
22
36
32
22
25
23
27
26
25
29
25
26
26
38
38
53
26
27
27
35
34
35
38
57
82
67
102
106
102
131
34
35
52
50
50
51
10
10
10
12
12
12
14
13
14
14
90
69
69
69
29
30
49
48
87
86
24
23
23
24
33
34
34
33
29
31
29
29
77
67
69
68
35
35
35
34
15
15
19
19
19
18
22
22
22
22
23
23
28
27
28
28
35
34
34
34
15
15
18
18
34
18
22
22
23
22
19
18
21
20
21
21
34
27
27
25
25
25
28
29
30
28
36
36
36
35
23
28
28
27
28
27
31
31
31
30
26
30
29
29
30
33
49
37
37
34
22
22
26
25
26
26
31
32
32
32
33
25
24
68
24
48
47
46
31
31
27
27
27
40
41
41
41
41
42
37
79
35
34
33
34
34
35
34
33
34
32
42
43
42
43
41
43
32
29
30
30
29
34
35
35
43
44
43
43
39
52
44
45
44
64
64
63
64
64
57
29
29
31
29
42
44
42
43
43
44
50
47
48
48
79
81
80
98
62
63
25
25
25
25
38
37
37
37
37
37
26
26
25
33
33
32
32
34
32
32
20
29
30
20
19
19
21
20
60
60
33
33
43
44
43
45
49
48
51
48
45
60
52
52
53
67
67
67
65
59
36
35
36
35
56
52
52
53
54
53
17
16
15
15
24
24
23
23
22
21
43
44
43
64
64
64
62
57
58
55
26
26
34
34
34
34
34
34
35
39
48
55
57
56
55
63
65
63
65
73
34
33
32
33
33
56
55
58
44
45
24
23
23
22
39
53
73
40
31
37
42
41
41
41
50
48
51
50
55
127
44
43
56
56
58
56
63
65
63
65
62
61
44
60
44
57
67
62
52
66
38
38
37
39
36
37
37
51
49
50
34
33
34
34
34
34
44
43
44
44
50
50
48
49
48
65
64
65
60
65
32
31
38
36
37
36
41
41
42
41
57
57
68
69
68
67
83
83
85
86
30
29
28
29
28
42
42
41
42
39
24
25
24
23
24
36
34
35
36
31
28
27
26
28
27
45
45
46
35
34
36
36
37
35
62
60
60
47
48
48
25
25
25
34
33
32
40
32
33
33
51
52
67
69
68
69
79
76
75
70
34
40
41
41
39
50
49
49
48
45
59
58
58
67
58
97
97
97
77
79
72
71
73
73
108
106
106
107
108
116
52
52
70
69
72
71
78
78
77
78
48
57
71
59
58
72
71
72
73
63
180
50
51
120
117
119
60
61
61
62
37
66
113
106
36
38
51
44
72
72
31
30
38
36
36
36
46
44
43
44
43
32
44
31
43
43
31
45
44
43
58
73
158
179
63
64
62
63
65
159
67
69
69
68
67
67
90
87
88
90
79
78
77
76
77
77
78
114
143
112
45
54
63
53
54
66
66
66
60
60
43
35
35
35
104
43
41
42
42
43
74
74
71
73
73
72
108
111
111
109
29
34
35
34
33
43
43
42
40
37
78
78
77
78
79
115
117
116
103
118
70
71
71
71
104
105
104
91
99
93
30
30
43
40
40
39
44
43
45
44
38
46
46
45
46
58
58
56
57
50
45
45
43
44
46
76
76
76
59
59
50
47
47
61
70
68
71
72
68
68
48
47
56
54
54
56
61
60
60
62
70
84
85
86
84
105
105
107
95
93
60
58
58
60
85
86
85
76
79
93
23
29
21
61
22
21
20
20
20
20
42
41
41
82
83
83
49
49
50
50
89
89
87
87
87
89
110
130
132
123
39
40
39
40
40
58
57
60
61
52
68
66
68
67
99
204
68
67
78
96
60
177
176
178
60
61
60
59
90
88
41
42
41
61
61
64
62
55
57
53
69
68
93
91
107
92
85
83
81
81
90
110
133
109
106
131
141
133
118
122
59
57
57
58
87
87
83
90
89
86
63
62
83
83
83
84
82
82
82
90
94
94
95
95
91
140
139
138
122
123
41
29
29
43
42
42
42
43
41
42
65
65
87
84
86
86
86
84
86
95
71
70
71
72
140
122
121
143
107
107
77
79
111
140
104
125
134
134
116
114
88
104
104
104
104
117
117
118
114
104
100
110
99
99
139
147
100
137
136
99
64
61
41
41
42
43
39
38
37
37
51
50
48
66
90
82
66
61
59
57
35
34
45
48
44
44
50
51
51
46
70
80
81
82
80
89
90
90
101
100
55
55
55
80
81
81
115
74
71
71
46
56
56
55
55
67
68
68
105
59
75
76
75
74
227
276
76
75
76
74
78
93
95
93
93
114
116
115
104
104
53
53
53
78
79
82
99
70
71
71
95
114
114
122
113
127
129
127
144
143
33
63
62
61
42
43
41
42
42
42
59
167
96
97
69
67
69
68
170
169
68
67
69
91
92
92
103
102
100
93
222
102
100
132
130
129
137
140
100
104
63
63
63
27
27
26
26
28
33
32
106
105
106
109
106
144
140
141
144
112
104
135
166
145
111
144
153
102
102
103
101
100
100
100
100
99
99
99
121
121
86
86
87
86
113
115
115
114
113
115
75
77
100
101
100
104
102
102
101
101
94
95
92
95
94
137
137
139
121
122
83
84
83
124
123
122
109
113
111
109
90
107
108
106
105
121
121
119
121
117
81
82
82
121
120
119
111
111
108
107
69
83
84
82
82
104
105
104
83
84
92
269
278
159
183
124
122
122
122
124
37
39
37
37
38
56
77
54
54
54
21
20
28
27
25
27
30
30
29
27
55
55
66
68
92
72
75
74
82
82
23
21
22
22
32
32
30
30
28
29
102
123
123
124
122
191
191
191
156
134
92
92
111
110
110
112
109
110
110
109
72
98
98
132
134
135
100
71
102
100
86
64
90
63
124
126
126
66
63
62
77
75
76
74
76
101
100
100
98
100
20
19
20
20
19
29
29
27
26
25
71
72
94
96
97
98
97
95
95
96
101
99
99
99
150
148
182
173
134
132
83
83
111
267
124
124
125
101
99
100
99
83
82
109
111
111
113
110
110
113
66
64
64
76
74
77
76
85
86
86
61
62
74
73
74
93
91
100
82
82
105
103
104
155
154
154
137
139
138
140
96
93
91
293
274
122
123
121
124
110
89
87
87
119
121
118
117
105
106
113
135
135
178
180
180
182
181
180
180
178
118
118
117
176
208
174
178
156
491
171
162
163
55
54
55
55
54
72
73
72
90
107
108
108
144
89
131
150
108
127
112
143
102
101
102
101
173
171
170
101
125
124
124
143
123
124
137
146
146
148
95
94
126
127
125
127
127
124
125
125
32
31
31
50
60
47
46
46
42
41
71
86
85
84
85
85
105
105
94
91
132
142
131
133
196
198
197
196
196
196
71
69
69
70
103
103
103
93
91
93
63
63
62
81
83
83
81
83
81
80
94
91
93
92
125
124
123
124
124
125
78
78
76
76
101
103
101
115
116
114
53
66
64
64
63
71
72
70
70
70
86
86
85
87
113
113
116
130
112
114
61
195
75
75
111
114
112
56
57
57
101
99
343
100
150
122
300
123
119
121
91
91
91
120
121
122
123
92
119
128
114
100
86
106
74
114
74
74
74
107
37
36
36
35
35
47
46
48
47
43
61
61
59
59
60
79
80
80
80
73
82
83
81
101
82
108
110
111
108
107
100
100
98
132
132
132
131
131
130
130
42
41
41
41
61
65
62
54
55
56
140
126
148
150
147
165
165
166
165
168
124
123
125
184
185
185
165
164
164
167
78
77
79
78
117
118
118
104
106
105
71
55
74
75
75
75
75
75
83
75
91
90
90
135
134
129
117
117
117
119
56
57
55
55
55
92
83
83
74
73
143
142
190
189
206
206
188
189
189
190
119
117
117
175
175
174
153
152
156
156
102
102
103
102
153
154
153
138
139
138
128
127
153
155
150
192
175
255
254
171
125
86
122
124
123
123
86
124
124
126
128
293
97
100
95
96
97
116
134
116
135
134
136
163
161
165
185
201
234
203
120
121
119
119
119
160
161
156
120
119
95
92
95
127
124
126
129
128
129
125
83
99
121
99
101
100
110
109
99
99
40
61
40
40
52
53
53
53
52
118
130
128
154
155
170
172
382
245
219
218
71
72
70
71
71
70
99
94
96
94
122
122
121
139
122
161
358
361
358
359
65
63
64
84
83
84
84
87
83
85
90
89
88
131
133
131
107
106
107
118
114
114
115
112
167
191
336
345
139
141
95
97
96
128
127
126
127
125
127
125
34
32
32
33
48
48
49
44
43
43
139
139
165
167
166
187
184
186
185
188
92
91
90
121
119
118
119
121
121
122
154
155
152
155
232
233
233
384
365
485
105
103
135
104
126
170
124
122
136
140
108
106
143
146
209
222
200
136
185
159
159
157
160
162
159
192
190
192
190
192
46
47
46
61
62
63
62
61
61
61
136
138
166
166
181
184
182
183
184
180
38
44
47
45
43
48
50
49
45
45
103
104
105
102
138
136
138
138
137
138
109
129
129
129
129
129
129
142
142
144
61
63
60
61
60
83
82
81
78
80
130
128
155
153
171
174
181
172
170
169
129
129
128
172
172
172
171
172
172
171
157
152
201
204
204
234
220
203
203
201
124
124
124
164
163
163
162
164
165
162
168
220
168
168
250
248
249
224
222
221
62
73
73
74
81
83
81
118
175
76
100
66
66
45
46
33
77
40
54
56
64
62
63
62
83
84
84
84
82
83
132
182
130
181
129
182
389
129
392
129
179
267
280
213
645
181
180
179
173
236
98
99
96
99
97
130
129
132
130
129
134
136
178
178
180
179
178
178
179
178
144
152
172
171
171
287
443
244
247
189
148
147
147
144
146
219
220
220
218
219
111
113
133
134
148
148
150
152
171
148
121
153
144
145
144
144
145
205
360
143
443
196
194
217
217
216
194
193
193
197
109
107
108
108
143
144
143
145
144
142
44
53
53
53
59
57
60
59
59
58
145
146
176
175
174
190
192
191
194
192
81
80
108
107
106
106
108
121
106
106
580
383
381
230
230
248
229
230
230
279
136
158
161
159
176
175
178
177
177
178
79
118
136
90
88
148
148
146
90
74
96
97
98
116
116
113
129
285
317
230
112
333
329
164
164
166
131
131
131
145
89
89
88
88
117
118
152
150
148
116
171
170
168
170
227
240
224
229
228
226
106
108
106
106
159
160
161
126
128
127
116
172
340
198
195
152
152
152
168
152
104
105
143
139
139
139
138
139
152
137
189
201
189
251
247
250
252
248
247
247
158
156
416
158
515
157
156
159
157
181
33
33
33
32
33
43
43
43
43
44
134
137
191
175
162
162
182
178
177
179
143
207
202
208
143
144
141
144
143
143
128
124
124
167
165
167
148
147
149
149
168
166
224
232
222
305
307
167
230
165
453
531
166
165
165
168
200
205
199
220
38
38
38
38
39
50
52
61
46
46
60
60
83
79
81
79
80
81
106
77
76
75
74
76
75
99
92
89
92
90
125
42
41
41
41
55
55
56
55
55
133
132
166
192
175
178
211
175
178
179
264
269
91
89
90
133
133
132
132
134
31
31
38
37
38
43
40
41
41
41
179
177
247
252
253
267
254
237
237
237
157
160
160
207
210
222
231
211
210
211
152
152
200
199
200
183
177
189
201
200
144
142
190
191
190
192
191
193
191
191
151
541
210
163
208
150
173
300
299
299
208
208
220
206
208
273
276
277
247
246
910
221
306
222
304
309
306
321
227
388
135
60
60
59
59
60
60
89
132
98
189
187
190
223
226
224
561
279
280
285
152
153
153
151
180
181
183
181
182
182
209
207
278
278
276
278
279
276
278
278
154
154
206
204
202
206
205
204
206
205
73
73
96
96
98
94
97
97
213
72
157
156
156
209
206
207
207
206
207
207
130
129
131
127
170
171
171
170
171
173
225
227
227
225
341
336
334
300
298
299
160
189
188
187
187
190
189
189
188
188
156
157
207
208
206
184
183
185
209
205
127
152
167
153
152
172
170
171
186
185
80
96
316
134
247
94
239
136
156
156
124
176
146
205
237
238
237
120
164
168
55
83
66
53
54
80
82
55
158
53
31
31
31
31
46
45
46
47
67
41
153
153
183
203
202
201
204
201
202
182
123
120
129
122
163
160
199
162
161
161
151
176
152
198
228
201
476
394
260
286
184
216
220
218
240
244
241
219
218
235
208
208
208
207
276
275
274
249
249
248
236
282
280
281
279
281
280
282
306
279
179
540
180
181
181
182
240
799
270
311
463
228
232
161
155
154
270
266
268
445
449
240
248
332
444
471
325
342
579
472
122
60
84
59
84
84
58
83
85
80
323
308
234
329
227
332
226
331
327
227
33
51
33
45
35
47
97
47
33
44
98
106
103
139
104
102
126
73
101
68
108
137
94
134
99
133
132
95
126
135
223
304
348
220
321
521
348
323
326
324
220
205
245
245
245
271
271
274
246
245
242
241
324
323
339
288
289
290
323
322
204
187
228
227
226
252
250
247
266
266
117
141
140
140
159
157
156
160
172
169
216
257
257
263
285
294
288
260
260
274
87
87
86
85
115
114
115
114
114
117
184
183
184
182
273
275
299
230
220
221
129
130
128
129
127
127
151
154
152
151
39
40
39
39
39
38
47
47
46
52
230
227
228
228
304
302
306
773
468
544
134
133
161
159
178
175
176
176
177
178
316
223
324
222
311
313
312
308
331
238
154
85
85
97
112
96
95
65
65
63
112
112
112
111
112
147
148
149
132
132
140
138
170
166
166
187
185
186
170
168
248
248
296
300
297
330
333
334
326
301
91
110
112
109
124
123
122
125
123
123
151
180
179
179
199
201
198
199
202
202
169
171
170
172
253
254
253
204
204
203
194
193
192
194
257
253
231
232
232
261
95
95
94
95
126
127
226
225
94
102
68
90
205
202
69
69
68
90
90
91
62
60
60
61
97
90
89
79
78
80
62
62
61
43
43
36
38
32
43
40
222
534
381
267
269
532
444
441
663
223
258
266
197
186
185
445
438
183
180
181
186
188
223
224
223
226
224
224
249
249
76
91
90
91
102
102
101
101
102
101
50
61
62
60
66
68
67
68
68
68
325
328
109
108
110
108
128
130
133
143
346
348
114
116
121
115
114
113
151
149
167
166
165
165
218
219
223
218
217
499
179
178
177
175
208
211
227
212
212
212
190
188
228
224
224
226
226
250
252
256
93
109
108
111
122
124
124
125
121
121
85
83
83
83
111
109
109
110
110
108
229
230
681
686
679
225
228
305
333
302
292
273
273
271
371
826
364
366
325
325
33
34
42
42
56
43
48
50
32
33
167
169
171
169
167
171
222
248
241
188
426
127
131
266
202
200
129
190
190
192
31
30
29
29
30
35
36
35
35
35
167
164
162
173
231
218
219
222
197
232
194
194
257
256
259
259
258
232
280
258
184
221
218
220
244
244
244
243
243
245
138
198
243
238
235
167
166
187
407
413
161
193
193
194
216
216
216
215
214
213
100
99
99
99
147
147
148
119
119
119
218
219
219
216
288
655
289
293
289
293
204
203
206
205
614
609
301
304
304
202
162
161
165
214
214
212
215
212
214
217
100
99
168
296
97
97
99
131
132
130
156
182
182
182
185
181
183
182
184
184
170
168
168
170
170
169
171
228
224
223
71
71
72
71
73
86
71
213
72
70
159
160
158
191
192
191
212
212
211
213
187
263
185
267
187
278
331
187
278
283
133
45
44
44
132
137
45
131
129
44
136
137
135
135
180
183
182
163
163
163
160
156
158
208
207
209
210
210
211
209
43
44
43
57
56
57
57
57
55
56
136
135
406
136
135
136
135
180
183
185
205
202
203
201
271
269
270
242
241
242
131
134
136
132
177
198
179
177
176
177
192
188
188
250
251
564
192
451
225
227
111
110
112
148
148
147
133
134
134
134
61
75
41
57
43
43
61
43
50
83
102
102
122
123
123
123
123
124
136
120
248
82
83
82
80
98
98
97
97
100
268
270
439
358
359
393
344
323
321
322
139
135
137
205
204
164
164
166
181
184
258
257
308
305
320
309
307
770
340
342
172
204
204
205
230
252
230
232
226
231
69
68
66
68
99
101
81
81
81
91
114
116
117
156
159
154
153
152
157
153
319
576
389
385
233
231
235
258
256
257
193
579
193
192
193
192
193
650
467
271
232
405
277
278
279
278
277
279
278
280
252
249
787
251
249
335
330
337
335
333
159
191
192
192
213
211
213
214
212
191
66
66
201
201
67
68
66
67
78
79
125
370
125
124
122
123
166
161
162
151
106
105
103
106
125
126
125
126
133
126
155
154
153
155
153
205
205
205
203
203
47
62
54
55
56
61
62
62
84
68
689
656
292
285
289
217
222
220
218
262
111
110
110
109
130
227
172
149
166
149
181
181
179
179
240
244
239
216
217
237
265
793
266
266
268
357
354
326
325
326
296
297
294
296
393
394
405
356
353
397
114
115
114
153
155
152
155
154
154
153
133
132
131
417
132
133
133
176
175
175
44
45
44
43
65
66
84
66
53
53
264
260
271
319
314
316
295
312
322
316
46
44
59
61
60
59
48
48
142
61
791
336
337
336
342
336
337
336
339
336
531
531
455
294
285
285
284
382
383
378
258
259
257
260
259
313
309
312
768
768
198
247
240
236
262
266
263
261
263
262
64
64
63
64
85
84
85
75
76
77
143
143
142
191
191
190
190
190
189
191
224
304
304
97
96
128
130
128
130
129
269
321
321
323
363
352
354
354
337
368
169
172
168
228
229
229
226
204
231
230
59
179
115
117
59
60
59
59
59
60
283
278
280
289
282
279
283
335
281
282
220
219
219
216
220
260
262
260
217
220
185
186
185
223
223
222
185
186
183
186
52
164
157
54
54
54
67
65
65
63
217
220
217
264
260
263
290
289
309
260
203
201
202
200
269
269
218
202
202
202
245
284
282
280
236
705
238
236
236
313
222
222
221
294
297
298
268
266
316
299
229
229
273
272
308
304
314
274
286
310
218
243
217
288
285
325
652
288
290
290
184
185
183
242
244
243
242
273
265
547
83
83
82
246
84
81
109
109
110
110
34
34
35
46
34
44
122
102
34
35
556
558
193
258
245
246
246
237
247
247
55
54
54
53
52
69
72
70
71
63
275
274
273
275
273
333
826
275
274
366
193
203
238
253
252
254
253
254
228
230
147
147
147
148
149
150
202
213
150
148
184
185
184
183
596
244
247
287
370
186
793
263
263
263
529
635
470
263
263
267
191
193
192
194
191
191
206
195
210
196
269
398
271
269
426
273
411
271
539
268
293
211
305
297
317
296
292
308
217
313
245
163
249
165
165
162
233
164
246
184
42
41
43
42
47
42
46
64
61
60
255
362
176
260
175
276
174
277
173
277
52
33
58
35
49
52
46
36
46
45
495
313
317
312
315
318
315
316
314
314
251
250
745
497
501
335
412
300
742
593
313
312
333
311
313
313
311
312
312
319
376
798
772
449
440
467
257
265
802
519
138
138
136
181
196
164
161
410
322
205
51
58
52
70
68
68
67
68
68
68
248
249
245
244
325
741
734
243
245
245
147
144
143
143
190
192
193
173
171
175
230
229
229
307
303
304
304
305
307
288
103
306
104
103
102
124
139
125
124
122
232
205
206
303
379
255
663
613
204
207
133
130
130
173
172
260
257
132
134
141
492
994
330
343
333
327
394
397
395
397
47
43
44
58
59
53
52
53
59
57
191
190
229
246
271
256
254
254
253
257
96
97
97
284
286
97
96
165
288
129
300
300
299
725
909
303
298
301
362
358
100
114
104
118
119
117
117
116
135
119
222
666
222
223
221
264
265
267
264
267
224
222
221
404
271
675
672
668
224
223
231
254
231
231
230
274
276
304
308
308
152
152
181
151
459
153
150
156
152
150
178
183
178
177
214
213
214
177
181
178
91
86
88
88
115
117
106
89
274
105
166
164
166
164
165
165
166
201
198
196
148
152
149
199
199
198
202
198
200
199
49
59
60
60
60
161
97
66
66
66
203
204
205
203
207
206
203
202
203
204
195
179
180
181
180
181
180
181
181
241
130
129
175
173
171
171
171
192
156
154
98
119
98
99
98
99
99
146
147
121
230
223
223
296
418
305
222
667
665
300
220
217
219
263
263
260
218
221
219
217
495
350
490
501
526
506
469
511
444
367
331
322
316
309
305
367
365
404
406
422
185
184
185
247
246
246
222
224
227
224
107
106
141
142
261
261
108
108
108
142
152
147
151
149
149
199
149
149
146
150
219
216
292
292
289
290
287
290
262
259
86
250
251
125
125
125
100
111
110
111
206
205
208
275
280
274
245
261
246
247
235
283
279
278
309
316
281
280
278
309
233
234
309
308
308
277
279
282
283
278
364
344
113
115
150
150
152
136
137
152
213
303
291
322
213
302
278
280
284
275
248
254
243
294
293
303
315
293
293
293
114
157
174
162
232
111
192
113
113
112
287
289
353
347
384
389
385
347
345
383
227
232
247
267
269
268
275
244
245
240
240
242
239
318
319
321
333
288
315
317
68
78
79
79
86
86
86
87
88
86
158
158
157
211
207
211
211
189
233
212
181
180
217
222
241
240
241
239
231
243
225
223
222
224
221
222
226
222
307
297
81
83
86
80
238
82
80
81
80
105
218
217
219
217
217
216
218
224
220
219
159
159
213
209
210
209
210
226
191
189
125
124
123
123
125
125
125
125
179
125
1173
352
386
352
376
357
355
352
425
442
124
173
174
173
124
174
176
192
189
127
273
272
289
826
650
465
460
270
272
269
198
197
198
267
680
594
200
200
595
473
142
143
143
191
189
211
171
174
191
191
659
252
221
295
297
290
310
267
293
295
171
206
204
204
207
204
229
231
229
230
54
52
70
70
69
71
71
71
65
64
200
199
200
200
197
200
202
198
202
201
89
88
88
119
119
116
117
117
116
148
227
230
300
300
312
277
273
306
301
229
176
175
174
176
237
237
232
233
266
211
161
197
254
143
211
341
143
141
143
188
278
290
372
370
371
381
331
369
370
395
78
78
79
80
104
104
104
103
104
95
326
313
313
419
415
413
414
378
415
414
260
313
310
312
312
314
354
346
377
311
245
215
199
198
194
196
195
196
197
218
145
144
145
144
145
143
142
145
146
145
293
287
381
383
382
384
410
345
346
345
314
311
308
415
416
414
403
372
412
412
366
438
433
437
431
435
433
461
481
481
271
325
327
328
340
326
366
360
364
359
72
71
96
95
97
95
95
97
95
97
77
76
76
77
77
77
77
102
101
93
75
246
80
74
72
73
87
88
86
87
76
75
101
99
101
229
103
75
103
76
424
621
627
248
247
246
336
739
741
328
141
147
167
165
164
163
166
164
164
166
329
510
991
980
339
424
983
989
325
327
234
307
283
281
307
366
281
279
280
288
186
183
249
242
246
221
223
246
242
245
91
90
91
121
119
118
120
130
119
218
278
277
278
279
279
277
294
276
279
277
82
84
100
98
100
101
98
110
110
112
207
205
276
271
271
270
245
271
271
271
155
153
155
203
206
207
213
197
206
204
308
369
367
370
412
411
372
371
370
412
163
161
213
215
214
212
206
216
212
214
460
346
344
343
354
348
387
431
416
412
76
74
75
75
74
226
76
74
76
75
192
193
191
228
257
258
255
282
231
233
62
75
75
75
83
82
83
75
74
82
330
332
332
333
332
332
445
442
441
441
128
129
129
128
170
173
154
154
154
171
260
257
342
341
341
325
308
342
339
364
153
152
153
202
202
182
183
180
203
457
135
133
131
175
173
176
179
157
176
175
154
183
185
184
184
199
204
206
204
203
348
348
464
1102
414
417
439
414
417
413
233
223
252
255
258
259
255
257
253
254
380
460
476
458
457
456
516
508
461
457
229
312
232
231
227
543
381
302
300
329
338
338
451
455
340
338
342
725
1025
339
218
218
219
292
304
262
327
259
259
259
62
74
74
74
75
74
76
76
75
82
376
353
472
470
479
421
425
469
496
427
56
56
56
171
56
57
56
76
73
75
169
168
168
225
248
203
201
202
225
244
62
63
62
62
62
62
62
74
75
74
208
207
206
276
275
249
246
244
282
274
259
259
274
354
345
344
344
346
310
312
371
446
464
448
447
457
451
447
500
516
308
306
307
408
407
421
369
367
409
406
130
129
128
129
187
171
153
153
152
238
464
270
594
245
533
300
293
299
246
270
178
174
174
175
244
258
177
265
409
213
372
368
357
354
357
355
357
354
428
865
307
812
274
274
311
364
392
331
368
328
199
197
199
236
236
237
236
235
260
266
126
126
125
126
166
165
163
164
204
377
313
313
375
377
417
419
409
769
317
313
186
219
221
222
221
220
218
222
551
366
298
297
394
398
356
357
362
360
358
360
57
56
74
74
68
68
69
75
74
76
55
55
57
74
75
67
68
66
75
73
52
63
61
63
64
64
70
68
69
68
337
311
154
464
462
462
154
155
152
206
310
304
371
364
562
303
576
411
434
432
704
683
227
228
273
272
543
458
272
278
63
75
75
75
83
104
75
75
75
83
233
232
308
308
312
279
278
305
305
280
82
82
80
109
107
106
97
98
101
82
200
202
268
265
266
240
239
261
239
236
134
132
135
180
177
161
160
161
176
176
134
131
132
133
177
175
174
173
160
159
308
386
366
383
363
364
407
404
363
364
362
360
355
474
477
433
435
430
434
434
56
53
75
53
71
72
71
71
72
65
325
393
388
384
430
461
981
429
518
325
624
173
171
169
170
168
229
228
225
171
394
510
1213
339
338
477
493
322
957
320
388
383
515
516
460
456
463
468
459
485
193
285
192
300
192
308
428
179
179
179
153
153
153
155
153
168
151
153
184
224
420
210
139
138
139
420
139
414
139
139
242
279
283
278
284
280
311
335
280
280
164
162
167
218
216
213
193
197
194
194
365
441
435
453
438
443
482
501
437
437
190
382
638
188
189
189
252
249
249
229
227
288
270
276
286
276
305
304
549
394
320
320
391
382
383
384
386
382
383
402
321
332
455
319
454
484
475
475
568
554
166
168
165
164
164
165
167
167
165
164
342
337
449
449
464
408
404
450
1042
337
276
275
274
275
278
272
274
289
273
276
284
283
381
389
346
338
337
343
338
373
457
457
544
545
617
608
546
546
1167
692
366
208
550
439
434
184
182
181
552
184
100
98
101
99
99
98
99
137
132
122
171
172
229
229
225
201
205
204
203
205
305
304
304
362
364
364
362
364
406
408
161
158
159
217
213
208
189
194
192
189
56
94
89
76
75
73
73
73
75
56
277
275
277
277
276
284
274
280
287
366
143
177
214
212
170
192
191
170
170
172
96
95
94
94
93
97
95
93
94
94
303
306
403
428
365
364
365
378
364
508
37
38
49
50
50
44
44
49
48
49
140
139
138
186
187
186
183
167
167
167
83
82
83
110
110
111
111
99
101
99
203
204
203
204
204
349
347
243
241
270
170
180
171
223
226
237
292
204
203
230
284
344
342
349
339
486
841
282
284
283
320
319
429
437
384
391
382
384
381
437
299
297
356
360
410
556
630
396
445
450
211
218
213
211
634
286
425
425
429
232
253
242
322
320
316
239
240
238
241
239
150
150
150
149
149
147
151
146
149
176
452
450
627
609
542
551
546
545
540
541
236
239
286
287
315
318
285
285
301
285
333
402
423
403
403
398
405
414
442
445
123
124
124
166
164
164
148
149
164
162
57
57
57
56
75
74
75
74
68
68
74
87
86
85
96
99
87
88
87
95
349
351
423
423
420
428
489
422
421
473
158
158
191
190
208
212
211
195
189
210
44
43
59
58
59
52
132
44
43
44
89
93
86
87
104
104
105
105
103
115
52
51
67
82
62
223
51
69
52
70
99
98
97
97
99
99
118
119
115
130
169
166
166
167
167
201
202
220
245
201
115
114
150
152
149
136
135
150
152
172
101
100
242
238
99
99
99
119
119
100
480
478
491
574
568
630
637
569
590
635
183
182
243
247
222
222
219
223
220
220
210
211
277
282
309
253
252
281
285
253
369
363
487
490
435
442
440
434
439
443
387
385
388
469
458
463
466
465
514
514
338
338
341
408
406
450
458
406
403
406
156
160
206
205
227
191
187
206
210
188
297
297
395
412
298
944
452
592
455
441
219
221
221
292
295
288
265
265
264
266
163
162
162
194
192
215
217
196
192
196
98
97
98
130
130
119
116
118
117
117
225
227
224
303
298
342
269
268
299
297
299
284
281
379
372
371
342
338
375
377
224
221
219
294
295
307
267
265
291
294
323
320
320
424
437
386
384
380
386
381
307
305
309
384
374
370
367
372
373
369
406
409
410
487
485
541
543
487
493
487
236
236
283
282
281
283
286
280
286
297
185
173
229
226
226
218
206
203
205
214
164
162
164
196
195
199
165
164
164
196
347
349
416
417
413
347
367
466
558
357
263
238
288
285
287
282
285
285
285
289
111
80
73
71
72
141
73
73
72
72
143
144
169
171
169
214
172
190
194
172
280
281
373
372
337
336
361
400
335
376
76
113
95
91
102
103
93
94
94
102
312
311
376
310
962
315
311
311
373
411
314
310
309
312
418
412
409
374
372
411
140
137
139
138
138
167
165
183
182
167
296
296
394
393
357
355
356
355
354
368
38
37
38
38
60
45
44
50
49
44
212
256
282
283
284
255
278
289
283
255
244
239
325
321
291
291
289
292
289
322
180
178
182
217
242
239
218
218
215
215
351
391
420
419
350
350
350
349
421
419
322
323
324
320
387
412
404
818
973
481
924
306
303
302
306
304
304
307
302
304
84
85
84
84
84
84
84
93
83
85
181
182
182
190
314
433
180
184
180
183
238
236
238
264
317
316
318
290
285
317
230
230
276
277
305
306
277
277
275
277
191
226
226
228
223
226
248
252
228
226
353
365
354
469
472
424
425
424
422
419
447
442
536
528
529
531
531
539
530
529
200
201
239
241
242
241
238
241
242
241
202
199
264
269
240
241
240
240
242
281
415
503
498
494
496
497
493
524
495
498
392
375
371
493
500
450
444
446
446
441
268
796
268
452
320
373
266
370
392
279
420
420
368
140
138
140
141
171
168
168
375
129
126
127
168
170
127
127
127
169
51
60
61
61
61
51
50
51
60
62
318
320
425
427
381
384
382
384
395
322
180
270
439
263
457
532
340
213
210
210
60
63
81
80
73
73
72
80
81
72
350
354
461
469
419
439
444
420
420
420
139
142
140
140
176
170
187
185
173
168
128
129
127
171
169
169
155
153
172
190
61
59
59
78
78
75
71
71
78
78
330
330
329
432
435
392
413
396
394
395
223
238
270
266
264
266
269
295
296
270
318
318
459
641
542
545
316
343
382
378
110
132
132
133
133
110
133
133
155
112
739
719
244
240
239
318
319
288
287
288
101
281
93
94
93
111
110
112
110
110
174
163
165
218
221
196
196
197
200
196
1194
1064
354
355
358
495
472
427
441
430
619
211
208
205
207
248
247
246
205
205
140
140
138
139
165
169
165
163
163
166
180
536
565
178
358
268
265
179
182
236
301
300
511
510
442
326
898
298
604
302
326
395
383
389
967
756
967
322
322
321
418
413
551
554
503
498
496
499
498
550
275
333
332
331
385
367
330
359
335
330
214
284
381
286
284
212
212
235
255
253
525
515
513
623
624
516
517
518
621
620
482
480
481
598
577
584
587
576
704
581
204
279
203
203
201
213
243
244
244
247
331
394
1070
330
330
329
356
1119
329
461
838
277
279
279
279
281
279
281
301
277
224
224
223
264
90
150
153
75
102
75
262
259
261
261
258
264
265
266
260
262
208
631
423
417
210
212
212
210
252
278
137
135
135
164
182
183
163
164
162
182
494
569
568
570
568
564
567
567
626
631
181
183
393
545
182
180
263
242
220
218
371
365
367
451
513
369
543
516
369
371
300
299
302
300
301
303
300
303
303
300
528
803
263
266
265
262
328
353
354
318
55
54
70
73
65
64
65
65
66
72
396
393
474
466
540
522
491
471
465
389
111
111
147
146
147
134
134
148
149
133
172
171
169
203
228
509
510
171
170
171
397
397
455
1170
412
784
795
833
391
390
81
80
81
105
104
98
95
95
96
97
366
486
242
243
242
241
242
239
241
244
396
395
395
396
393
398
396
396
421
478
320
315
396
380
381
406
381
382
383
377
394
417
397
523
526
471
471
484
472
474
314
935
312
312
929
933
314
311
310
371
204
241
242
241
241
240
237
239
251
244
414
416
488
485
485
487
405
1303
411
429
899
378
379
376
451
456
448
378
423
390
393
395
566
434
638
474
699
680
398
403
330
333
992
331
327
338
394
391
458
434
418
462
1252
417
417
416
501
418
416
1483
1419
481
661
656
579
578
662
1470
1444
492
503
516
604
600
635
601
601
614
605
600
464
562
563
564
559
563
556
582
554
560
267
797
802
267
266
266
267
299
355
354
295
291
294
391
391
350
352
351
486
295
458
440
527
524
528
439
439
526
527
531
99
294
288
98
119
116
116
117
117
130
252
302
301
326
300
299
317
304
299
326
395
394
392
477
474
524
528
472
395
1202
230
232
282
277
276
273
275
276
276
275
49
58
56
57
70
64
56
56
57
57
275
264
631
780
262
261
259
261
263
263
240
234
286
284
287
796
234
236
234
328
197
240
81
80
81
80
80
275
137
81
492
500
493
1244
817
816
430
413
573
1238
238
237
235
239
283
281
284
285
285
314
206
207
205
205
205
205
274
272
244
259
121
119
119
160
160
142
143
152
143
145
241
242
325
320
289
290
285
289
286
243
443
444
441
603
591
440
439
583
661
663
224
87
177
73
75
74
89
88
87
87
224
681
229
227
678
225
662
302
300
273
321
359
394
360
359
362
362
359
367
361
330
314
379
375
381
377
980
313
315
313
398
395
392
472
477
395
394
392
501
471
231
230
231
231
274
291
231
233
231
278
531
528
1618
523
531
543
530
527
728
700
97
98
96
292
284
97
96
96
114
116
331
335
399
399
398
400
396
451
334
333
415
482
527
485
486
488
482
482
490
483
199
186
246
250
224
222
225
225
225
245
270
248
247
248
279
245
246
294
297
294
516
510
511
522
511
613
611
611
610
628
374
369
495
501
445
452
445
444
461
690
61
77
146
90
145
62
62
61
74
72
353
353
351
356
363
353
432
423
354
359
1350
657
1073
534
453
450
448
443
449
1353
1348
429
513
557
424
425
425
506
514
425
443
406
491
487
412
407
408
411
406
516
358
426
421
356
352
356
428
425
355
353
61
62
60
80
93
72
73
71
72
74
373
371
376
373
372
453
449
373
372
374
111
111
148
148
134
133
134
149
150
133
208
206
251
248
246
259
248
247
245
248
279
874
280
281
371
510
397
279
445
477
129
130
43
41
43
51
51
52
44
42
308
322
376
373
367
373
366
410
379
810
80
77
80
79
78
107
104
103
94
95
230
227
306
308
275
270
277
274
273
275
259
239
240
238
239
287
284
286
293
286
214
213
295
285
254
257
256
257
254
256
485
483
485
646
645
585
587
582
588
580
56
73
73
73
67
66
66
65
78
66
315
333
321
423
428
320
544
562
318
317
392
377
1131
378
376
388
375
371
448
447
166
166
179
202
199
200
203
202
221
226
66
79
78
78
78
87
88
78
77
80
73
217
71
72
71
95
96
97
109
87
298
297
358
360
354
355
353
371
359
356
115
114
115
162
153
136
138
138
137
138
668
475
479
1531
476
503
476
475
1433
1429
555
533
643
642
758
821
551
642
1078
1072
278
278
276
278
280
280
836
277
280
280
524
524
525
524
525
524
522
518
524
522
393
391
392
393
396
392
397
393
391
394
176
178
175
178
207
211
211
534
179
177
460
457
456
606
609
554
550
552
552
550
159
194
192
188
192
190
237
212
189
189
218
655
217
218
218
264
300
528
291
288
373
361
438
435
367
362
400
487
488
359
540
1603
537
532
532
728
1670
538
537
538
217
214
256
257
259
258
255
256
256
257
251
299
300
301
303
298
301
300
303
301
338
335
336
403
404
402
394
399
400
402
284
283
469
341
359
342
340
342
343
338
230
230
229
554
230
254
686
236
230
231
550
539
620
517
1249
695
647
522
517
618
255
287
719
334
241
243
355
417
247
478
76
128
129
77
77
106
64
65
78
78
242
238
239
317
319
284
286
286
286
302
335
334
444
442
999
992
1015
336
334
401
241
241
293
293
324
323
289
293
294
293
365
364
463
437
437
440
462
1112
368
364
259
257
340
341
310
306
346
343
254
260
184
182
92
90
91
92
91
93
91
90
154
151
150
153
151
211
154
452
452
256
239
239
285
286
285
287
287
318
317
285
260
313
309
314
312
315
312
314
310
325
150
150
449
450
246
150
152
150
181
182
340
337
448
450
408
403
413
400
402
407
337
336
337
404
403
402
400
403
400
1018
330
342
333
445
455
396
398
395
397
406
366
364
363
436
487
485
434
437
439
435
98
97
167
300
306
100
118
117
118
118
406
399
473
479
510
481
494
478
491
475
391
390
394
388
390
1192
969
387
388
390
84
85
102
100
86
87
86
110
112
253
251
255
299
297
301
299
298
298
300
301
173
514
171
171
228
253
204
206
207
205
163
161
159
226
213
193
193
194
193
194
268
271
329
469
406
811
365
812
815
466
560
553
554
552
668
758
733
686
657
659
113
136
136
133
135
134
135
135
135
137
511
502
756
753
602
602
606
603
601
606
443
439
586
582
526
528
525
530
546
450
188
188
188
189
251
248
565
188
188
189
455
455
544
549
542
547
549
548
544
542
234
234
309
319
280
280
280
283
277
284
59
90
97
87
87
60
58
58
69
71
325
327
393
392
391
394
388
398
390
395
342
410
410
408
415
411
411
410
341
344
297
295
920
398
393
293
302
315
358
365
50
48
65
64
57
57
59
57
57
58
582
940
1784
587
603
588
581
778
776
584
328
345
327
430
430
388
389
389
415
388
285
336
286
697
851
604
284
435
582
281
213
71
70
70
73
72
70
211
121
120
391
526
1214
390
582
605
393
392
390
1032
256
239
317
320
286
306
285
290
288
285
200
195
585
197
214
235
233
235
235
237
210
209
255
251
255
251
252
253
251
250
399
386
463
464
463
464
464
466
1224
1164
60
59
79
78
70
69
71
71
69
69
493
488
492
600
590
663
648
488
488
658
345
414
415
412
414
419
416
416
417
446
472
156
157
189
192
187
190
190
189
188
357
742
357
378
352
352
353
357
357
1004
409
428
418
415
416
409
412
414
428
415
358
356
432
429
429
424
429
428
429
426
334
335
405
403
417
405
417
406
812
1006
465
462
555
557
554
570
578
476
1117
555
155
156
174
213
207
188
188
186
186
187
192
193
257
260
232
230
232
233
254
232
283
282
280
380
377
285
285
845
859
513
386
385
466
464
676
601
767
1157
386
389
509
536
512
617
618
622
611
851
875
509
188
219
63
62
64
63
63
62
63
63
80
79
79
79
79
79
79
80
78
79
182
180
183
185
181
181
183
180
184
181
273
273
330
271
273
270
272
324
324
328
457
541
538
549
539
537
539
537
540
542
476
475
628
629
474
474
568
570
490
469
297
298
393
394
358
357
353
354
354
354
94
94
92
123
124
111
112
114
112
113
300
303
361
361
363
361
360
362
360
364
429
441
515
509
517
513
517
1303
435
531
51
52
52
50
52
51
52
51
51
50
235
247
172
258
518
171
172
171
169
170
188
189
188
191
190
189
254
250
226
229
60
59
73
70
71
70
71
70
73
71
387
466
466
478
465
465
463
464
467
466
167
200
200
202
199
200
202
201
225
221
140
140
186
186
174
167
169
165
168
169
320
320
382
382
394
385
385
387
382
383
352
426
429
420
424
423
419
422
420
425
500
512
501
595
595
607
1105
993
995
501
527
650
641
662
633
646
631
646
637
631
176
209
211
210
209
212
210
209
212
178
287
275
369
552
279
278
277
276
827
779
149
203
266
179
194
145
148
145
148
145
460
456
456
459
456
456
610
605
454
461
59
58
76
76
68
69
70
68
69
76
242
242
242
291
291
695
291
291
291
310
211
251
635
500
210
211
251
251
250
254
558
525
629
632
623
624
633
623
628
622
201
201
239
240
240
240
245
241
239
242
419
400
398
465
485
480
479
481
475
506
302
306
302
402
403
364
366
363
365
363
89
104
103
104
105
103
117
115
103
104
279
280
372
374
282
278
370
369
334
289
893
305
261
310
310
342
343
309
312
312
170
171
171
206
203
169
171
168
202
203
385
380
385
466
474
381
383
381
454
481
1429
962
472
471
472
585
571
474
481
571
451
523
521
521
525
520
519
452
454
437
61
72
71
72
72
72
72
73
72
72
171
209
205
206
206
206
205
206
206
207
108
109
142
143
131
130
131
129
130
128
346
344
435
425
377
416
417
415
420
415
252
749
249
254
250
503
498
269
755
253
114
115
151
151
138
138
137
137
137
136
225
241
270
267
270
268
225
225
223
285
412
416
419
417
427
417
416
418
416
416
180
99
75
97
76
122
73
97
96
75
257
257
366
341
257
256
340
341
307
310
177
178
240
239
177
177
236
242
213
231
453
453
600
598
450
450
540
544
539
541
542
541
724
720
538
539
720
721
538
548
415
500
496
495
493
502
1286
987
425
412
296
295
291
296
291
308
293
294
394
393
548
546
656
655
656
657
672
653
546
544
379
356
426
425
424
425
424
442
424
428
950
954
946
633
311
318
382
384
384
378
118
118
146
146
177
243
143
250
209
207
196
391
497
193
215
193
193
217
290
457
331
974
342
486
480
323
488
350
492
488
495
330
496
325
502
330
493
329
495
328
405
274
301
272
402
277
276
275
273
275
213
212
213
213
213
216
215
212
214
213
341
358
341
348
341
340
344
342
342
340
278
270
266
285
277
268
397
306
425
265
725
514
336
230
339
343
229
337
231
339
411
407
407
429
409
413
414
410
423
408
459
428
440
431
428
432
437
449
430
432
309
305
324
306
307
309
309
309
311
313
942
771
628
938
629
933
626
630
628
974
249
339
744
754
805
742
247
259
248
249
276
290
275
326
329
327
339
327
327
329
434
500
501
500
505
506
504
502
506
500
394
471
482
469
476
468
470
469
470
463
80
94
95
103
94
94
95
94
95
95
202
201
271
270
216
202
241
254
242
243
353
353
426
422
422
421
421
419
425
422
317
315
386
378
381
381
379
376
381
377
320
319
384
386
386
386
395
384
552
937
570
1730
570
705
685
684
681
787
826
802
448
377
373
486
454
376
376
374
374
375
175
173
235
232
176
174
213
209
209
207
106
101
105
128
125
124
124
123
124
124
82
97
109
97
97
96
97
95
97
95
276
336
330
350
332
330
333
329
333
331
190
188
227
225
230
226
229
595
285
190
223
275
268
291
267
266
269
268
277
267
365
438
441
440
436
435
439
438
439
439
59
59
59
77
78
71
70
71
71
71
144
184
149
286
144
143
174
173
197
172
558
188
200
233
291
182
183
183
183
185
73
73
73
73
97
98
73
74
74
73
404
400
462
477
744
414
398
481
479
480
264
317
315
314
314
314
313
311
311
335
268
335
325
342
323
323
324
322
323
326
560
667
665
556
555
669
662
559
559
668
321
294
289
387
389
292
290
347
349
294
575
692
681
690
690
689
690
691
708
691
439
524
530
519
524
519
525
522
522
518
373
589
609
497
354
688
343
346
342
360
62
74
73
74
75
74
95
62
63
62
946
472
494
313
314
382
376
402
377
394
295
360
355
354
357
355
357
352
356
359
331
333
397
391
332
331
393
399
393
398
276
277
276
276
334
339
349
355
346
331
1261
686
428
422
505
505
509
515
510
505
472
567
578
576
575
565
572
497
477
587
497
498
532
661
662
496
495
667
657
494
125
159
148
148
151
149
152
149
162
153
363
436
436
438
438
782
1087
363
362
360
1659
552
551
778
549
791
849
1208
553
832
195
262
585
194
195
235
233
280
260
253
222
223
219
290
293
264
265
263
265
265
56
68
68
66
67
68
66
67
67
67
180
183
180
182
240
238
180
180
217
218
158
159
210
213
167
155
187
158
158
156
149
149
150
160
149
147
215
199
178
182
199
202
263
265
238
239
238
240
238
241
195
193
232
236
236
231
234
234
236
235
67
65
79
78
79
82
65
197
130
65
364
372
368
361
378
369
547
549
366
555
