19
24
35
36
25
24
24
24
26
25
18
18
24
24
24
24
53
53
54
22
19
22
22
22
21
22
27
27
28
27
19
60
21
22
22
22
22
27
28
28
19
18
26
24
25
25
28
29
28
31
55
53
52
21
22
22
22
42
27
26
19
18
19
27
55
54
53
25
24
24
20
18
41
29
31
30
26
26
26
26
19
18
22
22
22
22
31
30
31
42
18
18
18
18
19
27
28
19
53
19
31
32
33
31
33
33
39
39
38
39
27
27
33
33
31
32
41
40
43
33
26
27
26
27
27
44
44
44
42
31
76
27
26
78
117
40
67
25
26
39
40
27
25
25
25
25
41
27
39
25
27
27
27
78
79
78
44
44
45
38
27
27
26
26
26
43
43
43
44
30
25
28
44
27
28
36
34
34
36
34
26
25
25
26
26
38
39
38
39
38
26
26
27
26
40
26
27
53
52
49
89
50
32
69
66
31
29
44
73
52
31
30
31
30
84
30
44
45
57
61
47
71
44
96
92
85
31
29
43
31
37
45
45
47
42
40
88
45
67
90
90
105
44
70
47
48
46
30
57
94
30
31
31
31
36
37
87
91
42
40
56
46
31
37
70
69
67
50
51
30
33
29
30
30
31
38
38
40
87
58
31
29
30
31
31
45
47
43
44
44
31
32
31
31
31
48
66
60
45
39
36
36
35
37
35
69
35
78
37
35
36
39
102
103
104
41
41
41
67
157
57
35
55
55
56
61
100
66
69
67
37
38
37
35
47
48
106
72
112
112
37
35
36
37
47
47
46
47
47
48
37
36
37
36
37
59
55
88
74
56
55
56
36
106
107
36
35
36
35
36
37
37
35
43
46
42
41
51
53
52
36
53
106
42
42
107
104
35
105
36
36
37
36
37
35
53
54
53
53
47
46
46
44
43
149
74
76
54
51
52
45
44
45
45
68
66
67
65
47
132
43
40
41
41
40
60
62
60
62
61
47
45
58
66
58
58
64
65
67
65
163
46
44
75
73
44
44
131
132
129
45
44
45
52
51
54
65
66
66
65
44
51
51
50
53
65
62
65
62
68
43
45
128
66
73
64
66
59
61
59
44
43
44
96
126
84
131
83
83
85
45
46
43
44
45
44
72
66
65
65
50
137
138
46
46
46
47
71
107
112
141
46
49
46
46
45
70
68
67
61
54
46
56
45
45
75
66
66
66
65
56
137
140
59
56
55
56
69
70
137
45
47
45
46
45
45
71
67
71
60
56
46
45
46
67
67
68
68
46
139
44
45
43
43
66
67
67
91
141
130
138
53
53
55
55
53
61
59
61
69
72
134
46
47
132
137
142
45
45
45
46
46
60
62
59
62
60
59
61
60
52
59
61
61
61
76
75
50
154
152
52
50
53
68
69
67
76
77
77
77
54
65
63
63
63
79
97
78
81
71
53
156
103
102
106
70
68
70
70
72
53
53
52
54
52
80
84
81
73
69
53
50
50
52
86
87
84
60
60
61
160
73
132
157
76
52
103
111
108
101
52
53
53
52
98
82
56
53
52
52
52
52
62
61
63
65
78
77
79
70
53
63
62
62
84
79
79
76
79
63
12
12
11
15
18
17
17
36
12
12
61
62
57
91
88
91
249
179
219
60
59
57
56
56
58
56
85
84
85
83
55
65
82
64
64
81
83
82
84
73
62
59
61
59
88
88
88
123
81
78
58
58
57
76
78
85
99
84
105
89
60
71
72
74
72
82
79
80
79
94
54
54
53
53
55
79
79
80
71
72
57
56
58
57
95
96
97
74
81
75
60
59
79
81
81
76
88
89
90
89
63
73
77
75
80
83
83
82
88
83
62
192
139
64
64
94
110
93
92
98
60
61
62
62
61
91
91
89
92
89
62
68
61
61
62
149
150
75
74
72
122
102
101
101
78
78
79
79
81
81
61
62
63
61
92
94
90
79
79
83
62
61
63
83
82
82
86
91
93
96
64
62
74
76
77
73
82
87
83
99
63
62
60
64
60
79
79
80
82
81
63
59
61
59
59
61
84
80
81
81
68
79
77
79
78
89
90
88
85
88
67
67
66
66
96
97
96
98
87
86
68
69
151
202
90
171
163
71
209
208
246
210
83
83
81
120
105
104
100
70
136
168
129
199
133
134
134
80
79
81
68
69
69
88
92
95
104
105
102
176
72
70
67
67
69
100
101
100
204
220
70
218
120
138
116
138
134
135
80
218
201
100
117
100
67
90
92
92
89
93
70
72
70
204
100
100
119
101
81
134
73
73
74
75
118
110
110
107
108
108
76
233
226
78
78
139
131
115
131
130
76
73
75
75
100
99
98
98
111
113
79
75
77
77
117
111
111
93
96
89
80
75
92
92
93
115
116
238
77
186
227
75
216
73
72
73
73
72
90
90
74
71
97
108
145
147
141
147
88
87
76
76
77
75
102
129
102
105
101
108
228
77
110
73
74
114
122
80
116
131
117
126
82
118
118
150
230
115
227
247
77
106
228
228
77
103
103
99
102
153
230
99
92
94
93
102
105
104
103
104
79
79
79
119
119
117
118
270
110
104
77
95
93
81
94
111
105
106
111
93
79
80
79
115
117
120
117
107
104
109
79
79
77
79
78
78
104
104
104
119
79
79
79
79
118
202
117
105
103
106
78
100
113
267
114
114
114
112
101
100
227
77
265
102
101
98
125
74
74
74
93
78
77
77
76
77
95
92
103
103
83
81
87
87
83
245
248
123
140
133
233
234
232
111
81
79
80
106
105
110
84
82
81
81
127
122
108
109
107
109
85
99
100
101
98
102
128
129
101
100
84
84
85
83
83
82
127
123
112
111
84
89
83
124
125
135
123
123
108
109
83
86
83
111
110
110
108
112
110
115
78
78
78
79
116
123
115
118
103
104
85
86
111
113
112
111
114
129
132
186
185
241
99
100
100
122
84
111
112
165
87
85
91
85
128
127
129
88
113
113
89
87
106
107
145
164
263
105
153
171
40
14
13
13
14
14
18
18
19
21
264
256
89
88
86
89
133
158
130
266
90
89
95
89
86
130
132
266
288
90
272
141
269
136
135
136
121
120
125
120
85
86
89
104
112
112
120
260
168
172
87
89
86
128
131
137
164
114
116
116
93
92
91
92
93
120
120
126
123
125
90
270
92
121
121
119
120
120
123
120
98
96
111
112
125
133
124
129
141
306
96
114
115
127
112
128
132
126
126
127
98
96
98
142
144
148
127
129
127
137
298
230
97
131
517
241
98
150
128
96
101
102
96
99
95
131
129
151
128
114
116
98
93
95
94
124
131
122
124
132
104
95
98
143
142
149
129
133
126
128
96
97
93
91
97
137
137
145
99
141
485
305
97
97
166
161
162
115
117
117
98
100
96
99
115
114
115
130
132
127
116
182
150
148
148
101
131
139
174
187
97
95
96
134
130
127
127
159
130
147
291
99
128
96
284
129
126
126
127
287
101
101
153
99
99
99
99
298
199
293
100
100
288
132
133
135
132
100
102
98
99
100
97
99
131
119
116
144
375
134
313
99
101
242
239
130
120
125
316
302
102
95
97
97
127
127
114
113
114
113
105
104
119
117
164
133
135
424
244
256
102
102
301
99
155
119
201
240
171
171
110
108
110
108
130
132
128
128
132
133
106
104
106
108
104
158
156
159
363
318
311
350
153
306
178
518
105
387
136
245
102
101
162
101
137
134
133
151
151
154
109
101
101
141
133
135
137
136
136
133
107
128
121
122
137
138
136
146
137
135
110
109
323
316
160
156
106
265
192
107
303
121
121
302
303
103
106
101
107
151
110
110
107
163
163
160
147
143
144
144
104
103
104
102
109
136
153
137
138
121
116
110
112
110
161
164
164
145
148
330
110
133
132
135
131
131
330
263
146
149
111
134
135
135
132
148
148
147
147
211
109
521
111
135
132
131
168
108
207
192
386
148
166
277
332
170
116
176
112
189
353
274
272
430
133
190
192
222
220
274
113
266
185
148
112
151
150
112
113
178
136
137
195
335
232
191
225
223
263
271
199
114
167
169
313
336
153
268
224
133
298
113
333
361
336
118
135
135
135
167
113
120
113
111
111
135
140
134
135
135
140
115
115
119
174
172
181
152
160
154
116
114
142
140
138
152
158
373
325
118
115
114
114
115
118
153
150
150
177
170
113
114
151
153
158
155
152
151
151
151
342
440
112
116
249
195
114
338
351
334
116
114
114
116
151
151
152
150
153
258
495
341
110
132
110
146
150
152
145
144
117
112
148
150
225
334
132
138
134
138
115
135
137
142
136
152
157
155
151
152
115
180
186
254
192
120
186
184
208
135
116
348
231
151
153
171
158
156
159
160
125
147
153
226
151
155
147
155
372
176
333
340
116
118
113
168
168
170
149
153
359
353
145
160
161
186
143
144
144
141
120
121
117
119
157
159
163
165
159
155
120
142
144
180
148
146
148
147
164
162
117
123
369
120
203
202
200
203
240
143
117
139
148
141
148
164
157
157
159
163
119
120
124
121
166
157
158
159
161
144
125
124
148
155
151
148
175
167
145
146
126
125
123
130
130
162
163
163
166
163
137
153
160
153
173
219
169
170
175
175
123
125
155
151
151
147
161
164
160
173
128
129
127
127
125
172
172
194
169
169
137
128
125
187
197
190
191
189
200
194
133
127
132
133
128
171
171
174
169
170
132
156
154
155
155
154
196
194
170
171
130
125
168
176
164
169
173
169
174
173
128
127
126
127
126
212
377
301
129
384
197
400
155
155
155
155
154
163
156
155
187
385
372
148
230
151
167
168
167
170
133
124
125
126
125
166
167
166
165
167
131
133
169
170
167
168
169
169
171
170
129
129
129
428
198
132
127
131
128
129
131
130
132
145
175
176
180
174
423
158
129
130
132
133
172
170
173
169
172
171
129
154
152
154
162
172
384
309
309
156
128
127
125
127
198
191
194
170
177
171
132
386
387
129
127
132
169
171
257
258
135
137
135
164
162
164
181
181
231
190
133
139
135
132
198
207
199
183
175
177
138
161
169
139
271
271
178
180
183
199
130
128
143
129
129
158
154
154
157
153
134
132
135
140
178
185
194
178
177
217
145
132
132
142
200
197
198
177
177
176
137
166
162
165
181
192
184
207
138
268
132
407
418
395
324
229
134
425
320
177
460
281
280
366
243
260
239
339
140
355
133
140
134
134
142
191
200
398
403
133
143
144
155
189
195
205
227
192
188
193
149
146
146
142
148
150
174
175
173
190
142
140
141
191
663
143
221
215
256
214
429
245
243
243
148
144
144
141
193
190
145
146
249
248
250
194
193
192
151
177
146
199
435
144
344
484
146
145
145
145
429
179
174
172
174
195
195
193
193
192
145
151
191
197
191
193
192
195
198
191
143
146
218
213
213
170
176
176
171
429
160
146
146
148
298
147
147
232
219
214
441
176
176
176
176
176
173
177
178
176
170
147
144
148
144
191
192
499
341
343
142
141
425
432
140
415
185
189
187
184
139
137
138
139
139
183
185
187
176
167
144
150
191
190
191
170
173
174
172
179
144
144
145
144
192
191
246
244
244
220
141
142
151
140
169
174
172
168
169
168
144
145
194
190
189
266
206
186
424
171
147
145
151
150
174
173
173
173
192
190
146
145
465
148
170
150
146
189
202
236
149
149
232
242
256
468
299
295
184
177
198
448
147
149
149
152
148
150
150
150
152
150
152
226
225
231
225
224
232
231
144
144
153
175
174
171
173
201
173
174
147
147
150
149
150
221
197
176
182
181
144
173
172
174
171
192
192
232
191
191
154
184
222
177
179
182
180
181
200
201
149
157
199
199
199
179
179
179
447
449
428
299
298
202
180
178
198
200
304
343
150
176
179
176
200
195
199
197
258
443
302
166
421
244
273
267
314
322
160
157
153
223
366
181
304
379
152
153
316
448
550
291
203
655
260
226
259
303
377
367
451
152
157
151
321
205
204
199
201
332
475
160
163
170
160
159
216
212
162
217
161
158
211
236
215
173
209
211
158
207
165
156
157
210
230
220
221
197
188
187
600
156
155
164
159
161
156
209
209
219
160
159
210
215
211
209
215
214
211
475
281
367
361
157
180
182
180
226
200
202
161
193
195
193
194
194
195
241
217
217
163
192
196
194
229
221
213
218
215
214
159
159
158
158
237
237
237
190
190
192
163
162
191
194
196
193
193
195
214
216
159
191
191
208
191
212
211
211
232
343
163
165
161
214
304
488
288
325
321
491
168
162
216
216
223
217
218
217
215
217
162
161
213
214
222
215
213
215
347
232
164
159
211
211
212
210
211
213
211
210
166
478
160
215
246
213
213
198
193
197
164
165
167
250
488
163
163
163
168
162
190
169
301
165
219
219
243
494
413
491
165
164
165
162
253
242
240
164
163
280
167
173
588
174
202
199
207
244
237
231
382
169
164
249
577
167
163
568
163
219
161
166
159
212
213
221
205
234
215
418
165
166
219
218
221
561
199
196
197
579
167
817
165
526
330
171
256
267
261
221
165
538
588
172
521
260
497
269
240
339
165
786
289
279
169
166
331
237
163
535
822
297
615
341
352
298
601
638
176
636
184
229
178
233
213
259
345
268
467
293
302
547
279
260
176
304
300
811
178
275
279
286
294
179
270
175
303
174
171
276
280
269
270
174
304
268
174
277
171
271
175
749
172
231
231
259
257
342
208
207
175
175
632
251
208
609
216
209
217
174
174
176
603
174
208
213
208
212
211
208
176
259
378
176
563
241
326
230
210
790
191
171
172
207
231
229
232
230
231
233
205
176
174
170
241
238
229
204
205
205
526
313
182
596
173
174
197
177
232
231
176
208
287
562
313
258
178
260
174
355
271
260
262
350
300
258
221
702
225
189
181
284
561
577
354
560
239
244
365
181
312
429
276
284
408
366
177
196
430
306
283
220
326
352
448
188
265
178
177
180
305
184
442
181
179
268
274
178
177
177
374
177
276
182
356
342
240
423
179
214
740
560
523
533
178
308
303
230
289
260
179
184
221
496
239
269
335
237
267
264
529
291
499
233
173
259
260
420
173
173
175
177
175
244
235
422
459
355
354
178
177
175
198
182
231
235
240
234
237
230
181
191
185
247
244
241
243
242
240
240
177
176
175
243
236
234
233
232
238
233
172
178
174
209
478
207
345
343
180
269
181
181
179
267
182
226
218
213
216
214
179
183
184
244
235
245
237
244
240
239
184
183
181
180
271
258
241
242
249
242
185
194
189
217
251
246
246
249
256
247
186
186
191
250
255
502
186
329
378
401
191
551
191
185
190
245
246
246
223
224
185
189
184
254
247
253
223
222
226
220
183
178
182
179
249
242
236
244
238
236
180
185
184
180
240
238
239
336
418
216
183
183
241
243
243
240
242
242
244
241
185
188
248
247
246
253
250
247
247
250
191
190
229
228
255
256
256
253
258
257
183
183
188
186
181
279
279
270
305
217
190
194
186
186
250
249
253
250
250
223
201
194
202
197
194
197
258
267
266
257
193
197
194
195
199
254
269
232
231
230
194
191
198
191
193
190
198
255
261
259
195
198
232
234
234
257
319
258
258
256
190
193
231
231
394
253
253
522
387
189
194
196
198
254
278
255
257
267
260
263
190
193
191
261
265
233
227
258
228
228
190
195
189
190
263
259
227
228
229
459
571
193
573
295
283
237
230
231
227
229
190
192
253
253
253
267
259
255
227
232
193
192
229
230
228
256
255
260
254
266
197
198
195
196
261
261
259
272
268
261
198
191
198
191
273
260
258
242
230
240
597
242
236
399
396
236
238
239
267
278
197
239
236
234
266
265
263
260
258
337
194
196
195
385
392
195
192
199
201
468
199
193
192
335
463
193
582
233
233
231
192
195
194
191
198
238
226
234
248
239
198
195
200
285
269
260
261
270
259
266
206
205
204
272
272
280
244
242
625
207
235
204
197
201
268
238
278
249
699
500
197
198
239
261
238
235
236
236
393
592
200
397
601
342
341
240
247
240
239
239
612
206
205
206
277
276
276
273
272
277
235
205
195
195
262
264
205
233
264
260
203
214
202
204
272
273
271
246
235
242
223
640
369
318
452
561
315
334
423
212
196
260
294
572
416
625
260
411
264
451
480
308
304
246
240
323
240
265
338
276
228
211
210
213
419
363
221
708
286
300
210
632
630
642
219
421
360
1009
457
211
620
598
249
408
391
271
205
348
500
1043
213
835
990
212
377
361
430
446
559
825
866
249
250
621
206
268
597
224
213
213
589
499
617
623
212
488
323
649
606
417
575
505
369
318
490
314
215
344
396
379
505
546
392
438
216
228
211
208
216
210
349
367
369
276
208
277
347
207
348
222
206
207
203
211
233
270
270
269
267
268
213
211
213
651
427
422
422
254
254
251
212
212
216
214
257
253
253
283
281
287
212
221
210
213
212
212
286
283
284
255
217
209
211
209
290
276
280
281
284
276
212
211
213
254
258
253
253
253
254
258
223
212
212
213
217
282
284
281
281
258
213
212
288
283
287
283
283
282
283
257
217
260
256
262
263
261
254
261
262
260
222
342
213
212
639
652
212
219
272
253
208
209
209
275
277
276
277
275
258
284
225
212
291
289
282
282
252
263
693
215
316
645
320
321
227
692
217
288
286
645
637
698
217
214
295
286
290
319
255
637
212
356
212
215
491
214
214
218
346
337
233
341
214
349
318
215
328
331
578
375
220
224
209
209
331
363
405
409
254
273
820
260
373
705
219
219
358
222
290
357
376
371
344
217
219
362
216
217
362
286
220
218
238
213
327
335
219
217
509
519
379
320
220
221
217
219
281
461
260
422
362
458
229
228
228
220
221
221
225
220
332
336
234
555
296
531
475
233
224
347
353
648
464
332
514
225
220
259
350
290
602
230
243
654
215
220
219
239
216
315
219
211
212
213
283
287
300
317
280
286
223
222
232
223
230
223
306
296
227
224
232
230
429
687
230
224
228
234
230
223
418
537
669
222
224
548
222
221
221
292
230
230
224
299
300
306
300
297
307
312
231
670
243
675
224
227
371
230
343
376
297
306
234
225
538
456
387
226
231
225
228
280
273
271
271
275
273
277
280
688
230
272
275
274
227
300
298
271
685
1028
229
229
302
306
319
297
278
305
305
315
254
231
714
227
228
228
227
277
272
278
687
231
244
229
230
316
302
302
229
230
224
266
282
270
295
296
303
267
273
273
692
321
240
238
234
234
305
316
310
230
228
226
318
329
243
550
689
231
251
324
344
226
596
543
258
240
377
258
228
307
240
230
550
280
671
697
230
359
232
228
727
390
235
365
304
276
278
643
416
239
232
229
235
228
275
375
258
284
438
310
255
458
730
370
459
242
463
605
357
650
233
678
225
231
248
224
227
272
683
283
623
456
684
242
230
307
312
316
323
280
679
266
333
664
379
333
311
678
698
222
234
235
322
311
316
313
312
283
285
282
232
702
448
398
241
256
233
259
313
308
233
268
238
233
336
315
310
308
314
310
231
229
308
306
311
307
305
327
277
276
240
247
239
241
240
321
322
244
240
242
348
723
490
486
289
291
291
277
330
321
238
241
238
289
295
295
286
284
292
291
263
251
247
330
325
323
323
348
328
327
242
235
232
244
233
243
239
314
313
311
239
236
236
237
716
239
235
249
266
280
238
242
235
281
279
281
339
742
705
235
258
258
247
244
338
325
320
328
328
325
234
244
236
310
312
281
280
283
311
334
242
242
244
242
321
322
294
302
242
730
247
239
332
316
320
287
749
239
239
243
244
243
243
244
293
312
290
293
292
291
241
244
240
246
241
323
335
292
289
292
244
240
242
241
324
340
491
725
801
242
245
299
489
483
242
243
242
320
321
340
239
240
242
240
317
319
288
294
287
318
246
243
246
322
338
294
297
290
331
324
238
287
283
283
314
315
321
281
283
282
243
239
240
320
320
321
335
325
347
289
761
735
326
337
348
302
300
304
333
329
640
291
293
294
301
294
298
294
294
294
243
272
246
243
323
326
291
291
292
320
247
273
259
337
325
325
337
323
2173
302
246
247
262
815
335
494
496
297
293
295
238
238
241
321
318
315
319
315
313
312
236
242
287
284
299
296
283
316
328
317
242
243
253
320
322
324
322
335
319
289
252
252
297
294
318
301
295
335
328
327
735
749
272
246
326
324
337
326
315
337
262
263
255
252
252
253
253
259
255
306
270
262
250
354
334
331
336
338
303
397
784
261
377
449
431
395
421
265
837
294
255
281
305
321
258
767
796
259
266
260
260
333
346
334
256
1146
291
518
428
614
789
584
388
451
406
263
261
269
467
702
263
251
731
725
438
371
487
329
362
366
260
264
266
251
266
314
316
334
303
304
255
251
256
252
333
360
305
314
314
341
267
263
262
346
348
346
353
343
310
307
261
312
339
321
318
314
344
347
348
312
251
250
336
330
333
302
324
349
333
340
252
253
258
334
337
334
331
307
336
338
249
300
297
297
329
335
309
300
295
329
252
255
255
338
352
335
355
340
308
318
255
258
258
257
350
340
788
257
258
263
256
258
1032
854
305
764
756
271
253
251
278
271
270
263
360
800
789
777
641
258
261
260
261
356
364
313
311
314
331
277
619
459
507
523
518
255
256
270
345
344
682
844
807
358
394
388
633
802
262
386
747
688
644
453
257
514
258
393
380
422
412
259
636
794
456
447
258
319
425
492
760
263
253
253
426
1228
406
285
254
252
262
266
423
353
280
404
401
572
757
262
272
522
263
413
519
406
393
265
877
324
306
271
258
672
272
270
260
392
427
274
258
472
262
291
258
265
259
433
466
384
270
414
256
419
253
668
522
507
501
255
265
269
265
270
267
264
266
264
265
270
270
878
800
274
272
279
321
320
342
319
266
265
347
336
355
349
354
330
320
346
277
278
273
367
391
456
849
834
274
306
266
265
264
320
792
977
473
318
326
790
498
465
573
546
279
275
591
663
369
628
295
274
794
475
276
437
274
461
468
273
1277
280
293
269
545
836
839
418
539
418
412
265
1033
495
414
656
381
400
398
413
779
1260
420
563
429
462
546
794
413
261
272
731
451
365
457
681
316
378
557
519
860
528
688
339
812
280
804
648
489
272
388
833
525
331
355
276
277
458
754
559
835
397
829
280
856
663
833
276
276
279
269
278
274
269
360
357
360
364
359
323
270
268
324
323
358
363
360
327
323
358
269
271
354
357
362
321
323
321
325
326
276
300
281
373
371
367
329
356
338
336
278
332
334
343
370
374
332
330
335
368
277
276
332
348
331
333
333
379
367
386
275
392
277
369
381
332
338
334
365
374
281
277
277
283
403
374
332
332
329
365
272
284
362
360
367
347
334
363
368
363
285
274
274
371
367
329
341
330
370
398
273
273
271
268
339
324
357
358
375
320
276
843
461
279
279
371
384
371
392
371
281
278
282
383
367
396
334
334
371
375
272
329
329
327
327
329
364
379
363
365
278
835
277
827
866
278
277
280
335
330
288
345
330
344
335
357
369
367
368
373
273
272
368
368
387
330
342
382
366
383
282
276
277
369
382
329
332
367
874
284
280
350
288
282
284
285
289
332
333
338
285
290
278
339
349
346
340
337
375
377
277
346
359
352
332
333
383
369
368
346
292
352
331
333
372
373
376
713
838
673
287
299
293
383
387
382
377
398
344
338
297
375
407
342
336
333
369
387
339
335
398
282
560
588
282
285
283
291
288
283
278
332
353
342
364
382
345
327
326
367
274
285
378
365
384
329
328
378
364
391
288
285
286
367
342
382
389
388
362
350
286
286
283
381
391
395
339
854
287
284
292
292
348
335
359
341
355
360
299
870
286
294
375
379
372
331
361
345
339
336
293
298
293
392
386
392
353
351
386
384
281
339
340
353
342
336
373
371
398
354
282
336
332
331
369
385
333
331
330
374
289
293
387
386
410
358
350
398
389
400
286
903
640
434
428
344
356
375
311
300
515
318
524
460
482
288
862
328
393
382
298
296
300
298
315
294
294
355
360
354
508
527
538
337
532
874
290
494
356
291
296
298
287
291
397
383
381
383
397
349
516
528
516
325
545
916
300
296
305
297
321
297
396
399
400
395
356
395
412
397
520
516
307
312
291
295
303
898
290
356
322
507
313
479
526
468
462
874
292
700
305
297
298
303
305
355
368
356
356
356
428
547
526
349
505
325
515
486
725
699
297
300
298
293
306
350
359
350
358
357
936
942
300
303
308
403
404
399
363
374
297
295
294
392
392
371
360
353
395
392
300
347
409
360
351
357
355
358
352
348
292
294
395
392
389
354
350
402
396
424
291
289
322
291
290
397
348
401
385
405
302
327
402
385
385
387
402
347
360
347
297
301
302
392
407
391
365
356
403
412
305
299
299
318
400
398
396
426
359
358
286
347
345
344
368
449
380
396
431
343
308
360
366
300
913
401
423
301
301
320
303
301
302
301
365
374
361
377
377
399
310
314
314
406
408
386
371
381
417
410
314
329
331
413
423
474
928
962
308
319
320
362
357
369
359
364
361
365
358
368
304
301
415
399
360
372
361
400
419
361
307
324
394
411
415
410
412
370
385
372
305
305
314
364
364
403
403
371
364
364
309
300
300
373
380
402
397
420
384
369
306
304
312
406
418
365
374
364
365
366
307
303
307
817
898
299
297
299
401
448
309
306
314
402
402
404
365
361
405
409
373
316
313
412
414
415
375
376
416
416
304
302
303
302
380
365
425
402
430
362
332
400
386
984
311
320
321
377
376
383
314
313
318
392
973
768
934
312
313
320
308
309
318
309
382
370
368
370
391
371
311
366
365
361
365
370
406
401
369
365
301
362
360
359
359
390
375
375
362
398
302
304
402
421
378
362
361
406
404
365
343
318
420
416
412
426
419
376
376
372
311
310
319
417
434
376
376
373
415
418
305
303
304
404
400
398
376
368
401
405
312
308
316
310
370
372
415
411
371
368
306
365
375
368
365
370
406
409
378
368
311
376
375
372
394
375
421
418
414
375
308
358
358
361
376
359
368
357
357
358
316
319
425
414
388
376
372
417
437
376
304
302
404
404
405
305
314
303
369
362
320
332
303
959
306
731
735
310
304
303
302
304
303
364
362
377
363
365
402
401
315
379
391
389
381
387
431
434
432
328
323
321
390
384
424
433
386
386
387
424
310
317
420
413
371
373
373
372
375
372
322
334
436
433
431
388
390
392
386
390
312
309
305
407
415
369
368
376
373
369
945
374
936
377
392
375
387
377
414
419
320
372
385
392
376
375
415
413
381
373
308
367
376
369
373
371
409
421
367
368
331
393
385
404
387
388
384
384
384
399
317
391
375
395
374
393
394
376
375
392
323
780
781
324
327
324
399
391
434
435
552
998
974
325
325
324
432
433
390
395
321
402
405
398
395
383
382
383
384
383
325
398
422
421
394
395
436
436
393
401
319
321
314
317
422
421
378
387
980
424
326
321
324
387
388
392
390
389
441
432
351
326
329
427
428
388
384
386
425
441
322
344
965
326
325
326
393
383
388
383
322
320
432
434
387
387
402
531
382
640
319
321
384
382
399
384
383
439
2289
443
973
335
380
329
505
494
482
328
328
322
403
390
403
404
400
464
434
391
391
391
332
324
327
393
387
428
451
388
390
388
322
980
320
341
326
385
398
629
419
959
395
524
535
558
346
558
330
544
907
558
1082
1006
1008
344
945
989
590
362
578
356
1031
695
1043
992
333
330
334
362
333
345
338
409
418
575
347
590
381
591
1072
392
330
437
980
331
347
442
465
392
393
569
329
319
338
1148
664
517
420
320
659
318
332
518
336
333
347
352
714
696
600
396
643
466
624
505
565
619
558
337
326
327
328
987
327
1061
334
327
328
392
400
871
625
531
1027
1025
446
467
399
398
401
400
328
1025
1017
328
437
465
402
650
330
396
340
334
447
476
406
408
435
425
407
411
328
328
435
456
392
394
393
435
437
394
326
488
321
647
323
326
329
429
327
397
346
325
436
441
396
390
391
389
414
431
338
354
453
463
406
414
415
416
409
1017
346
344
341
340
412
415
421
357
341
452
347
344
571
694
819
345
838
340
826
364
1033
1051
341
348
1046
348
347
341
341
361
336
653
1045
453
334
332
353
332
338
381
364
868
806
661
409
594
328
701
961
1023
963
600
674
459
463
472
473
1043
1053
1024
458
383
364
687
525
674
1012
372
350
736
518
696
536
341
351
1031
574
463
549
727
1604
686
1060
353
561
1022
341
338
587
367
462
516
547
603
346
1117
1162
542
353
758
546
348
555
687
691
344
343
343
373
703
347
345
341
457
469
420
412
408
458
491
343
344
342
465
459
422
426
345
350
355
339
344
339
401
430
407
408
408
440
409
340
338
337
463
453
409
410
413
411
409
338
346
1012
415
406
339
338
450
448
404
344
334
449
443
402
412
399
484
460
402
344
416
416
420
428
422
1049
1056
345
344
347
682
752
363
352
1154
549
676
353
354
339
339
347
343
336
345
338
341
344
338
350
357
414
416
358
1046
554
356
586
355
350
361
355
359
419
1097
1053
358
352
350
350
341
350
411
725
1037
358
1094
689
342
346
414
470
419
416
410
472
457
411
415
345
359
344
470
458
414
412
428
479
533
703
338
508
1017
1032
348
336
455
452
405
342
345
476
461
411
445
431
434
410
454
338
341
411
409
405
422
406
831
339
338
670
336
1054
834
592
337
338
335
446
465
1041
415
347
346
347
465
473
417
437
503
348
365
469
469
420
425
413
1055
1131
348
359
367
773
482
428
430
427
425
424
434
365
434
431
504
431
429
430
437
446
433
395
1062
1080
472
451
428
424
424
450
422
364
423
427
424
428
438
455
441
489
518
351
1212
403
423
421
469
474
361
1121
351
348
346
463
487
461
488
432
416
423
844
384
354
603
1098
353
350
524
471
480
420
353
1072
423
466
376
353
356
421
430
437
357
354
366
474
471
428
421
424
435
431
359
374
444
437
429
465
443
445
431
436
1068
360
369
478
490
430
429
459
453
426
368
369
352
470
469
428
437
430
422
422
353
368
428
434
425
458
1072
363
354
421
372
379
494
499
455
444
448
444
438
436
356
359
432
432
428
437
468
641
369
754
351
890
350
357
349
420
426
360
351
1053
636
399
636
371
595
909
423
424
444
375
354
352
440
437
456
354
1057
363
369
374
623
1079
892
356
366
359
355
358
355
362
356
380
481
472
491
427
451
1076
446
398
1181
368
363
363
438
435
367
1095
364
381
770
635
381
622
664
390
489
491
373
366
362
372
506
357
492
1091
360
359
364
367
963
369
364
372
1089
363
485
877
436
458
373
373
367
363
439
449
494
956
369
367
357
427
444
453
436
447
440
429
433
453
360
733
1089
359
359
365
362
432
527
360
365
485
483
1091
359
363
358
378
475
1079
365
425
424
434
361
392
1101
406
1703
1101
1128
445
623
1111
1147
821
382
638
386
612
377
394
512
504
917
581
603
1130
375
1120
364
375
421
437
436
429
448
448
396
362
399
382
372
447
447
443
451
442
436
370
363
363
436
434
372
362
371
488
886
1016
371
377
355
369
360
357
374
356
357
657
375
380
394
1137
381
749
374
375
377
373
387
1143
1132
376
370
454
744
371
889
761
376
374
373
458
448
503
502
462
874
580
797
394
1309
368
368
631
1154
376
369
1126
384
498
491
535
445
446
445
443
443
471
396
452
460
458
461
471
844
387
400
581
593
378
492
515
1316
373
381
469
447
464
1186
693
496
505
904
551
384
731
1053
636
639
841
376
763
781
679
1166
379
581
530
641
991
586
599
611
381
385
604
443
786
1023
381
905
996
1005
458
587
411
1127
375
1103
369
495
494
452
440
473
443
448
443
378
476
465
728
1142
725
924
388
378
375
383
378
1150
539
1132
383
376
376
415
499
388
381
459
467
497
500
449
466
453
524
368
391
369
1174
365
367
363
570
378
1134
1191
639
489
638
644
1239
448
996
374
563
371
452
455
380
374
452
465
574
773
636
376
1183
378
380
375
456
482
1181
461
905
372
381
374
395
382
396
386
377
378
381
382
371
495
499
1109
374
367
375
551
1114
395
1124
1172
387
915
590
565
383
375
376
376
377
960
1124
378
447
456
502
465
466
397
1141
397
393
1146
1136
1120
642
376
379
415
466
395
932
388
390
389
397
467
544
1265
863
525
512
398
1234
384
386
396
476
398
642
493
597
930
532
538
461
480
468
398
387
526
519
475
465
470
468
465
496
383
1150
580
660
391
1178
1200
387
582
392
956
406
392
390
942
774
487
634
404
1154
369
370
379
368
391
1180
1112
580
370
368
388
484
470
476
492
484
1889
1201
1169
402
1166
382
518
1237
1201
601
515
941
397
384
395
398
385
529
514
469
476
469
461
467
400
421
536
550
503
488
474
1204
1201
1238
401
1224
1187
1230
393
1156
1184
419
401
490
647
389
1270
388
609
1192
1161
388
520
416
392
399
389
390
384
411
386
404
399
385
444
606
501
767
488
697
1232
1205
389
467
396
408
1217
576
408
597
519
397
449
603
396
382
384
384
910
1186
381
1197
1127
383
385
1002
1536
385
512
1267
1685
576
387
874
394
408
1976
1214
1230
727
418
432
1192
394
394
388
402
1176
393
424
722
606
1360
395
767
637
438
410
394
408
390
394
391
390
388
401
403
482
523
519
468
492
468
464
393
399
407
484
410
966
1212
404
1186
419
522
653
403
630
406
950
418
598
726
594
1050
457
411
630
662
477
481
477
399
404
1222
775
581
1347
1148
1147
385
389
382
525
398
396
394
393
1184
394
397
1195
407
591
395
473
475
476
484
476
473
489
476
479
394
410
522
523
472
395
1242
887
429
526
401
1176
1353
477
950
423
401
393
1162
1405
1222
486
1219
404
493
494
487
487
428
430
1227
416
543
994
1093
984
417
406
549
545
411
1247
412
406
404
485
501
406
408
414
397
512
395
393
395
470
469
393
393
393
409
464
409
708
603
516
550
782
1062
646
1212
1213
930
411
1207
401
425
488
1349
494
1148
993
417
636
913
994
827
692
557
743
540
429
420
644
714
550
556
1235
566
544
574
956
525
564
395
1180
527
474
635
1203
406
678
422
547
1014
1154
647
714
440
660
1247
632
406
426
424
426
415
459
502
595
1013
706
428
744
679
581
409
416
414
1078
1249
414
557
631
635
411
504
1247
1159
417
850
412
414
506
582
472
929
709
814
816
411
614
653
1499
1235
596
437
681
766
490
433
685
506
584
402
705
1457
1229
1207
407
1182
405
1273
1049
391
395
1984
402
411
896
421
661
1250
1252
1247
1225
572
548
494
977
403
431
561
413
560
895
912
1062
403
825
475
1022
713
681
412
644
655
1327
404
999
1528
1207
533
693
699
398
405
1262
710
701
413
477
506
501
1007
401
405
614
399
491
411
443
404
749
1198
1114
493
405
819
621
408
421
411
497
502
421
414
671
426
421
403
401
417
671
430
657
409
883
689
498
696
431
699
639
620
708
552
837
435
407
419
594
586
408
453
500
490
527
496
544
402
484
484
497
508
529
482
480
495
485
432
643
468
702
963
402
586
640
407
404
402
401
405
395
476
484
1911
408
916
599
407
409
434
414
1217
1256
407
414
438
513
1192
419
1272
451
425
426
498
499
560
1239
411
427
425
625
638
541
503
1003
1074
424
1022
668
414
984
1346
412
413
422
412
511
415
406
536
539
1186
804
406
403
404
520
427
763
628
617
1084
413
418
421
1288
427
425
419
579
547
507
498
487
497
496
506
413
1292
1281
420
416
416
843
963
1002
425
1256
490
411
469
414
410
414
409
407
490
427
418
421
473
413
551
1023
427
644
617
490
1646
865
457
1313
864
567
870
486
1325
1343
1159
1249
427
430
731
517
508
423
428
421
410
425
412
409
409
480
410
408
1241
729
432
433
1288
426
1004
1010
769
431
418
406
436
835
1232
423
593
703
809
916
427
1311
681
737
703
436
452
976
425
800
671
665
448
917
414
905
1274
409
411
433
511
416
414
726
646
1092
695
744
1276
422
438
958
1110
897
515
1444
419
478
512
552
426
447
911
729
720
835
1583
449
430
464
466
571
455
453
487
858
443
656
469
434
451
1086
476
824
483
468
730
429
843
522
542
665
1299
1224
527
508
514
517
469
687
1406
426
435
604
585
540
739
768
761
485
695
591
723
740
517
534
514
758
847
596
665
696
1299
513
547
456
442
759
681
441
712
942
1004
1002
420
414
415
938
415
829
916
723
527
666
1266
982
1322
1286
1275
421
509
853
439
488
464
441
442
1304
427
575
625
496
508
846
1309
442
1262
434
641
429
1249
470
428
432
426
424
2040
454
707
855
446
532
1170
435
676
445
453
721
431
465
1370
686
769
725
463
674
1298
1075
645
760
426
430
426
510
703
641
584
578
515
1292
426
583
439
433
435
434
454
437
431
432
533
424
441
521
515
518
508
514
517
424
524
575
674
452
934
584
759
458
891
1200
946
512
885
433
835
733
510
684
741
672
451
696
546
459
456
443
812
451
752
447
646
557
913
581
620
671
432
1232
1480
1251
805
436
437
452
1366
1355
1325
440
485
450
440
1374
690
652
538
552
741
687
470
670
685
434
1385
445
576
579
460
435
1300
434
434
1362
853
428
424
432
713
522
1337
428
465
1114
439
846
775
1365
1054
1310
491
571
1363
758
1191
426
628
475
1409
1236
478
1870
671
733
458
527
1329
559
464
2028
1057
521
526
438
505
720
870
452
1074
1606
1066
455
1052
450
439
662
462
881
880
456
442
529
523
437
445
571
523
583
606
442
459
813
438
771
819
666
534
1376
773
1752
452
600
590
446
446
521
454
608
540
652
1090
447
454
460
992
1097
444
1106
1087
480
637
1333
525
436
441
434
592
733
441
430
450
527
583
939
444
444
548
535
1081
446
444
459
443
1358
454
806
549
1236
456
445
1785
468
788
451
748
726
750
838
658
451
466
530
893
986
1075
846
459
764
529
528
1229
445
468
682
917
844
453
440
457
547
528
534
530
799
846
789
1298
1083
1052
446
1038
441
440
461
446
516
563
950
1133
464
522
475
492
1044
1122
451
1327
1374
1348
908
545
448
469
827
500
778
438
916
441
445
613
889
661
459
486
444
533
557
577
581
828
474
803
867
796
798
444
712
725
686
510
1350
1326
570
591
582
581
450
453
678
1121
1380
752
890
447
741
1232
892
544
437
1266
436
576
1413
1326
912
1359
441
1063
1335
1009
441
441
1074
1357
438
438
535
523
448
448
439
538
466
745
449
1284
1356
445
993
540
542
566
468
455
1389
456
1115
486
876
573
461
520
453
1084
450
466
463
445
455
536
549
450
462
809
462
801
1416
495
716
1134
598
463
453
608
1528
1360
459
1093
469
450
457
465
474
731
452
588
1151
1417
447
1187
1345
1203
437
442
738
446
738
701
1058
1049
630
445
454
445
475
456
457
533
553
452
454
454
454
767
498
1372
452
473
787
1273
583
459
438
1276
441
922
889
872
440
454
527
534
467
451
514
541
466
465
450
452
456
611
463
552
556
563
558
561
570
565
552
566
460
737
566
564
552
557
1329
1443
1428
473
783
1444
472
445
445
1119
439
451
699
464
495
734
453
462
1105
511
680
711
455
451
671
1359
477
481
996
611
1142
457
482
449
459
454
544
555
454
452
467
545
549
467
466
473
570
558
461
466
488
461
462
638
1391
463
472
463
469
474
573
552
853
939
458
464
545
543
551
545
550
547
556
552
460
454
540
467
447
523
541
606
755
481
454
1255
909
1373
451
453
573
568
452
452
487
462
553
461
794
689
739
465
464
563
457
558
541
571
542
537
556
563
1298
1093
618
708
1481
638
1067
1207
1360
451
449
476
460
525
781
491
755
469
474
483
474
480
804
782
714
693
1384
1169
1429
466
492
803
472
498
617
613
462
934
946
460
467
461
1373
1176
717
1154
1358
1380
1436
615
465
1114
454
466
553
549
592
547
551
546
558
545
1412
467
450
542
543
457
451
453
560
549
650
700
690
718
465
467
561
563
573
556
475
482
470
577
565
645
1006
3040
2506
504
1384
1378
459
458
777
464
479
461
477
734
850
878
512
482
959
1447
1426
477
471
570
740
483
839
508
846
860
788
480
480
469
479
1144
472
463
509
1374
1102
513
502
752
830
494
476
1555
728
570
893
1895
1240
1428
763
720
750
476
715
470
464
1337
708
700
493
474
633
643
564
569
747
577
778
522
473
471
451
478
524
720
454
1362
462
675
781
475
770
1872
503
929
946
469
465
475
1347
489
920
550
913
458
455
486
459
918
795
1431
1430
752
821
476
477
570
568
570
478
485
555
586
1181
798
1443
521
486
1019
485
467
1013
1468
477
1171
608
465
470
469
1410
568
560
463
467
692
1411
1177
479
793
1456
1458
1387
461
469
466
465
466
712
469
479
498
474
478
493
490
477
478
473
467
490
839
492
506
490
845
485
519
472
1413
480
574
575
572
584
585
569
572
586
584
476
561
562
556
473
470
469
467
498
467
485
469
569
571
502
472
467
573
574
471
475
534
584
486
1409
1433
640
473
471
479
498
471
1119
463
1013
631
619
465
485
467
771
472
475
471
470
567
559
577
576
558
466
567
575
559
555
558
560
561
564
559
485
1127
1573
1422
495
474
577
593
472
471
729
482
770
822
472
990
838
1144
596
644
478
473
475
476
591
577
569
580
575
575
491
1396
1423
1411
483
1228
588
1426
472
707
1479
476
483
642
645
491
477
642
800
479
476
497
472
488
475
473
667
633
494
477
477
479
479
467
467
468
476
476
835
1450
731
691
480
463
462
560
577
1135
953
781
1503
483
512
494
491
664
657
985
497
493
810
497
489
1430
475
475
571
602
571
617
1423
995
483
972
475
503
1451
594
597
475
1446
976
597
581
577
612
588
598
590
588
483
470
565
560
569
563
560
560
561
580
506
482
535
583
601
580
605
577
595
594
493
514
592
598
601
598
504
491
502
604
483
596
598
585
604
831
1526
1523
870
796
821
948
567
573
476
501
582
829
848
847
502
1473
1473
1331
489
489
1475
1468
492
507
490
481
597
605
600
1051
1126
896
482
1479
489
496
583
597
582
1523
486
510
525
524
492
544
500
494
642
855
1496
484
497
489
507
1564
520
909
882
544
565
537
545
558
844
852
503
554
835
509
650
853
491
843
800
792
586
582
614
1518
484
583
1378
483
506
587
585
589
589
597
587
589
587
588
511
589
593
587
585
607
597
591
584
587
491
486
1459
505
484
480
505
580
654
641
495
511
681
658
508
492
682
658
503
496
523
504
486
507
517
505
494
544
514
506
502
509
480
528
486
490
494
509
494
834
707
979
516
1171
499
501
588
587
486
1461
506
507
1214
1015
1174
491
502
492
495
492
1483
1501
499
504
624
506
494
824
572
1471
1016
610
803
666
491
1003
1013
1173
741
774
753
826
598
1495
578
998
512
513
596
617
483
481
599
489
1389
844
518
783
490
1482
1189
566
599
544
522
523
702
672
641
728
514
1196
748
563
500
542
596
604
515
511
901
490
1172
495
511
613
584
585
594
585
599
533
1598
760
631
520
660
698
515
540
1038
1565
1023
2182
497
1107
1013
1266
1425
501
515
493
605
601
492
495
494
797
804
496
514
514
514
499
496
500
499
497
513
1493
2366
492
1464
493
509
489
491
538
608
631
483
487
482
503
575
648
646
486
485
555
501
511
490
751
627
507
835
835
849
506
511
511
845
558
802
905
662
866
858
884
1189
1647
537
635
849
1369
934
609
521
512
496
522
495
674
659
505
495
594
593
607
511
631
598
621
600
631
599
609
601
612
500
607
609
630
603
505
517
598
617
611
826
538
853
622
856
778
989
538
1072
715
565
788
510
863
602
808
885
788
833
892
505
514
676
599
498
538
787
706
999
990
528
511
508
521
516
532
527
512
521
510
524
517
615
610
610
610
606
625
625
623
522
519
647
625
514
523
541
1042
785
805
633
1194
854
695
860
584
526
934
922
939
1018
531
1257
685
850
631
889
512
653
524
1249
742
759
498
494
540
501
513
595
617
524
1562
1006
752
503
502
502
501
541
502
805
955
921
510
523
1017
515
528
521
546
2490
782
545
542
908
525
1000
528
930
895
661
721
767
501
846
527
910
960
845
1611
675
1471
621
911
509
851
1051
1003
786
777
761
688
634
607
511
842
970
828
855
961
852
1000
1315
1003
721
828
869
519
1056
625
528
882
1293
886
866
864
1094
513
616
509
517
593
597
852
592
508
495
497
604
708
497
509
705
995
688
508
860
906
789
618
505
518
824
746
517
1552
882
887
506
1971
999
756
996
1141
598
502
669
876
1553
1229
512
1176
2512
521
900
725
1256
1720
509
498
510
582
1560
527
510
784
679
522
513
516
1615
674
1550
1502
831
1205
508
1023
1518
516
513
838
516
515
614
631
639
619
1631
1022
513
512
547
605
514
516
866
605
545
536
2181
526
1567
1036
700
535
510
510
1477
842
1609
521
525
521
856
911
506
539
629
628
577
516
617
522
520
622
620
558
739
895
2092
523
783
798
626
632
512
536
632
619
524
1583
532
534
622
646
630
646
525
538
516
845
1495
1248
873
934
532
645
621
597
517
615
703
1574
894
798
1601
1583
523
540
527
847
876
604
521
802
1111
1527
522
572
1130
1020
1783
800
801
531
534
553
1553
1401
536
658
825
803
1634
548
536
1139
551
553
539
624
645
631
673
1624
1592
531
589
980
1102
654
1159
535
532
695
640
806
1687
1633
724
517
517
517
643
1611
537
1061
518
528
1460
926
1033
525
549
637
633
643
786
1053
529
524
526
522
531
519
628
695
740
577
522
516
641
647
618
630
518
516
628
634
530
524
732
699
561
528
618
675
641
712
