0 157
0 52
0 52
0 52
0 50
0 70
0 66
0 73
0 69
0 78
0 177
0 52
0 52
0 52
0 51
0 62
0 62
0 64
0 68
0 52
0 120
0 95
0 52
0 52
0 52
0 52
0 50
0 51
0 51
0 52
0 52
0 79
0 60
0 77
0 127
0 51
0 88
0 52
0 52
0 56
0 53
0 166
0 155
0 156
0 52
0 51
0 63
0 77
0 156
0 51
0 52
0 56
0 157
0 156
0 155
0 52
0 52
0 62
0 88
0 62
0 54
0 51
0 69
0 70
0 63
0 64
0 51
0 155
0 59
0 91
0 52
0 52
0 62
0 62
0 52
0 53
0 62
0 62
0 51
0 52
0 55
0 63
0 62
0 53
0 51
0 52
0 64
0 61
0 53
0 52
0 53
0 64
0 63
0 52
0 51
0 52
0 52
0 54
0 64
0 53
0 53
0 63
0 64
0 63
0 62
0 51
0 52
0 63
0 63
0 62
0 53
0 52
0 52
0 91
0 62
0 80
0 124
0 111
0 78
0 104
0 55
0 53
0 65
0 71
0 56
0 162
0 107
0 55
0 54
0 55
0 162
0 66
0 64
0 55
0 54
0 54
0 64
0 69
0 71
0 53
0 79
0 114
0 55
0 72
0 72
0 54
0 55
0 54
0 64
0 64
0 55
0 56
0 54
0 55
0 65
0 65
0 54
0 55
0 65
0 66
0 65
0 67
0 65
0 55
0 56
0 67
0 65
0 67
0 65
0 55
0 68
0 201
0 59
0 56
0 67
0 96
0 57
0 57
0 87
0 57
0 59
0 58
0 58
0 58
0 57
0 58
0 56
0 68
0 67
0 57
0 61
0 60
0 61
0 59
0 60
0 59
0 58
0 59
0 71
0 72
0 62
0 60
0 72
0 74
0 73
0 71
0 60
0 61
0 61
0 60
0 61
0 61
0 61
0 61
0 60
0 72
0 72
0 74
0 72
0 60
0 63
0 71
0 62
0 74
0 74
0 61
0 62
0 62
0 61
0 61
0 65
0 77
0 74
0 63
0 62
0 62
0 75
0 75
0 77
0 74
0 63
0 62
0 76
0 76
0 74
0 74
0 63
0 63
0 63
0 63
0 64
0 63
0 97
0 92
0 85
0 66
0 65
0 65
0 65
0 65
0 67
0 89
0 67
0 65
0 96
0 129
0 79
0 64
0 90
0 96
0 66
0 64
0 64
0 65
0 172
0 65
0 86
0 65
0 103
0 103
0 199
0 228
0 66
0 65
0 80
0 79
0 66
0 65
0 66
0 71
0 72
0 68
0 66
0 81
0 80
0 68
0 66
0 79
0 81
0 67
0 70
0 68
0 67
0 81
0 81
0 67
0 67
0 81
0 83
0 81
0 85
0 70
0 68
0 86
0 72
0 125
0 117
0 69
0 69
0 207
0 72
0 84
0 84
0 83
0 83
0 71
0 70
0 94
0 93
0 71
0 74
0 73
0 70
0 87
0 85
0 72
0 72
0 101
0 87
0 72
0 76
0 75
0 75
0 89
0 97
0 97
0 113
0 130
0 126
0 74
0 77
0 91
0 92
0 92
0 77
0 91
0 94
0 91
0 92
0 76
0 81
0 136
0 133
0 77
0 78
0 79
0 76
0 79
0 78
0 77
0 82
0 95
0 96
0 80
0 79
0 81
0 81
0 80
0 99
0 96
0 88
0 110
0 257
0 86
0 264
0 83
0 101
0 98
0 84
0 86
0 89
0 86
0 87
0 133
0 117
0 88
0 148
0 148
0 87
0 86
0 120
0 88
0 117
0 140
0 243
0 131
0 89
0 150
0 174
0 261
0 89
0 88
0 88
0 87
0 86
0 106
0 104
0 88
0 87
0 121
0 90
0 87
0 106
0 106
0 106
0 106
0 107
0 105
0 107
0 110
0 91
0 91
0 270
0 280
0 91
0 94
0 111
0 108
0 109
0 109
0 93
0 111
0 112
0 111
0 113
0 111
0 112
0 111
0 112
0 92
0 94
0 113
0 115
0 94
0 95
0 112
0 113
0 95
0 93
0 113
0 108
0 96
0 97
0 116
0 115
0 100
0 102
0 117
0 118
0 147
0 103
0 103
0 123
0 125
0 102
0 101
0 100
0 124
0 121
0 102
0 359
0 122
0 119
0 120
0 143
0 144
0 120
0 119
0 147
0 143
0 130
0 159
0 160
0 175
0 176
0 130
0 137
0 130
0 406
0 131
0 163
0 243
0 240
0 414
0 300
0 158
0 257
0 317
0 382
0 159
0 309
0 308
0 342
0 306
0 314
0 342
0 359
0 306
0 636
0 372
0 349
0 354
0 352
0 356
0 485
0 350
0 483
0 557
0 547
0 357
0 1181
0 464
0 457
0 456
0 458
0 383
0 385
0 456
0 461
0 461
0 531
0 545
0 525
0 524
0 524
0 525
0 528
0 522
0 536
0 523
0 827
0 842
0 833
0 851
0 2514
0 844
0 839
0 837
0 828
0 828
1 713
1 713
1 714
1 720
1 2161
1 716
1 717
1 719
1 743
1 718
1 1380
1 714
1 720
1 721
1 2174
1 736
1 710
1 720
1 717
1 724
1 717
1 732
1 731
1 1711
1 2160
1 713
1 719
1 753
1 723
1 712
1 714
1 854
1 760
1 709
1 715
1 734
1 716
1 715
1 706
1 718
1 752
1 863
1 989
1 713
1 724
1 714
1 865
1 852
1 714
1 712
1 727
1 874
1 855
1 715
1 725
1 734
1 905
1 856
1 713
1 950
1 726
1 722
1 867
1 870
1 713
1 726
1 945
1 1427
1 1723
1 723
1 716
1 738
1 724
1 727
1 722
1 726
1 726
1 721
1 1224
1 717
1 1175
1 876
1 1770
1 734
1 741
1 863
1 877
1 1290
1 1078
1 723
1 2079
1 2063
1 725
1 726
1 713
1 729
1 724
1 715
1 720
1 871
1 726
1 718
1 875
1 861
1 713
1 766
1 865
1 860
1 864
1 710
1 731
1 712
1 751
1 728
1 711
1 865
1 862
1 712
1 761
1 725
1 708
1 725
1 847
1 845
1 720
1 796
1 711
1 868
1 850
1 863
1 705
1 714
1 856
1 750
1 702
1 894
1 845
1 844
1 788
1 705
1 701
1 774
1 871
1 835
1 859
1 700
1 784
1 843
1 852
1 852
1 712
1 845
1 841
1 712
1 707
1 698
1 846
1 856
1 702
1 709
1 717
1 708
1 722
1 721
1 2105
1 1229
1 699
1 697
1 700
1 714
1 2123
1 722
1 1061
1 694
1 701
1 689
1 707
1 1212
1 1175
1 1094
1 1082
1 1091
1 724
1 1195
1 933
1 1394
1 2260
1 1381
1 1711
1 1467
1 923
1 964
1 719
1 688
1 689
1 685
1 685
1 810
1 831
1 832
1 702
1 818
1 1196
1 763
1 1903
1 1185
1 1502
1 706
1 682
1 680
1 1409
1 1361
1 695
1 704
1 680
1 1147
1 817
1 925
1 818
1 820
1 682
1 821
1 829
1 679
1 687
1 678
1 694
1 683
1 684
1 683
1 720
1 1078
1 697
1 679
1 700
1 680
1 677
1 675
1 677
1 702
1 704
1 675
1 675
1 756
1 687
1 674
1 691
1 684
1 690
1 682
1 682
1 668
1 709
1 872
1 938
1 687
1 673
1 713
1 695
1 680
1 675
1 674
1 669
1 675
1 676
1 833
1 1090
1 678
1 1644
1 670
1 663
1 664
1 664
1 671
1 911
1 662
1 661
1 680
1 669
1 896
1 668
1 660
1 1012
1 659
1 661
1 679
1 668
1 659
1 902
1 677
1 995
1 679
1 688
1 656
1 668
1 657
1 661
1 655
1 655
1 687
1 660
1 703
1 684
1 702
1 657
1 654
1 654
1 663
1 658
1 658
1 687
1 648
1 650
1 666
1 671
1 657
1 796
1 784
1 776
1 666
1 642
1 638
1 806
1 766
1 688
1 637
1 641
1 646
1 640
1 648
1 645
1 668
1 700
1 640
1 795
1 863
1 800
1 775
1 642
1 647
1 640
1 801
1 800
1 634
1 784
1 816
1 646
1 642
1 801
1 788
1 630
1 1094
1 879
1 624
1 624
1 650
1 621
1 622
1 622
1 753
1 630
1 783
1 773
1 620
1 623
1 649
1 633
1 641
1 620
1 621
1 672
1 643
1 761
1 824
1 647
1 629
1 634
1 660
1 1613
1 638
1 643
1 623
1 743
1 1037
1 1551
1 659
1 624
1 758
1 805
1 628
1 619
1 648
1 693
1 626
1 634
1 1099
1 1059
1 617
1 617
1 626
1 627
1 696
1 746
1 751
1 630
1 855
1 628
1 970
1 626
1 1088
1 1846
1 652
1 642
1 688
1 615
1 632
1 613
1 656
1 611
1 628
1 625
1 618
1 649
1 1146
1 610
1 626
1 1256
1 631
1 913
1 956
1 606
1 602
1 610
1 601
1 643
1 601
1 623
1 637
1 606
1 634
