131
169
161
156
195
196
195
173
173
172
127
152
153
153
180
170
173
170
171
191
130
127
130
191
191
189
174
182
168
172
126
186
125
127
126
169
127
126
216
213
131
133
129
129
158
156
157
158
155
158
125
121
122
124
124
176
175
126
192
163
315
196
311
359
132
131
132
133
179
175
127
122
127
123
126
164
126
185
124
123
139
136
136
136
136
136
204
202
203
182
129
197
403
391
398
193
171
174
173
193
122
121
148
148
143
143
292
370
362
210
126
126
127
124
150
150
154
150
171
169
35
34
34
45
44
45
46
45
45
44
22
25
25
25
25
26
28
29
28
26
132
128
128
129
172
174
172
171
172
173
131
154
157
154
153
173
173
388
130
131
136
132
136
133
182
177
177
175
178
213
133
131
131
200
197
195
157
155
158
157
120
144
144
143
234
225
287
204
411
245
28
28
27
28
42
42
41
57
38
36
424
183
180
180
179
180
181
182
181
129
236
425
141
238
236
236
167
166
170
166
103
104
104
104
101
135
136
135
136
124
128
148
129
129
189
192
194
168
168
171
139
165
165
167
167
186
186
185
187
188
84
83
112
109
110
109
112
110
110
124
104
312
210
209
212
125
126
128
154
142
138
139
139
142
204
205
207
206
204
412
198
198
198
196
201
196
199
197
199
196
111
132
133
132
148
174
149
149
148
148
130
126
168
170
166
170
167
166
167
169
90
88
89
120
120
118
134
134
133
107
125
124
121
124
185
188
183
163
162
165
120
118
142
140
138
177
178
256
397
230
294
282
282
119
120
120
120
161
161
161
128
155
212
235
181
129
197
132
181
129
160
180
177
177
180
143
141
144
159
157
115
115
116
346
194
194
196
230
152
154
124
124
125
184
184
184
162
162
165
164
150
125
124
123
189
188
186
150
151
164
120
115
137
138
140
172
172
169
155
153
34
34
34
44
44
44
45
45
68
44
121
121
120
122
119
161
159
160
159
162
127
127
170
173
171
126
142
125
125
126
38
39
37
38
38
38
38
38
37
45
127
128
132
127
127
128
127
128
128
128
116
171
116
116
115
142
115
115
113
211
118
120
176
120
119
117
119
115
146
128
139
128
136
266
126
127
128
131
129
237
187
296
124
128
126
125
379
372
123
140
25
24
23
25
33
24
34
34
24
33
75
98
74
75
124
74
176
74
75
73
427
342
115
117
116
114
115
139
139
138
110
109
165
165
166
149
146
169
143
146
33
32
32
48
46
47
42
43
42
43
128
151
153
153
171
170
169
170
169
169
24
25
25
32
31
32
36
36
35
33
38
38
37
38
38
56
56
56
50
51
129
130
129
172
171
173
172
170
169
171
141
137
138
137
209
208
207
186
205
215
118
116
137
135
139
154
153
154
155
155
120
377
359
120
119
118
120
159
158
158
129
153
153
151
150
169
171
167
168
376
50
49
48
63
76
65
64
63
64
64
135
135
136
135
183
210
179
181
181
177
122
118
115
117
118
155
155
182
157
141
90
90
88
260
268
89
88
89
91
171
41
39
39
47
89
40
37
37
36
37
76
25
26
26
26
38
37
38
38
35
256
86
88
86
85
126
126
126
132
138
113
112
153
151
151
152
151
150
153
173
114
114
113
169
169
173
152
151
151
151
67
51
49
50
74
75
76
67
66
67
111
112
135
134
135
151
149
148
165
149
63
62
63
93
93
94
83
84
83
82
53
53
52
53
53
78
79
78
70
70
138
139
185
200
182
182
181
181
182
182
73
73
74
108
109
109
98
96
114
98
52
50
51
50
51
74
75
76
67
151
86
84
84
87
112
251
254
252
87
83
113
357
332
111
112
114
134
114
150
152
48
47
56
55
56
55
63
138
87
100
98
115
216
103
100
96
96
96
95
116
95
93
92
96
139
139
139
123
124
127
117
141
139
139
140
154
153
154
152
175
134
138
136
179
402
322
411
162
160
163
90
90
111
110
121
109
107
107
120
120
45
43
43
43
64
65
65
65
57
58
135
409
278
268
174
163
161
227
368
201
136
136
136
137
181
185
409
276
272
164
72
71
70
70
70
105
105
106
94
93
101
101
134
136
135
134
134
137
138
136
70
72
71
105
105
104
95
97
94
93
111
110
113
112
111
149
148
148
223
328
131
98
133
118
116
131
132
130
130
131
113
145
114
149
153
149
152
150
149
151
118
121
353
354
140
140
143
158
167
187
117
115
116
160
244
155
157
155
118
167
174
159
158
160
163
144
146
144
143
160
97
97
96
97
95
127
126
127
127
113
64
64
64
62
63
95
94
84
83
84
17
16
16
21
21
21
21
21
21
20
124
127
123
125
123
186
189
167
164
169
138
165
170
163
162
161
161
160
178
181
99
97
97
129
128
128
127
142
301
145
113
112
113
112
151
152
162
149
147
148
418
137
157
137
140
173
170
165
167
164
122
121
121
120
120
119
158
159
192
158
185
185
329
140
240
239
166
169
168
164
57
56
67
67
68
68
73
73
74
74
34
34
41
42
46
47
46
46
45
50
75
73
72
109
110
109
94
96
97
119
127
127
127
128
126
125
190
190
168
169
125
127
124
127
167
169
167
168
183
151
123
119
120
144
160
160
162
185
180
180
374
169
168
166
149
154
191
305
302
300
157
76
121
59
77
55
53
91
72
72
93
93
94
95
93
114
112
113
110
114
43
43
42
42
44
62
62
62
56
55
58
58
58
86
86
85
70
71
68
69
143
172
171
169
171
169
170
171
196
188
40
39
38
40
58
57
58
52
52
50
28
28
34
33
34
41
41
43
38
38
114
113
113
170
169
172
152
150
151
152
32
30
30
31
46
46
45
41
41
41
127
127
150
152
147
167
168
168
166
168
127
125
126
166
165
165
166
165
163
166
22
46
58
20
19
21
20
19
25
24
94
97
95
125
126
126
195
123
230
230
86
85
85
86
86
113
116
112
126
128
109
110
144
145
146
143
141
145
145
145
88
89
117
266
87
88
88
87
94
263
81
67
67
67
102
101
100
89
89
92
40
50
49
48
49
61
87
48
41
48
137
136
137
135
136
170
161
166
235
233
110
145
321
148
131
141
131
127
128
183
28
34
33
35
33
33
37
37
38
32
64
65
63
64
84
85
93
85
85
84
96
126
98
128
130
125
129
127
126
129
409
138
138
141
286
186
183
183
191
185
27
26
27
27
39
39
35
35
35
35
42
42
49
50
51
50
57
56
56
55
113
112
112
112
168
169
150
149
149
157
439
436
173
173
192
192
197
218
192
193
26
24
24
32
33
32
33
32
33
33
88
91
92
88
89
133
132
119
118
117
115
114
153
149
150
148
149
152
152
153
107
108
107
107
157
159
142
141
142
142
110
110
109
110
109
164
166
132
133
130
124
123
164
162
295
366
163
164
165
148
146
145
146
147
146
197
194
194
233
175
138
140
215
174
185
165
272
277
138
139
137
138
139
138
138
136
182
183
182
184
34
33
33
34
49
50
48
44
44
43
106
105
138
143
141
127
125
128
127
157
137
138
139
139
183
183
182
182
182
182
119
145
145
144
143
158
160
162
160
163
148
143
196
193
194
217
194
192
195
192
119
117
120
119
158
158
156
159
157
155
124
144
146
163
468
364
121
121
124
122
68
79
81
82
80
88
90
89
89
99
86
85
86
87
130
128
115
116
115
114
25
25
29
30
29
30
29
37
33
31
101
99
99
101
133
136
133
132
135
134
71
70
81
83
93
101
92
91
95
92
80
79
78
117
120
118
106
107
104
134
137
139
166
165
179
182
181
183
182
183
122
289
208
205
146
146
146
144
146
135
29
35
36
37
35
31
33
32
32
35
83
81
80
81
108
106
108
83
167
84
96
115
115
115
114
129
130
127
135
130
143
144
144
143
193
190
191
191
189
191
81
99
98
97
99
127
123
120
106
109
105
106
105
157
157
157
140
138
139
142
21
21
21
21
20
31
32
31
27
28
65
65
64
86
195
193
190
77
77
76
100
100
142
116
118
146
153
147
131
130
122
124
183
162
163
189
159
160
159
159
20
20
20
30
31
32
28
30
28
27
68
79
78
80
89
88
87
88
89
201
125
151
151
151
168
167
166
195
168
169
88
87
87
114
114
112
118
116
117
115
125
123
125
378
365
123
123
124
124
165
22
21
21
21
24
29
29
28
28
29
71
219
210
260
71
73
71
71
110
108
92
87
30
102
88
29
31
30
30
41
73
72
72
72
108
107
107
97
105
98
158
101
104
101
101
201
201
103
101
101
29
29
30
30
44
44
40
40
51
38
24
28
29
29
28
28
28
31
31
30
110
108
107
109
141
145
142
129
127
129
119
174
153
140
142
141
156
160
157
159
146
149
149
195
198
194
196
196
197
195
30
29
28
30
44
45
44
43
39
39
146
146
194
192
194
194
195
192
194
196
118
116
116
155
156
155
155
156
152
151
123
122
122
121
181
180
180
162
163
161
81
100
95
96
96
119
121
119
109
107
61
63
62
80
82
82
82
80
80
82
137
137
135
134
148
177
178
180
181
180
113
111
132
132
132
146
147
146
146
168
86
85
84
124
127
121
111
110
112
113
111
112
111
111
110
147
148
149
146
146
108
107
144
145
144
142
151
316
324
319
140
498
141
276
273
282
185
324
274
277
117
115
118
119
117
115
118
141
142
138
116
112
113
115
133
135
135
135
113
111
103
103
104
102
159
154
156
138
137
137
47
46
57
56
55
62
63
62
62
63
131
131
131
131
178
175
175
174
177
180
117
114
137
135
136
171
171
170
152
156
98
97
98
144
145
298
296
97
99
98
439
426
431
142
144
144
140
143
214
212
115
138
140
136
138
138
137
137
153
153
107
107
106
106
105
155
140
142
141
141
136
136
142
135
204
202
204
182
180
181
126
149
150
149
149
165
167
165
214
167
107
104
107
160
159
160
142
144
143
176
47
45
47
62
93
76
53
109
110
47
134
113
113
115
114
113
112
139
134
137
111
108
180
329
334
304
370
135
133
166
90
51
52
51
51
52
52
51
50
40
79
78
80
121
118
118
103
105
103
104
123
117
117
140
154
155
156
170
155
156
74
75
74
97
97
97
97
97
96
126
117
118
117
117
180
177
142
141
139
139
99
98
97
117
118
129
131
297
131
131
32
38
38
37
37
39
46
47
42
41
81
81
80
80
120
118
106
107
107
109
88
88
93
92
136
132
133
106
108
106
94
92
91
121
121
121
123
123
123
121
131
130
132
197
197
196
175
174
176
173
152
130
131
132
194
194
196
177
174
173
98
117
117
115
115
128
130
128
130
132
60
59
59
60
63
113
117
105
140
58
105
103
105
104
104
141
140
137
136
141
128
154
127
126
177
177
178
174
194
266
341
137
134
134
136
137
138
134
134
138
89
270
303
89
89
88
89
118
119
119
51
61
60
60
60
86
66
66
68
66
132
135
131
403
390
132
135
132
130
199
118
115
114
175
170
169
135
138
136
137
50
61
58
60
60
74
73
77
65
67
110
108
109
143
143
147
164
160
164
144
115
127
112
114
169
169
170
151
151
155
26
32
31
31
31
40
38
39
34
35
132
161
132
175
176
173
172
175
171
171
41
41
40
40
62
62
62
61
54
53
86
86
114
264
257
260
87
89
88
86
125
126
126
124
186
186
252
165
167
170
92
91
32
30
31
31
31
41
41
43
24
28
28
28
28
36
34
35
24
31
200
194
138
136
205
203
203
203
164
165
113
110
155
377
339
335
110
113
111
112
33
40
40
55
40
45
45
43
45
46
120
120
119
157
160
159
161
158
158
359
262
118
139
118
119
116
116
116
115
115
123
121
122
163
165
161
164
368
182
181
128
128
195
199
172
170
170
171
170
172
114
115
114
116
115
173
174
154
153
152
124
170
146
146
149
188
187
185
161
164
104
103
103
139
139
138
138
138
138
137
96
110
93
94
140
141
140
115
114
115
39
38
38
38
51
51
52
50
51
52
141
140
139
142
140
213
211
187
185
187
122
120
120
120
160
159
163
160
179
181
136
132
177
175
171
177
177
183
191
184
181
200
181
73
72
71
71
69
71
72
113
116
116
209
343
160
163
115
162
160
114
148
104
124
122
206
204
201
126
124
129
125
125
125
170
168
168
167
169
170
104
127
124
125
123
124
152
157
136
138
128
130
127
129
194
193
170
169
169
169
115
116
114
117
335
116
115
114
173
172
145
146
203
217
195
194
193
195
195
195
139
138
140
208
207
206
184
186
187
185
121
119
117
120
116
158
161
159
157
155
54
53
72
70
70
72
73
91
71
72
69
68
68
103
102
102
91
92
91
92
126
124
138
124
186
186
182
164
183
208
57
87
68
67
67
88
86
88
76
76
117
116
117
153
355
346
117
116
142
138
284
85
84
169
104
103
104
204
254
254
140
139
102
145
102
102
134
130
135
132
56
55
55
56
55
73
74
72
71
66
121
119
123
118
119
118
145
355
119
119
81
93
80
79
120
121
121
107
106
107
111
111
112
149
148
148
148
147
148
160
57
58
56
57
85
84
113
173
113
113
96
93
125
124
125
114
114
117
114
126
136
405
403
135
135
138
137
206
205
201
123
123
123
122
122
121
162
162
166
162
73
74
73
74
110
110
109
97
99
98
44
53
52
52
53
65
66
65
57
60
141
141
138
207
210
204
165
165
166
184
123
121
123
121
184
185
184
162
162
166
82
102
115
98
101
125
123
121
97
283
89
129
59
129
130
44
43
44
44
58
77
77
105
78
108
108
109
77
110
110
89
75
73
73
113
109
110
112
89
107
53
157
152
52
52
52
51
80
61
63
126
126
127
170
167
165
166
240
165
166
142
145
144
142
188
190
190
193
190
187
83
100
99
102
103
109
109
111
127
124
124
124
164
163
162
166
163
167
193
166
137
136
140
208
207
203
183
184
184
183
31
92
32
31
76
75
36
37
37
37
106
125
123
123
124
141
137
138
209
312
60
181
60
60
60
60
80
80
78
79
46
54
54
55
53
60
61
60
66
68
22
21
29
28
28
29
29
27
28
28
37
37
38
38
37
56
53
54
47
49
39
39
39
51
112
112
112
47
66
172
94
89
93
45
45
45
41
41
40
41
149
176
175
178
267
146
274
253
204
206
65
47
45
44
67
65
68
67
45
44
106
127
126
125
150
141
143
141
142
142
15
15
17
22
21
21
22
23
23
20
123
107
106
109
161
160
162
142
140
144
39
39
47
47
46
69
66
67
46
48
118
119
116
154
153
153
172
170
173
154
145
141
142
140
213
213
212
188
192
191
156
141
169
170
169
187
188
185
188
190
112
112
111
164
166
166
144
148
146
147
98
100
100
98
153
176
151
131
144
130
146
146
191
191
216
194
193
191
194
192
121
366
122
120
138
123
177
164
165
160
230
134
135
133
90
93
92
93
102
101
239
156
157
156
79
79
77
77
78
95
82
80
80
81
80
80
107
108
106
108
99
135
137
137
139
97
146
129
129
128
170
169
57
56
57
55
57
68
67
69
137
136
204
181
184
181
185
182
203
183
166
144
144
348
398
147
143
145
146
215
40
40
39
40
38
57
58
51
64
51
98
117
117
112
114
142
231
228
229
116
89
86
86
104
87
131
130
129
114
113
146
144
144
190
190
192
215
213
217
190
92
92
91
90
137
136
135
122
121
120
50
51
66
66
66
65
64
66
66
66
112
112
111
148
148
147
148
150
147
148
134
135
156
133
198
207
198
204
199
179
108
127
127
129
128
142
144
141
142
141
118
116
117
156
155
154
350
377
117
116
76
166
77
102
121
103
103
128
89
91
58
70
57
56
83
86
67
67
86
67
107
108
108
150
153
111
157
166
126
180
96
95
292
98
97
243
97
96
96
96
83
83
83
110
109
113
110
113
112
111
70
82
84
83
82
85
84
85
102
105
71
71
93
96
93
94
94
117
91
91
97
96
95
94
142
143
145
131
147
128
113
114
135
134
133
148
149
163
146
148
139
140
139
208
210
205
184
184
184
183
120
118
118
120
177
179
181
157
157
161
123
147
150
150
147
165
164
164
164
163
119
119
155
155
156
157
155
156
156
160
79
90
79
78
116
116
118
104
103
105
112
109
131
131
131
163
162
162
143
145
63
61
62
92
92
91
82
80
81
82
92
93
93
92
91
123
122
120
135
138
113
111
149
148
339
334
359
335
112
112
221
220
218
73
72
73
110
109
108
97
404
185
183
158
219
155
156
154
153
173
162
82
84
83
111
108
112
109
111
110
154
134
160
158
158
174
174
171
177
176
141
140
137
184
187
181
184
183
184
183
42
41
40
40
60
60
60
54
53
55
113
112
134
136
148
152
148
156
148
150
164
72
72
88
73
72
72
71
72
71
84
84
83
111
111
111
110
109
111
123
87
87
87
87
89
87
131
116
117
115
131
156
156
156
155
155
154
192
170
170
103
103
308
102
104
203
204
124
136
122
51
50
50
65
63
59
59
58
59
189
135
136
134
159
188
161
162
182
180
177
117
354
352
117
118
118
119
174
178
177
110
109
110
325
110
114
110
113
144
147
259
275
86
85
119
84
121
85
121
257
135
127
125
126
187
186
186
187
190
149
75
77
91
91
102
103
101
101
100
100
107
107
106
159
161
162
145
143
142
145
120
117
118
141
158
158
186
161
159
157
74
72
98
96
96
95
96
100
216
126
54
66
67
64
63
71
71
72
72
80
133
131
130
197
197
198
176
175
175
175
132
131
131
131
196
199
197
175
171
174
42
52
51
124
50
101
43
41
42
43
100
119
120
120
166
130
132
132
131
131
113
112
151
150
150
150
152
151
149
150
126
127
127
190
191
187
167
168
171
168
114
111
111
110
165
166
165
144
146
147
29
28
28
42
42
33
35
34
33
38
86
84
87
88
126
128
107
115
156
201
104
147
164
117
156
142
126
124
252
127
102
99
102
100
137
135
134
155
134
132
89
88
88
118
91
262
91
90
87
88
80
78
91
93
93
93
92
91
93
92
123
122
146
147
143
149
146
145
149
143
33
31
31
31
31
33
31
42
40
41
179
183
71
72
72
72
72
71
80
80
124
124
122
124
184
184
185
162
163
163
105
105
124
124
126
155
155
153
140
138
77
79
78
103
104
105
102
102
103
106
121
119
117
118
188
175
173
160
155
173
62
74
75
74
78
82
82
82
82
82
36
37
34
36
47
47
47
47
53
46
115
113
135
137
136
152
153
168
153
151
429
347
172
168
192
191
143
146
427
319
139
137
140
138
138
139
139
165
167
165
116
82
115
114
82
113
115
83
114
115
152
452
261
227
225
222
183
183
180
180
111
111
111
111
110
146
150
163
145
331
98
96
99
97
152
148
146
138
146
129
105
104
124
125
123
137
138
135
140
310
46
45
44
54
54
54
54
58
58
55
54
51
62
64
63
64
65
63
63
158
95
93
94
169
123
125
124
123
126
125
79
95
96
109
96
107
104
136
237
79
98
99
97
168
128
130
129
137
130
130
144
142
140
143
189
191
192
192
190
189
167
154
162
224
223
226
224
226
228
226
102
104
103
103
104
154
153
209
308
223
100
100
99
152
148
151
134
187
291
100
126
376
388
126
124
126
125
127
150
150
145
141
139
161
140
167
168
170
172
170
200
222
210
172
215
172
170
172
189
188
80
77
79
79
104
95
93
91
103
235
59
58
59
175
72
71
174
177
59
58
107
108
105
106
108
141
140
154
141
127
84
85
83
84
124
126
127
113
113
113
88
85
104
103
102
125
126
128
113
115
110
107
109
110
109
166
146
144
146
321
125
126
404
122
122
124
125
166
167
165
97
113
112
114
116
127
126
289
187
187
159
134
136
134
204
199
201
179
178
180
120
160
145
146
145
179
181
179
145
153
237
80
239
80
237
235
80
79
79
80
50
60
59
58
60
73
74
72
58
59
111
158
155
153
131
180
162
262
270
283
83
43
55
55
42
54
77
71
69
48
84
60
251
84
84
60
83
84
60
91
146
152
155
163
96
285
313
116
114
128
209
70
70
68
70
106
107
105
92
92
277
272
205
207
206
214
407
132
132
266
77
75
75
75
75
89
92
91
87
75
133
131
158
155
158
178
175
183
202
137
73
76
68
80
145
49
65
64
65
66
384
88
217
216
211
88
92
88
89
89
91
91
90
93
90
91
90
108
110
106
93
273
272
90
91
91
91
131
106
109
156
154
155
176
471
206
207
235
232
233
146
147
222
193
196
195
222
212
193
198
66
65
67
101
98
96
85
87
86
88
94
91
92
92
122
139
157
140
122
122
151
149
197
199
196
200
197
197
200
203
119
120
118
157
158
156
156
157
158
203
464
154
157
155
153
234
235
236
186
227
136
135
135
135
179
180
181
140
136
136
150
190
157
106
149
178
206
177
179
177
105
120
106
105
107
106
104
106
126
128
101
100
100
102
100
136
132
134
135
135
129
126
169
171
186
185
173
171
169
171
68
68
70
101
99
100
91
93
90
89
63
74
74
75
74
83
83
81
75
76
143
153
143
142
209
211
287
424
145
142
135
139
140
136
205
200
164
162
163
171
207
190
188
190
213
215
238
210
210
180
82
73
88
89
88
98
222
176
178
74
35
40
40
40
40
49
49
49
44
44
105
104
105
105
156
158
138
140
142
139
127
128
126
125
192
187
190
171
170
169
78
77
77
232
76
181
179
77
118
102
114
115
133
116
115
118
112
136
171
137
56
55
54
83
82
84
74
79
102
77
164
231
126
127
127
123
156
125
149
123
112
113
148
153
148
134
135
134
136
135
147
146
143
145
146
219
217
191
195
193
61
71
73
72
72
81
79
80
80
80
181
106
103
210
207
211
126
125
128
157
104
103
102
101
135
134
136
135
135
135
48
56
58
57
56
64
63
64
70
71
121
120
162
160
161
163
177
161
158
159
105
104
104
156
156
158
139
140
138
143
105
103
103
106
157
155
156
140
138
137
122
143
146
146
146
162
158
161
159
160
136
135
177
178
177
179
179
131
401
400
98
115
114
114
128
128
141
129
130
129
142
142
143
405
209
196
180
214
213
211
113
120
111
147
147
151
150
147
167
149
187
134
201
136
185
196
187
186
204
202
77
228
155
156
182
229
232
76
78
77
89
89
107
106
104
120
135
118
116
117
64
64
63
96
95
96
86
86
85
85
130
154
154
155
171
171
188
172
172
174
97
94
112
110
112
122
124
126
126
124
30
29
28
42
42
43
38
37
38
38
99
102
102
102
102
134
134
133
135
122
121
120
121
121
162
162
161
159
160
160
106
128
130
128
129
143
141
143
141
141
42
42
56
54
56
56
62
63
62
49
89
92
91
90
90
119
119
119
108
110
104
102
103
104
139
135
135
135
139
134
75
77
92
230
229
228
78
77
75
76
110
107
217
210
141
144
144
142
129
130
148
152
145
440
435
146
147
147
146
146
158
156
157
169
211
249
110
152
190
189
50
49
61
49
49
50
60
58
60
58
54
62
64
65
62
69
70
70
79
77
41
40
40
55
54
53
60
60
60
54
27
27
26
27
41
39
40
38
34
35
47
46
61
61
61
62
62
61
60
61
149
147
148
222
220
220
197
199
196
198
91
92
92
92
133
136
136
108
112
123
43
43
55
55
57
56
56
56
56
55
80
81
80
80
107
110
109
135
106
109
142
140
170
170
171
186
186
186
188
188
128
130
127
169
169
165
169
170
169
169
94
219
284
299
107
108
136
107
118
120
99
100
131
130
131
130
134
157
131
131
140
118
118
177
173
175
159
156
157
157
139
139
138
137
204
204
208
198
137
233
113
112
112
113
111
136
138
136
138
134
26
27
27
25
26
34
36
33
35
53
380
131
126
303
300
129
126
127
127
191
82
81
82
119
122
123
109
107
107
108
163
160
159
489
271
271
192
192
193
189
52
62
63
63
64
62
63
68
70
69
132
131
129
131
199
195
192
193
193
197
37
37
37
37
55
55
55
49
48
49
56
55
54
72
72
74
71
74
73
73
108
106
106
158
157
157
143
142
141
143
108
108
108
107
163
161
162
147
160
146
44
45
44
58
58
59
75
58
58
57
46
44
45
45
58
59
58
60
59
68
298
135
239
133
134
122
120
123
120
135
77
76
78
114
116
115
103
102
102
110
102
102
102
103
154
151
152
135
134
135
72
71
70
108
75
75
77
76
107
73
272
89
92
115
229
123
94
217
125
125
110
109
37
37
37
36
44
43
44
44
149
232
231
150
226
159
246
165
304
290
59
60
61
79
80
79
143
117
118
72
51
50
51
50
74
74
149
53
85
82
48
46
44
44
44
46
45
60
58
58
141
142
189
192
189
188
189
192
187
201
92
90
130
130
130
132
90
133
132
131
147
113
130
111
192
211
136
338
135
341
36
35
35
47
50
50
108
91
38
57
302
99
172
200
200
206
120
144
120
121
150
154
152
152
152
205
202
228
204
201
110
104
105
120
117
104
108
71
95
69
118
69
69
120
119
118
70
70
70
69
105
104
105
108
435
124
151
106
122
144
92
101
102
102
102
90
231
184
180
184
179
129
178
160
177
185
165
173
128
193
97
33
33
47
48
49
43
71
63
80
382
127
373
292
255
152
150
151
125
375
110
111
132
132
130
331
352
110
110
110
77
97
99
90
114
80
114
107
115
103
113
51
113
51
37
39
38
39
37
113
149
155
148
145
205
176
179
179
178
172
53
53
52
52
78
78
76
68
69
69
117
116
139
140
140
174
173
174
173
172
104
102
136
138
137
135
135
134
137
137
100
98
99
97
130
129
129
126
129
130
57
58
58
86
84
84
75
75
89
74
140
177
169
171
169
167
169
167
191
188
99
97
98
99
146
146
146
206
164
133
87
260
375
122
131
88
87
261
260
225
396
130
540
179
155
183
183
180
183
129
47
77
77
76
53
54
54
55
54
55
36
36
34
52
51
51
47
65
47
45
51
62
62
62
63
52
68
67
67
77
68
46
47
70
69
68
63
62
62
62
62
60
78
78
80
80
78
79
79
79
414
184
183
179
180
183
179
182
184
182
390
347
116
115
116
117
171
171
155
153
110
119
108
106
161
159
144
143
141
141
56
55
55
56
83
83
84
73
73
73
149
133
132
181
180
180
180
181
178
180
84
85
85
85
85
128
115
115
118
113
149
129
133
149
134
194
193
156
155
161
109
108
108
323
145
141
147
142
107
108
91
263
88
87
87
89
107
104
105
105
291
97
98
146
117
116
119
116
97
101
56
61
101
41
50
98
54
55
53
54
43
41
49
48
51
62
62
60
55
54
34
35
34
34
50
51
44
45
44
44
158
153
190
184
213
188
189
188
216
208
124
126
121
165
165
162
163
164
162
164
100
98
98
97
98
146
148
130
132
133
107
133
130
130
129
130
127
145
144
147
155
214
455
154
152
152
154
228
230
456
50
67
71
74
72
58
59
60
59
66
34
34
33
34
50
50
50
41
41
40
120
116
159
155
153
156
156
157
158
157
91
78
77
113
113
113
101
110
102
119
99
100
99
98
101
131
131
130
131
132
139
138
165
265
250
178
138
137
137
274
401
337
112
114
113
114
112
112
111
113
36
33
33
33
139
102
46
33
46
46
143
172
171
170
172
171
172
172
168
167
120
118
118
119
119
165
158
205
357
120
64
62
61
62
63
64
62
64
83
83
33
54
99
74
40
39
40
39
39
39
45
45
44
43
45
54
53
53
53
52
91
90
112
90
91
91
154
176
109
108
131
132
131
177
444
135
133
132
132
198
74
73
72
215
124
125
124
124
123
87
163
72
159
132
128
126
54
55
160
161
119
120
119
118
179
179
159
158
158
171
432
433
144
144
142
142
216
214
175
175
81
82
81
82
82
109
109
108
109
110
110
132
131
134
129
141
143
142
143
142
119
118
115
158
114
184
224
274
342
419
169
58
55
54
56
55
67
65
65
137
164
118
163
170
176
119
117
118
228
202
145
145
173
177
175
172
288
437
250
248
138
137
182
181
183
183
184
181
184
182
96
96
113
106
94
156
128
124
124
127
79
79
77
78
116
156
116
104
103
103
104
102
112
100
134
137
134
136
135
137
138
136
137
136
183
181
190
181
182
182
123
119
135
121
178
176
176
155
161
161
35
42
41
63
41
48
41
45
47
46
110
126
110
111
166
163
146
147
147
147
94
94
94
94
140
143
144
124
124
125
89
90
268
272
129
89
90
179
179
176
109
131
128
129
142
145
143
146
143
143
26
24
32
33
34
31
39
32
32
32
115
114
113
151
153
154
140
138
137
134
111
109
109
274
274
92
91
91
163
169
67
91
111
102
67
96
90
160
162
161
54
54
65
64
64
64
72
73
70
78
62
63
63
61
94
94
93
82
85
81
33
42
38
38
44
95
32
32
31
32
94
111
113
111
112
283
187
127
124
160
84
117
83
125
242
237
81
157
158
159
67
66
66
64
84
66
85
88
89
86
114
118
155
122
176
121
181
119
175
177
230
55
55
56
55
166
112
74
97
71
182
183
184
93
91
94
96
124
124
127
137
123
79
136
105
158
158
105
104
106
130
127
129
127
128
128
129
129
169
175
88
88
144
144
207
209
91
92
89
93
343
152
113
153
150
151
150
151
133
156
65
67
65
64
65
77
77
80
76
77
70
69
93
75
65
70
52
83
62
67
178
440
177
177
176
176
195
195
195
195
55
53
54
54
81
79
79
72
69
73
78
76
90
91
92
119
112
113
103
102
79
122
80
111
151
90
91
98
89
90
159
159
156
157
157
232
235
236
232
188
104
98
118
117
129
130
131
130
130
131
126
124
124
166
162
370
173
165
168
212
104
103
101
308
104
103
101
105
105
137
139
138
136
139
185
184
184
181
183
181
78
93
93
92
93
118
115
119
104
106
102
104
102
137
135
135
137
135
133
136
159
157
157
158
239
234
235
211
211
212
156
186
187
201
187
208
208
206
229
229
73
72
98
98
95
96
96
97
94
95
116
117
116
116
172
173
126
115
122
140
157
161
158
204
161
212
193
191
192
191
112
131
132
135
207
165
110
112
166
110
164
192
195
198
219
219
214
221
239
216
56
54
60
70
71
70
72
73
92
71
50
50
59
60
74
59
148
96
61
59
128
126
123
126
264
304
299
406
145
125
124
124
122
165
166
165
163
166
164
164
127
126
125
408
168
167
166
124
124
124
46
44
45
133
133
44
44
46
53
52
135
136
135
133
178
216
213
201
178
177
95
95
93
124
124
125
124
126
126
127
114
112
112
342
331
114
111
111
112
147
92
94
94
120
134
273
90
274
110
108
80
84
86
81
94
108
107
110
108
106
51
48
65
65
66
65
65
65
66
65
125
124
121
207
210
212
147
146
146
148
126
125
151
150
149
150
150
152
152
164
166
236
351
205
203
204
203
144
145
142
58
56
57
56
56
85
84
73
75
74
31
37
36
35
35
45
44
44
40
39
104
106
104
104
156
157
140
139
139
309
62
60
59
79
80
78
79
80
79
82
135
133
133
133
200
200
201
176
207
175
133
135
160
159
161
180
178
179
179
177
136
136
139
201
200
200
180
182
179
180
109
107
107
106
158
161
159
141
139
143
136
161
160
161
159
180
178
177
179
181
52
51
68
68
69
69
68
68
66
68
56
56
55
84
82
85
75
74
76
75
39
45
46
47
45
51
51
50
56
56
84
84
111
114
127
114
254
281
83
111
398
130
172
259
387
261
396
131
134
169
138
167
136
136
136
162
222
222
138
138
137
195
208
182
148
139
273
138
139
138
117
117
146
158
155
156
156
156
158
401
98
98
117
118
118
116
118
116
118
118
159
158
160
159
158
243
213
214
214
193
69
60
60
60
90
88
181
182
74
143
107
107
315
357
110
108
107
105
160
159
87
85
115
118
114
114
112
114
114
130
501
371
341
200
227
203
202
201
234
203
154
166
203
203
203
221
202
201
205
199
124
124
125
121
163
163
160
162
162
161
29
36
36
34
35
43
44
46
38
40
23
23
23
33
32
33
29
29
29
30
105
105
106
105
104
138
137
140
140
139
80
79
106
105
107
105
106
146
111
79
191
64
64
64
64
65
77
77
75
75
49
36
37
50
48
50
49
87
50
51
82
102
68
70
99
101
81
80
81
83
87
101
103
104
131
116
115
114
114
116
18
16
21
21
21
21
24
21
21
21
63
63
62
62
83
81
83
75
181
62
93
116
111
110
112
141
143
140
121
123
111
108
107
107
109
144
127
129
129
129
126
149
151
152
169
168
168
217
181
169
35
79
80
27
28
27
28
41
40
40
80
96
95
96
104
105
103
105
107
105
117
115
144
133
131
133
164
165
165
145
102
112
98
101
150
149
149
120
118
120
144
170
171
167
186
188
194
188
191
188
155
187
187
184
184
205
205
205
204
207
161
187
199
161
192
479
475
159
161
161
126
123
169
167
165
166
166
167
169
187
109
107
107
107
107
80
114
114
113
94
263
109
119
120
117
116
119
117
117
119
100
97
98
100
97
146
146
146
148
150
121
123
120
161
158
157
161
185
161
160
72
70
73
109
111
109
96
111
96
95
131
130
158
152
174
175
173
200
186
174
110
323
111
108
109
107
162
145
145
147
106
124
121
122
138
149
136
135
138
135
102
102
135
135
135
135
135
152
136
137
49
48
47
48
81
72
64
66
64
65
116
390
114
115
115
154
346
169
174
173
96
115
115
116
162
173
282
112
117
116
150
147
177
178
178
179
200
196
175
174
123
122
144
156
163
165
166
171
136
299
59
177
174
57
57
57
59
77
78
77
80
78
104
104
104
124
104
105
235
93
119
141
140
141
140
171
154
157
155
159
173
185
205
202
206
291
506
343
511
245
47
45
43
45
44
45
60
59
61
58
112
113
112
115
165
167
222
336
251
229
101
98
117
117
118
116
291
118
118
118
142
143
194
169
174
172
187
188
188
187
126
128
124
128
190
191
191
169
175
168
98
98
118
118
167
164
168
291
199
148
193
374
378
127
130
127
171
168
179
168
109
106
108
108
162
162
164
144
149
173
90
78
94
90
91
101
99
101
102
99
74
74
73
98
98
99
96
96
95
88
161
160
109
109
66
76
66
64
66
82
69
68
67
68
100
100
81
82
79
81
96
113
112
114
127
127
126
127
136
124
158
159
206
210
208
211
210
211
212
157
113
111
111
110
149
146
150
148
132
132
43
41
54
54
55
77
57
57
71
55
264
157
114
332
166
146
196
188
188
148
177
179
175
177
174
191
208
211
208
212
119
117
130
116
118
151
141
142
142
156
123
123
123
123
181
184
186
146
147
144
148
176
179
174
176
196
195
195
193
192
95
307
99
95
94
95
126
127
126
127
98
96
96
96
142
144
142
128
128
125
91
86
116
102
103
114
117
116
114
117
25
25
24
36
34
36
32
33
31
32
98
281
98
95
157
159
160
156
112
112
41
42
42
41
42
54
54
56
55
54
127
127
151
150
168
169
169
171
166
192
60
59
69
70
70
85
87
87
77
78
44
124
128
61
44
47
43
130
126
42
64
63
63
62
63
108
105
106
106
187
121
203
207
352
354
117
118
119
120
142
28
27
99
24
24
23
32
68
69
23
175
176
174
174
175
234
237
236
232
236
88
91
85
116
115
115
114
115
113
114
47
46
46
46
70
69
86
70
62
61
49
48
63
143
141
57
58
57
57
62
62
60
61
61
62
82
81
83
74
73
98
96
96
98
146
145
147
128
131
130
133
131
156
162
158
198
195
197
173
175
88
106
103
85
87
207
87
145
147
149
329
184
212
206
109
132
129
184
187
185
165
164
163
165
176
185
115
145
139
138
79
81
78
77
105
104
103
106
102
106
91
269
263
115
119
116
117
118
115
117
130
128
122
126
186
184
186
187
188
186
34
40
41
40
41
45
46
46
45
51
87
86
172
173
171
102
104
102
103
105
114
343
344
136
136
136
152
152
150
153
32
33
33
33
32
43
43
41
48
48
102
103
132
134
132
133
132
147
131
132
106
105
107
160
159
159
139
142
439
109
305
301
101
102
102
102
144
136
135
136
108
106
105
105
107
218
230
111
151
150
86
103
103
101
100
102
102
101
99
102
109
320
321
321
318
106
108
106
145
161
98
98
95
147
144
145
114
116
125
115
113
132
133
331
135
262
114
111
111
332
169
168
222
222
220
221
222
228
249
220
126
122
123
185
183
185
147
147
146
162
146
144
146
146
219
219
218
194
195
224
63
62
74
74
185
186
74
107
186
109
88
87
89
116
129
116
116
118
174
176
49
47
46
47
70
199
47
66
66
47
256
212
71
71
71
71
73
93
97
71
183
180
175
402
400
134
133
135
199
200
114
115
113
115
115
170
135
136
148
139
123
120
145
147
160
160
160
166
162
165
114
347
113
114
340
114
116
115
114
174
154
156
153
151
153
226
228
204
202
203
155
182
183
184
206
200
201
202
204
202
376
123
124
248
165
165
165
163
165
236
288
188
191
191
96
282
94
201
192
192
125
123
122
122
125
168
126
207
150
207
94
127
126
224
158
140
188
173
163
161
82
81
242
243
81
81
80
80
97
114
70
69
70
70
69
91
91
91
93
92
95
98
97
128
126
125
125
124
129
127
76
75
76
76
74
111
112
112
99
102
111
326
112
112
111
111
167
167
163
134
35
35
34
35
34
52
51
53
46
46
48
46
47
80
64
62
93
113
81
78
56
54
53
81
89
85
72
74
71
73
86
86
85
86
258
85
83
85
84
84
134
134
131
198
199
200
177
180
177
175
305
102
302
303
103
104
101
103
134
136
160
163
214
215
215
215
215
215
236
215
46
46
133
133
56
52
54
54
134
131
162
189
199
190
212
213
234
461
212
212
165
162
165
164
219
195
195
196
196
218
104
102
103
105
153
154
154
137
137
138
150
150
151
179
180
197
182
202
200
199
110
108
126
129
142
143
170
142
141
142
33
33
44
44
43
44
43
43
42
43
32
31
31
46
46
46
42
42
40
41
76
101
249
113
114
112
111
90
90
89
162
196
197
197
196
196
195
194
219
218
396
265
228
160
161
159
159
176
179
178
68
67
80
79
79
80
88
89
89
89
98
95
95
98
96
118
116
117
116
107
127
123
147
146
147
147
148
147
147
146
137
164
166
167
187
187
208
185
209
204
79
77
91
95
91
114
115
118
102
102
98
324
100
98
99
100
130
133
133
132
37
38
36
37
37
36
48
48
50
50
100
98
100
98
98
98
133
130
131
130
114
113
112
111
112
111
135
133
131
150
87
262
259
85
85
85
85
112
113
115
112
135
135
134
149
150
149
176
147
224
279
93
159
157
92
91
92
93
112
110
162
161
162
159
218
219
216
217
272
193
87
208
85
87
87
102
104
109
103
104
117
117
113
276
303
224
226
223
226
112
160
159
165
162
161
217
215
480
163
162
83
80
80
125
121
121
107
107
107
108
58
79
57
57
84
85
84
78
74
76
77
94
120
94
94
104
104
103
106
102
28
79
27
26
27
27
36
36
36
34
90
108
108
111
122
121
154
168
91
215
115
112
115
117
114
151
150
150
152
150
105
102
136
434
102
104
309
138
139
137
55
64
78
65
66
72
71
72
71
72
42
42
41
55
55
55
63
62
63
55
91
89
89
90
134
134
133
118
118
120
107
162
318
141
142
143
143
127
128
128
135
159
160
175
159
175
176
177
175
179
141
140
185
184
190
185
187
184
188
188
207
62
62
84
82
107
186
183
62
63
111
109
110
166
167
169
150
147
145
143
104
121
124
124
104
108
184
103
151
151
62
62
61
60
80
81
81
79
81
82
167
492
165
166
162
166
284
282
285
200
31
31
30
31
30
40
40
40
45
45
81
78
107
121
104
106
105
104
103
105
69
68
66
67
101
99
100
197
67
65
121
121
160
173
159
159
159
160
161
143
121
120
145
146
161
188
159
158
159
159
147
146
197
193
191
191
192
195
194
194
113
113
115
269
267
115
114
113
115
167
34
34
35
50
50
50
46
44
45
45
72
84
84
84
93
93
95
94
94
94
112
111
148
149
148
135
131
131
134
133
117
117
117
118
115
115
226
231
161
348
103
99
119
134
138
136
149
133
132
135
38
47
47
47
39
38
39
54
39
54
296
101
235
237
104
98
100
101
148
147
116
170
357
116
337
138
140
138
139
138
166
160
161
162
163
246
243
219
216
218
74
39
55
43
40
40
41
41
41
42
130
156
154
155
154
153
191
193
129
191
56
54
55
82
82
81
72
73
72
177
51
49
49
48
75
74
74
67
67
66
125
124
148
147
150
184
183
188
187
184
59
121
69
71
168
88
173
71
70
70
120
119
119
119
157
158
366
229
232
177
237
166
119
169
179
174
118
350
353
124
64
62
63
62
63
62
83
84
83
63
116
116
141
140
140
137
141
158
141
141
232
157
153
103
103
103
103
106
104
105
90
90
29
31
30
30
40
40
41
59
63
125
186
73
73
72
75
80
82
82
42
41
43
42
42
42
58
57
57
56
88
87
86
87
131
130
129
115
117
115
69
48
56
56
57
65
64
63
63
63
79
82
81
79
80
79
80
79
196
81
151
180
181
181
181
180
203
181
181
179
55
55
46
59
43
134
47
46
48
47
118
118
116
115
348
342
117
115
119
176
46
45
46
46
67
68
68
61
62
62
129
125
150
150
151
187
186
185
168
166
109
108
109
143
145
321
112
108
108
108
104
102
124
123
125
156
155
153
135
137
76
77
77
99
102
106
102
103
104
102
34
33
32
47
101
34
34
34
34
51
159
275
331
190
210
237
377
466
275
160
59
59
59
57
58
58
77
81
79
81
110
78
78
107
109
195
77
117
115
117
519
494
490
166
165
167
178
283
166
247
72
73
71
72
107
75
241
86
87
86
164
162
215
216
218
216
214
272
218
216
169
174
172
169
169
230
226
225
229
228
52
51
53
51
50
51
158
51
51
50
89
105
105
104
106
105
106
117
119
118
101
110
101
102
149
150
136
132
133
134
57
57
56
56
85
83
85
87
74
75
114
192
336
116
343
350
114
137
117
157
120
115
118
137
134
153
152
156
175
140
37
49
36
48
51
43
43
50
54
37
37
37
36
42
42
43
44
43
53
42
179
529
175
180
176
179
263
236
235
235
82
82
84
82
126
124
123
109
111
112
39
48
47
46
47
58
61
57
51
51
109
110
111
146
146
145
146
143
144
144
89
263
88
88
88
87
116
116
120
109
91
110
111
111
110
122
120
121
123
123
59
58
58
77
76
77
84
86
86
76
103
100
101
102
151
153
153
120
121
125
93
174
157
151
114
112
185
122
123
278
97
97
96
155
290
193
209
196
116
117
56
60
64
62
40
61
54
97
53
53
49
48
48
47
47
66
64
64
63
64
78
232
79
77
78
79
102
102
103
103
269
89
270
270
90
89
89
90
133
135
311
310
311
102
103
103
102
103
122
123
81
78
78
97
94
95
96
96
96
240
103
103
137
141
138
139
136
138
139
138
86
85
87
86
114
116
113
114
115
113
134
164
160
162
180
185
182
184
181
206
127
125
381
333
124
125
124
186
188
186
66
79
117
79
80
98
97
97
78
80
50
50
51
50
94
173
61
120
120
51
63
73
74
74
73
84
83
82
81
81
150
151
444
452
152
160
150
150
152
228
183
183
181
181
241
244
242
241
236
238
114
137
139
136
139
153
151
153
152
150
163
162
216
216
216
215
215
263
214
212
170
505
224
227
227
224
226
225
225
227
171
171
229
248
226
230
230
231
225
229
98
95
97
113
116
115
115
115
114
113
119
141
143
141
140
156
156
158
159
157
134
397
133
131
134
134
177
176
178
179
108
131
133
141
134
146
147
146
149
214
278
140
276
224
279
94
309
93
280
299
178
61
60
58
80
61
201
70
72
74
120
120
120
120
144
144
141
141
120
121
443
221
221
253
250
271
175
174
175
197
112
110
108
331
112
111
112
150
147
144
42
40
46
47
49
53
54
52
52
53
69
70
69
69
102
102
102
92
91
91
111
125
131
132
128
162
260
324
189
146
36
105
42
42
43
41
42
42
46
46
116
116
116
115
180
170
197
152
199
215
296
175
200
174
201
199
197
119
117
121
66
77
91
77
82
103
109
110
67
195
497
240
247
351
193
193
191
193
194
194
122
123
123
182
176
191
179
190
175
160
183
180
184
181
278
275
271
244
241
245
22
21
63
63
30
31
31
28
29
28
175
214
210
209
206
232
230
229
229
231
94
93
126
126
123
123
125
124
125
121
122
106
106
159
159
159
160
159
127
125
360
125
364
390
121
121
121
124
122
183
69
83
94
81
80
89
91
128
128
90
319
211
211
128
125
144
124
128
126
126
101
120
123
119
135
140
140
142
100
300
167
350
199
202
229
201
347
117
115
114
116
104
103
139
137
138
135
136
138
137
57
70
67
67
69
77
76
75
74
74
61
177
180
101
99
101
101
100
100
102
158
160
161
237
238
214
213
212
216
212
60
61
71
73
82
79
79
79
81
96
29
28
28
40
41
41
37
38
37
29
98
98
139
133
133
157
131
130
192
328
542
547
494
165
164
177
163
220
220
219
