18
18
18
27
18
31
20
26
27
18
26
26
26
29
28
19
48
19
28
19
20
28
28
19
19
19
19
28
19
18
19
20
21
21
19
19
33
20
19
19
27
20
18
28
19
28
18
28
19
28
37
29
19
18
19
18
19
19
29
19
31
25
37
29
29
27
31
19
23
28
29
27
27
27
19
25
27
19
30
20
27
19
19
19
28
19
27
28
39
32
19
18
18
20
19
29
28
20
19
26
43
26
42
27
43
29
28
29
52
39
31
43
42
39
40
29
26
27
27
27
27
26
38
37
38
55
39
27
42
26
52
79
61
28
48
52
34
44
27
44
81
81
55
38
40
39
52
32
35
27
78
65
33
27
32
35
50
35
56
33
64
44
41
40
29
27
78
58
26
28
79
76
41
39
27
28
27
28
26
27
26
26
27
26
39
26
77
77
32
43
39
26
26
41
91
31
41
42
41
28
32
87
63
64
35
30
32
30
30
30
30
31
31
31
31
32
32
67
33
31
45
32
44
31
44
30
40
29
45
29
34
46
40
44
33
31
31
60
31
30
31
33
32
33
32
32
99
51
48
49
45
30
44
32
31
32
31
43
30
46
48
31
30
43
45
43
31
31
31
29
34
48
31
47
31
47
44
30
46
47
47
31
45
32
45
30
46
45
30
48
47
48
43
31
45
31
47
106
45
46
36
52
35
37
57
36
55
38
35
56
55
51
54
52
54
55
52
52
35
51
35
56
54
38
57
35
55
47
104
104
154
35
34
101
57
35
34
57
75
52
60
53
35
36
46
36
55
62
58
35
38
37
85
81
51
74
59
58
48
56
37
70
55
54
54
53
37
35
36
37
36
37
60
37
37
68
64
37
54
52
74
37
37
55
37
56
71
77
36
88
35
113
35
106
69
36
61
35
36
35
57
44
43
65
99
67
64
82
90
51
75
58
94
77
101
100
40
40
40
70
86
67
68
60
44
199
69
55
69
143
59
40
61
53
39
39
54
40
39
41
60
41
40
41
41
41
54
41
39
122
44
66
52
52
64
43
62
42
63
62
43
71
63
44
67
43
86
44
89
45
62
65
47
77
72
42
40
41
40
71
64
42
43
52
87
44
43
59
67
42
66
42
43
46
72
63
46
43
47
63
49
61
62
47
68
50
47
47
46
48
48
47
46
45
46
61
63
91
63
94
140
69
46
109
100
47
45
68
70
68
66
46
69
67
72
53
68
50
49
235
65
74
45
43
46
46
61
63
66
98
45
89
72
107
46
46
60
63
59
61
46
45
79
108
70
61
56
55
57
54
66
46
73
46
48
44
95
45
44
45
140
135
63
62
141
93
131
108
109
62
49
47
48
46
48
65
61
61
63
64
51
52
52
52
52
77
110
75
68
70
51
236
88
91
93
68
68
73
73
51
54
157
70
68
129
105
76
118
144
84
53
101
85
69
86
170
74
74
77
79
111
63
131
72
53
107
63
54
77
137
153
79
76
78
77
157
80
82
76
160
55
81
56
52
53
55
90
52
131
79
54
86
55
143
53
53
54
96
55
113
96
72
84
72
76
51
83
62
137
52
63
57
64
55
131
81
78
101
54
52
138
61
61
60
61
61
60
89
170
60
104
59
88
60
61
60
135
142
92
72
178
60
59
60
81
77
142
100
105
63
60
86
59
117
82
104
138
61
90
60
60
59
93
58
107
71
71
112
61
149
88
90
60
71
90
62
61
77
69
117
230
75
60
162
86
160
182
63
62
99
95
60
95
196
108
55
64
117
58
85
112
58
61
58
59
72
75
86
88
59
147
81
59
92
59
91
81
59
133
58
68
282
128
62
155
131
126
128
82
85
62
127
92
65
70
62
80
125
184
79
99
98
100
96
101
95
102
95
91
160
66
63
154
96
96
93
114
134
66
148
88
62
67
84
63
62
103
67
66
132
152
94
127
95
75
60
123
79
84
143
65
188
61
80
79
81
83
108
278
61
98
97
94
61
65
62
118
63
114
65
62
62
66
64
66
65
62
63
62
107
63
101
63
99
97
80
121
77
136
184
68
96
67
69
67
66
88
90
101
80
79
66
98
105
103
94
76
66
67
196
73
68
197
69
73
113
120
148
167
99
111
219
103
67
68
67
67
197
73
93
104
66
86
67
214
193
106
153
100
108
105
70
70
71
114
69
245
72
111
133
79
73
101
106
104
111
150
71
101
102
107
111
111
71
96
73
67
112
71
116
109
192
100
69
71
74
108
111
71
75
69
69
67
106
69
67
130
69
69
91
117
112
107
124
80
115
77
78
124
116
74
74
112
72
72
145
74
72
128
75
74
124
117
110
79
88
77
115
78
78
79
108
83
210
109
103
76
82
115
77
76
78
74
202
117
182
110
115
102
114
152
115
115
203
129
118
120
115
118
121
77
126
113
115
118
168
131
81
76
77
91
126
77
121
76
117
137
123
154
124
116
71
101
70
72
76
109
78
71
115
118
119
118
117
116
75
76
75
73
72
79
78
78
100
126
156
118
78
177
119
124
133
80
133
132
79
118
80
78
124
292
109
80
78
77
80
81
121
95
80
118
127
115
122
129
139
80
80
78
78
80
120
124
80
131
122
126
124
120
99
80
80
81
132
79
120
81
126
78
116
119
117
122
106
123
123
133
78
131
76
121
96
79
103
108
79
122
162
125
79
175
92
77
174
185
109
81
136
113
122
179
76
76
89
91
78
81
76
76
79
88
89
84
84
87
131
85
85
166
168
249
251
191
143
99
85
86
93
124
83
280
111
190
84
174
83
110
163
169
131
85
129
87
100
182
133
131
94
84
138
84
139
140
91
155
113
144
84
88
88
85
127
83
140
83
84
130
127
130
128
129
85
130
137
83
83
131
141
127
83
128
84
80
81
117
82
85
83
128
82
84
98
85
359
125
125
86
83
135
101
86
127
84
168
89
128
83
130
136
126
91
93
173
94
94
91
91
89
143
138
132
89
251
91
124
88
143
241
131
91
85
83
136
120
132
89
144
142
127
198
90
121
88
129
88
90
129
148
151
170
87
138
87
91
133
89
143
136
92
256
97
142
91
144
159
95
176
110
132
121
92
87
86
87
262
88
87
174
117
92
93
280
180
94
194
186
126
348
144
94
90
91
150
187
146
93
144
128
119
139
139
108
106
99
232
175
96
163
267
93
97
96
95
97
125
144
100
96
188
193
288
183
189
178
97
96
120
272
105
126
95
155
214
99
140
256
161
259
150
136
114
96
185
97
98
95
95
227
95
162
149
93
100
97
204
95
145
149
175
99
94
97
150
154
186
137
141
142
198
155
144
121
120
114
116
96
129
125
146
97
92
119
92
94
196
137
158
108
110
156
226
281
132
202
95
129
145
147
149
97
98
147
96
158
97
152
153
156
171
146
154
161
99
156
174
111
187
102
168
155
158
116
310
293
98
98
119
101
102
98
103
102
482
127
398
114
130
193
253
285
286
205
128
148
162
228
141
153
237
168
101
157
99
100
183
150
396
301
235
98
98
125
101
293
99
100
172
176
170
120
101
99
96
132
145
148
154
182
307
183
99
157
97
150
159
106
188
177
161
161
106
240
111
99
206
104
101
100
155
102
99
147
102
102
96
97
98
99
200
313
304
252
309
204
178
212
125
126
127
228
311
314
159
351
213
322
107
312
191
317
161
103
106
157
103
166
106
156
156
105
317
138
139
164
138
156
212
273
137
156
329
417
106
307
156
312
157
147
141
325
121
253
107
159
146
254
252
254
166
112
108
209
435
314
106
250
212
311
158
212
110
324
212
242
216
367
213
126
127
129
125
308
123
428
308
367
127
129
124
105
320
102
103
101
138
166
105
182
146
151
230
186
229
228
358
338
116
115
114
113
114
112
138
135
151
135
151
151
339
225
115
113
153
149
146
148
150
166
150
149
114
113
114
169
168
167
150
155
154
268
185
339
268
151
151
154
150
148
337
359
325
269
259
258
129
129
129
330
215
217
110
116
218
220
129
149
130
131
147
145
111
114
112
178
167
115
332
111
336
114
115
113
184
175
342
148
172
162
113
169
112
177
177
112
168
117
114
112
112
127
372
184
115
136
180
152
194
229
132
177
114
341
113
139
114
113
151
155
156
153
113
136
134
135
136
135
137
134
155
149
116
119
120
151
152
151
151
151
151
239
336
151
153
121
193
114
383
185
344
335
114
190
115
184
117
508
239
116
115
260
343
342
115
115
387
117
114
193
202
194
340
169
152
160
158
155
153
154
153
349
369
111
291
111
109
111
109
146
146
154
434
187
115
165
120
181
118
253
114
198
117
117
118
119
155
156
153
155
158
164
197
189
183
263
188
201
128
204
254
295
241
126
321
367
203
292
380
179
196
360
120
356
118
118
117
122
156
189
158
157
115
118
363
349
119
197
116
234
236
118
117
427
520
230
160
241
185
205
188
117
118
115
199
137
204
205
359
120
115
316
118
126
142
199
368
148
356
157
124
160
146
143
161
152
183
159
118
369
115
230
171
119
187
188
183
193
194
193
130
201
127
122
125
200
128
186
143
124
144
222
173
126
325
301
210
153
152
155
170
172
124
129
223
164
164
163
444
456
238
299
129
195
256
194
220
218
221
164
154
162
386
134
178
129
129
195
193
201
133
209
181
196
127
504
128
157
209
125
130
371
126
126
166
372
177
400
252
156
151
151
376
219
219
151
180
151
154
169
172
176
383
170
132
473
126
130
127
218
219
140
126
130
196
257
255
248
129
153
126
129
125
127
129
144
380
144
149
282
253
137
659
209
172
170
203
192
126
194
128
401
130
136
132
135
131
179
175
174
174
173
132
178
169
131
258
258
176
157
157
254
216
370
432
372
126
129
124
176
208
185
128
129
382
181
155
176
152
155
152
154
399
155
165
157
317
390
129
148
135
257
127
128
130
206
171
129
170
382
129
311
381
180
125
274
153
150
152
124
316
131
138
130
449
224
172
136
238
300
161
226
326
196
319
309
199
208
210
139
179
225
136
137
137
136
413
275
273
181
180
180
507
401
213
134
218
137
206
390
216
229
319
392
129
267
288
130
395
137
653
390
135
220
134
140
134
178
135
243
228
227
134
160
162
164
176
178
177
196
177
178
144
238
247
145
243
141
225
217
298
238
136
399
321
319
342
162
414
136
318
344
138
226
233
320
401
318
409
133
136
141
137
140
169
210
413
240
179
374
184
234
248
150
265
149
243
242
247
229
212
219
139
418
147
238
239
249
248
242
238
158
142
444
142
142
141
140
328
247
212
264
214
217
255
288
366
291
353
254
386
309
237
377
173
233
149
144
145
145
143
156
283
201
220
191
189
242
273
240
210
187
148
144
142
142
214
213
215
191
191
196
152
150
698
150
237
233
318
224
224
221
141
138
290
168
412
231
433
222
142
253
206
344
147
151
146
144
191
199
192
191
144
142
180
143
191
199
188
192
187
352
147
285
146
232
154
146
152
146
186
145
447
143
249
285
287
221
144
143
146
221
146
147
147
147
194
193
193
195
190
436
151
243
270
220
151
150
149
193
147
261
455
176
255
311
256
159
324
221
287
253
148
233
217
147
304
198
223
353
436
146
140
148
144
145
138
168
176
169
168
178
144
145
236
230
386
251
490
193
287
299
146
174
175
203
172
146
188
192
247
252
147
193
145
144
247
248
247
174
172
177
171
149
149
150
252
154
222
148
146
293
242
149
225
149
236
155
351
248
247
261
152
192
179
153
447
151
159
151
210
148
502
224
565
189
258
256
197
206
199
199
152
148
151
150
150
149
201
203
198
188
239
235
244
229
149
149
148
145
146
148
150
149
148
149
198
199
205
202
198
199
153
180
186
179
221
200
208
199
197
199
152
152
184
180
181
151
150
150
152
150
158
254
256
238
209
243
470
160
285
485
248
252
241
243
155
157
155
213
308
463
162
473
156
157
165
468
495
240
162
228
354
475
189
188
188
214
212
214
211
213
155
157
228
225
265
232
227
227
231
274
157
155
259
286
173
258
188
236
187
157
161
260
223
163
382
155
188
306
316
309
159
162
164
261
173
165
159
374
239
225
162
467
267
273
207
471
158
159
158
158
159
177
163
161
157
162
196
191
190
189
809
167
261
276
256
257
178
239
269
162
494
164
163
165
584
170
347
487
492
165
160
160
159
212
213
211
478
241
504
486
165
195
216
196
196
195
200
195
194
489
159
493
163
265
219
390
533
157
162
158
159
188
193
198
184
232
227
232
216
210
163
194
196
201
219
218
219
218
217
223
162
162
482
169
160
162
164
216
215
221
186
176
167
163
247
243
247
195
204
265
160
156
158
242
242
240
191
190
188
208
176
165
171
226
222
225
237
167
412
265
210
508
166
167
167
166
222
222
219
199
767
212
209
239
235
236
190
188
190
194
171
167
174
166
254
248
248
199
198
207
163
489
163
495
165
169
163
163
195
198
455
162
243
248
247
243
198
219
200
201
165
165
196
196
222
218
227
216
217
217
250
168
497
172
284
542
167
168
168
167
164
163
204
194
194
206
200
227
196
197
267
190
264
170
263
235
341
219
218
219
528
507
512
169
509
176
518
517
173
172
179
181
176
176
180
178
175
180
177
214
172
170
172
171
206
205
219
237
230
228
271
175
176
189
170
166
176
168
175
169
509
509
177
177
168
170
582
512
171
172
626
301
305
297
323
300
179
178
434
181
175
173
175
178
174
216
211
215
184
438
202
171
291
305
286
332
206
203
204
205
175
179
174
175
272
306
188
296
308
249
319
282
282
319
275
313
273
313
298
285
475
524
233
232
235
212
212
211
237
235
534
357
302
359
356
178
179
176
178
242
174
168
176
228
225
224
205
204
205
175
181
172
174
171
228
557
517
348
339
216
264
527
176
194
176
182
213
211
213
211
177
181
176
239
550
523
437
178
280
182
294
175
530
533
177
174
173
201
174
228
177
174
236
284
415
255
529
177
385
350
174
213
209
592
363
299
350
399
213
220
257
531
178
177
229
367
193
242
218
217
183
180
180
880
180
291
372
351
331
177
176
262
237
261
299
300
300
297
211
209
180
177
549
180
529
181
181
261
337
183
569
541
532
213
268
241
266
234
506
179
729
600
240
268
269
267
223
218
215
221
179
544
190
181
181
240
212
479
224
221
370
239
354
240
355
179
281
178
270
440
195
182
548
236
240
235
178
179
183
178
176
176
176
174
179
182
177
498
299
182
619
185
395
194
243
273
269
181
181
181
555
187
191
186
189
184
248
184
221
220
184
184
229
584
551
190
189
188
188
190
283
283
284
299
191
281
215
302
334
188
365
446
185
429
569
310
290
181
231
188
367
331
304
192
285
298
254
445
255
193
184
182
252
216
546
549
184
189
180
433
193
182
182
183
238
218
220
218
251
245
187
193
222
224
225
267
250
257
251
250
184
579
185
248
549
518
546
184
203
184
431
318
314
243
336
383
379
484
506
569
185
190
185
578
443
375
370
387
186
192
189
191
210
210
231
190
191
189
188
225
191
192
192
189
256
258
236
235
229
572
194
205
229
191
195
191
256
254
263
233
252
203
191
193
191
255
254
229
236
577
193
210
190
195
314
190
327
207
476
292
187
194
187
251
254
253
349
455
578
279
565
193
189
191
187
231
232
223
226
224
197
200
194
192
237
235
232
286
241
233
193
198
256
260
302
231
235
237
229
551
197
194
197
245
243
607
293
291
291
194
197
197
295
652
312
195
291
193
303
200
617
443
291
291
292
233
234
236
260
265
196
233
244
239
271
198
197
200
685
350
229
321
241
411
332
594
201
220
589
588
198
203
779
324
209
320
198
204
198
201
193
191
189
196
193
198
586
595
196
395
201
191
199
253
270
255
407
385
200
324
244
235
246
237
236
260
267
273
265
263
207
197
234
236
236
264
261
262
262
298
620
523
205
206
207
207
247
244
244
253
202
207
204
274
279
268
285
281
279
244
206
212
273
767
225
214
320
402
302
489
203
203
202
206
604
205
216
247
203
272
354
263
328
211
347
209
340
345
350
347
561
423
245
240
244
273
345
343
201
203
199
199
217
206
198
202
198
210
206
209
207
208
354
197
302
606
599
243
940
212
202
341
203
320
210
291
249
527
642
209
203
198
652
317
223
301
341
593
207
213
231
384
397
340
331
414
354
365
236
300
202
202
203
204
203
203
243
244
253
270
213
232
209
312
281
529
650
637
323
684
376
209
336
206
310
308
307
208
205
205
207
209
213
246
248
285
246
245
248
246
215
209
215
211
255
213
252
599
297
506
637
214
645
629
208
213
286
283
284
281
228
210
230
210
215
216
282
281
283
326
423
361
245
242
275
274
271
286
265
243
207
206
205
206
317
418
564
405
244
663
217
655
252
210
233
219
426
460
357
227
616
632
358
365
250
250
249
254
250
249
279
627
209
216
212
213
249
256
250
626
211
275
253
248
252
248
342
210
352
660
248
213
404
326
375
319
268
1036
212
259
629
213
667
510
210
252
216
258
632
210
215
285
214
365
597
239
509
218
214
428
221
698
212
218
488
358
208
492
205
205
212
451
448
280
723
206
208
208
208
255
216
293
414
312
318
571
583
522
517
211
649
218
526
520
266
294
265
285
288
297
223
221
218
345
545
343
217
431
216
298
214
218
287
288
290
290
269
295
284
295
220
223
217
690
219
236
219
220
219
260
1106
305
389
218
219
263
289
368
376
378
218
216
220
215
216
217
219
218
288
288
213
251
250
253
287
282
290
257
351
214
219
327
212
216
364
366
367
215
700
640
216
252
251
251
280
294
278
249
627
672
213
219
215
226
282
297
300
357
525
674
723
225
597
224
362
225
220
222
264
265
219
226
221
294
294
293
394
303
291
265
687
662
230
225
224
307
296
301
269
286
222
310
229
656
236
1078
221
420
332
434
666
295
277
681
731
713
220
221
221
225
231
688
229
671
666
456
227
230
225
297
359
232
397
225
224
241
445
686
334
610
226
225
286
288
280
476
674
228
225
257
226
231
217
235
220
217
340
435
462
220
226
567
677
229
227
227
271
271
271
280
235
719
433
224
226
249
223
270
281
270
228
227
229
230
305
302
334
272
276
311
318
230
517
223
383
607
385
441
222
237
233
233
233
280
275
284
279
276
690
580
225
224
224
271
449
569
591
226
232
224
226
676
235
247
724
451
329
311
311
283
228
231
253
231
278
278
282
284
279
300
220
225
221
299
294
304
775
294
229
712
233
288
232
696
230
233
243
255
294
282
232
234
235
230
339
320
275
274
278
318
231
229
308
306
318
305
316
307
237
518
385
694
407
231
232
241
232
232
232
230
378
600
344
549
230
229
305
306
304
302
421
392
394
387
435
233
235
726
239
466
376
389
633
230
696
230
230
277
279
319
256
406
246
471
404
404
397
280
277
277
230
230
229
274
274
286
278
288
276
326
417
399
284
279
250
257
243
300
281
356
310
708
236
231
229
229
227
239
229
227
250
226
222
233
225
223
225
224
232
692
394
332
731
724
415
737
242
253
252
482
241
287
282
303
283
283
333
316
313
314
240
240
239
318
328
249
478
301
688
620
727
243
252
743
243
242
739
490
512
304
723
239
236
239
236
282
281
291
283
298
263
294
290
293
291
289
327
304
388
242
815
761
727
428
705
759
488
471
297
468
724
250
241
362
1151
242
323
689
317
263
235
408
467
504
405
412
358
249
733
662
364
422
386
374
482
717
351
241
284
282
237
388
669
323
358
417
288
235
735
320
241
372
390
238
384
711
320
582
569
236
243
322
323
329
337
325
323
323
335
318
278
307
723
598
245
484
246
580
245
245
250
247
244
292
323
325
333
322
323
323
244
331
290
368
404
333
289
289
383
261
244
486
782
244
243
243
293
299
293
290
412
244
401
241
379
361
554
421
398
339
243
241
244
257
242
323
294
322
322
325
236
236
732
235
236
238
310
313
313
439
238
241
240
240
241
247
241
330
244
242
726
244
761
291
293
290
290
299
290
301
262
710
237
247
238
239
1177
728
244
246
249
248
246
334
247
328
333
733
251
249
247
253
251
253
247
252
246
248
253
255
286
246
246
245
749
244
729
295
302
773
570
492
416
243
251
250
423
413
243
246
244
240
290
302
301
293
293
292
289
300
250
372
312
247
331
753
764
249
251
253
248
1190
239
284
577
357
507
493
476
247
248
250
340
349
330
345
344
336
258
251
258
257
778
392
255
261
258
305
304
311
761
265
408
504
308
302
312
335
334
334
250
260
250
342
337
342
331
339
300
301
242
252
248
753
732
241
336
331
321
323
253
257
339
350
348
335
338
341
310
304
249
253
247
246
348
330
329
342
350
303
614
424
437
245
295
371
603
598
268
252
247
247
250
247
246
246
252
258
258
339
249
245
305
295
940
332
346
302
313
332
274
265
464
767
434
543
502
251
255
263
258
259
256
343
344
345
314
311
329
313
250
252
311
302
334
335
301
301
306
333
280
267
388
422
560
254
265
269
258
257
809
439
360
256
455
442
268
255
257
258
249
265
360
345
336
336
357
703
848
797
255
777
251
257
258
252
566
270
274
354
772
259
256
302
258
258
351
358
343
341
260
260
261
260
267
360
356
349
343
346
263
769
259
316
273
449
449
364
262
558
375
401
399
792
378
463
444
409
499
320
354
286
262
258
263
317
409
438
515
265
766
303
758
260
259
373
462
341
343
476
276
376
663
778
781
327
804
547
565
526
257
342
640
258
402
401
567
347
441
391
1258
276
393
414
397
372
361
318
421
423
789
832
789
270
270
265
362
603
794
265
266
266
272
263
264
267
358
361
355
360
266
264
262
346
354
345
354
790
770
312
254
257
254
340
341
304
306
258
438
274
397
802
277
265
322
436
267
443
470
627
578
480
478
273
276
278
285
280
273
272
273
280
282
272
277
333
274
277
287
272
269
268
269
268
321
319
334
321
319
277
814
777
387
269
330
335
323
360
806
805
275
545
554
548
272
272
271
368
361
372
273
276
271
362
546
351
336
335
275
449
817
279
273
273
368
362
362
361
497
366
272
282
274
272
271
333
329
329
271
270
261
292
280
347
262
522
527
788
730
775
283
277
279
380
388
553
428
483
457
933
281
820
814
331
357
325
360
362
329
328
290
340
326
328
361
356
360
333
324
360
303
346
541
534
278
269
373
334
323
321
432
325
819
328
325
328
330
366
361
364
276
281
277
364
375
388
331
339
369
372
277
278
276
367
368
366
344
332
373
371
269
268
415
267
821
269
266
545
535
268
281
283
280
349
333
340
332
336
332
331
273
275
272
362
370
328
367
519
468
466
268
313
282
266
280
335
867
829
449
446
286
329
334
336
365
377
332
340
331
368
277
277
370
365
363
329
348
365
377
279
277
849
436
279
429
423
554
490
474
335
283
279
368
364
375
356
326
368
365
366
284
288
280
876
487
833
286
281
282
277
289
870
289
279
278
277
279
278
284
837
278
280
392
372
372
336
334
343
332
334
276
279
276
290
368
369
368
369
361
333
297
279
271
271
360
360
341
464
296
465
632
282
309
304
517
385
834
288
665
394
280
275
273
274
271
282
326
349
340
331
292
843
497
297
572
560
279
287
281
384
283
279
370
371
370
343
348
346
336
348
462
353
275
297
548
374
550
451
826
671
290
917
652
577
293
306
289
377
379
587
876
288
279
283
281
290
279
277
352
847
276
278
283
280
343
330
334
280
316
276
282
281
282
295
284
339
339
344
341
336
277
270
273
325
358
328
325
322
379
378
292
292
452
1341
372
919
351
570
487
615
1114
383
572
596
296
305
295
288
286
289
291
292
292
287
293
300
292
298
294
350
284
284
885
297
300
397
379
382
379
382
293
292
309
311
289
366
352
360
348
346
483
319
464
864
897
863
290
291
300
296
305
285
279
289
360
387
373
377
377
358
295
292
292
389
392
386
435
355
397
401
301
286
289
408
352
353
381
396
349
355
292
354
343
353
348
356
508
351
441
291
895
295
310
297
294
416
367
357
353
355
295
289
293
393
390
361
348
395
365
352
298
302
296
412
396
394
360
470
1045
356
293
293
400
391
416
357
358
390
388
356
290
290
292
353
355
354
348
348
354
344
303
298
400
402
377
367
356
366
357
360
293
294
297
392
395
362
352
359
392
394
300
308
289
884
296
291
296
348
344
368
285
286
307
298
356
364
344
347
449
500
711
307
291
802
291
624
635
595
507
289
295
294
302
294
308
883
313
366
394
407
874
350
321
298
1393
303
538
545
700
907
295
296
311
903
742
309
307
308
296
300
309
308
340
355
353
361
350
351
351
351
299
363
530
313
448
500
309
466
455
411
932
309
322
388
899
305
886
295
297
305
380
443
902
455
394
419
911
339
295
316
312
296
297
296
295
381
364
360
356
353
297
300
376
394
368
361
362
357
573
602
933
297
293
304
409
409
352
351
351
353
306
307
408
410
377
365
367
363
469
805
310
411
924
744
409
418
732
315
305
316
308
661
440
309
333
379
1194
323
362
462
546
620
618
305
310
406
411
378
381
365
309
309
299
297
304
402
398
404
398
372
310
377
371
374
407
431
323
373
367
368
338
378
372
370
410
423
369
378
367
367
294
296
389
421
353
353
351
354
359
401
298
297
359
393
355
297
300
299
295
304
319
311
411
417
413
403
373
413
415
449
316
316
310
401
373
413
430
430
380
376
318
535
534
532
310
313
311
372
370
375
310
311
308
410
410
369
373
373
372
368
311
311
317
414
425
376
381
371
373
371
1523
416
343
374
366
371
621
522
510
522
558
311
418
414
376
373
370
422
454
373
314
318
395
414
910
645
823
375
536
316
310
319
309
336
311
438
449
416
844
315
1000
743
445
440
757
323
749
508
321
540
317
306
305
308
411
413
429
1479
323
328
931
716
317
313
313
806
740
307
309
312
313
328
502
498
472
592
392
489
502
319
300
901
328
300
401
401
405
389
364
563
300
299
298
314
298
299
301
901
313
896
933
1217
499
504
529
327
312
479
523
776
914
948
936
306
406
330
866
324
557
527
308
394
317
320
306
308
310
307
321
307
309
308
316
308
311
308
311
308
309
307
306
374
367
383
365
370
419
421
370
365
308
367
368
375
368
365
414
408
378
366
323
386
384
387
412
396
396
389
385
396
309
308
410
412
373
371
376
311
571
332
970
335
551
350
498
337
1568
396
556
540
964
553
432
376
374
373
327
329
320
316
311
308
309
334
306
338
311
307
307
357
330
321
326
325
632
957
734
320
319
319
327
319
326
787
653
322
322
973
651
585
323
325
332
324
1003
554
561
758
785
492
935
468
538
558
313
308
308
309
308
307
309
373
399
371
382
371
477
381
382
754
1000
983
388
781
324
336
333
427
387
410
575
559
338
337
331
405
397
403
393
619
654
666
390
985
975
390
399
402
389
390
318
322
328
518
319
660
654
715
426
547
351
333
319
326
323
324
330
430
431
425
334
320
322
385
395
440
442
385
385
398
324
322
324
399
392
471
496
397
388
542
993
445
404
328
323
327
329
326
330
375
321
322
319
380
384
386
402
390
387
393
791
420
634
645
317
336
318
397
954
631
330
333
440
442
398
396
407
445
440
400
325
323
390
388
326
399
329
975
1011
328
337
435
390
390
452
481
390
392
403
389
1082
327
336
331
385
984
662
693
399
404
327
323
332
440
679
387
388
655
357
771
416
993
631
356
332
328
429
439
429
387
330
478
388
385
386
386
387
385
388
389
986
1011
490
531
493
416
394
393
398
397
331
326
434
440
390
393
393
400
390
439
752
384
535
647
552
544
348
701
351
385
631
687
595
986
338
330
344
331
329
400
471
349
443
697
806
552
740
514
499
333
333
327
323
418
393
386
401
386
390
394
338
336
334
413
413
403
406
407
403
418
350
344
326
441
960
500
323
969
776
777
332
331
331
996
1048
331
334
346
398
401
1023
946
440
440
327
382
334
508
534
720
985
343
344
340
407
413
399
401
413
760
344
346
340
816
348
340
521
1033
341
793
993
989
340
337
327
324
337
357
759
342
1027
1027
860
384
578
335
343
348
1009
337
349
334
335
336
335
350
336
335
334
339
338
340
342
339
337
337
352
337
338
340
344
339
337
338
338
337
448
456
406
404
342
1071
1039
348
558
348
1013
562
699
459
519
579
542
520
578
506
368
521
506
461
344
366
339
690
750
352
1049
1195
339
343
360
335
675
442
469
374
856
407
437
418
1016
346
453
478
409
405
420
839
634
1037
338
393
1059
1071
841
1102
575
671
533
363
1037
688
706
351
345
345
344
352
588
1039
348
1059
1049
343
351
344
347
345
345
345
383
351
355
348
351
345
346
344
346
347
341
344
372
337
342
344
416
432
342
425
596
538
486
515
418
343
346
691
449
340
1024
357
1045
341
339
341
1061
411
413
410
342
347
405
403
399
401
412
404
401
406
343
350
340
413
407
457
450
491
559
586
719
349
340
1045
826
1054
336
1060
337
337
561
475
571
471
455
454
422
420
417
406
1058
522
1151
771
830
685
421
1082
1159
468
351
354
360
500
360
908
841
354
355
374
933
380
504
708
416
642
612
359
345
458
353
337
1012
335
412
334
678
681
722
1008
383
339
473
515
419
834
1033
419
423
405
346
346
457
459
416
415
481
412
425
474
344
353
412
414
454
469
413
414
411
427
343
417
378
1030
363
342
465
458
468
426
338
406
412
423
406
422
406
604
422
346
1041
442
351
353
1032
1136
705
703
343
350
1069
1056
554
364
352
367
1052
531
526
451
356
366
490
476
421
422
441
1054
350
352
361
546
359
349
1050
742
465
1073
459
601
359
428
429
426
428
428
354
383
441
432
359
425
426
430
433
431
433
428
474
490
359
358
353
482
604
426
431
439
426
430
364
380
477
476
476
424
423
477
486
793
357
366
357
617
473
432
426
448
428
431
366
356
356
620
1300
357
551
1115
519
354
359
351
422
415
465
491
421
421
416
419
364
433
433
436
439
482
1150
880
364
369
354
369
422
439
419
419
425
441
421
509
391
489
426
443
600
431
477
481
432
429
371
366
372
500
543
442
452
367
548
489
1084
1107
629
610
584
364
570
372
615
767
600
733
355
624
858
363
377
1043
407
709
362
497
572
542
563
646
400
439
433
441
375
360
371
358
361
372
437
430
458
438
360
434
433
444
431
435
434
449
481
481
361
361
372
360
362
361
489
480
439
432
390
365
368
360
491
477
491
446
439
432
586
364
605
807
488
721
946
711
581
379
391
497
738
548
623
564
618
753
610
446
1805
672
425
601
451
709
1118
918
1093
447
364
378
456
440
449
541
489
438
445
558
1131
358
359
364
431
441
478
478
1073
496
371
457
533
925
797
568
1075
1098
383
366
731
745
358
364
440
457
474
462
429
377
369
480
488
694
528
602
480
416
362
571
355
425
427
427
369
641
886
506
478
1067
371
373
563
621
371
370
376
784
371
769
384
489
1104
749
777
1019
416
602
383
374
364
648
367
643
650
648
585
493
622
626
387
663
390
373
400
392
668
667
663
547
372
578
600
382
612
583
611
372
378
850
663
381
630
586
374
601
592
359
361
451
662
390
405
384
604
414
619
693
392
798
607
1064
603
667
715
440
583
897
830
484
373
1137
822
770
378
612
383
412
763
523
400
537
476
520
1107
1168
616
368
523
366
462
394
383
379
454
472
753
377
377
384
376
638
379
643
638
381
380
667
378
722
598
610
371
514
610
395
627
610
384
387
632
661
609
382
379
372
395
388
382
379
620
386
395
389
572
382
639
631
382
616
380
598
381
755
627
385
775
387
593
701
385
378
425
384
370
373
385
378
392
388
639
394
396
632
522
618
661
388
597
389
387
379
665
394
617
389
623
668
513
540
474
450
657
376
648
389
618
376
639
378
403
608
378
376
409
568
603
481
629
520
615
374
450
461
382
375
374
373
374
384
1123
658
646
378
381
382
625
609
426
603
922
824
822
649
704
714
391
399
422
709
384
580
371
562
583
655
372
603
383
813
379
614
652
614
381
642
407
659
672
391
399
385
635
392
604
737
375
584
378
626
706
696
397
633
513
458
381
864
388
385
784
487
467
734
505
663
683
424
680
1137
378
378
398
608
590
390
601
608
385
624
696
668
649
424
653
417
735
831
617
402
402
453
681
639
514
393
629
515
474
498
393
1001
660
651
664
392
650
435
414
618
613
382
388
603
382
388
378
401
443
901
379
382
392
379
396
374
403
671
371
386
396
642
399
627
381
649
390
394
624
537
613
384
619
639
392
613
664
947
405
394
676
409
388
394
413
513
614
390
385
402
615
377
651
445
394
399
385
418
393
412
393
412
615
602
392
395
391
396
391
392
402
393
393
500
415
405
401
423
610
395
400
914
400
617
401
605
413
629
615
410
449
406
400
402
395
412
405
410
401
404
629
402
654
701
411
637
456
401
665
417
648
539
701
442
404
660
410
701
719
597
402
743
739
413
425
412
418
413
407
626
400
631
415
678
604
614
1203
1381
403
684
713
403
672
420
659
401
409
403
428
412
421
415
406
399
428
455
449
400
414
407
640
617
613
509
653
410
666
623
410
660
394
434
401
656
454
590
615
595
957
382
391
431
857
1142
394
396
669
675
480
458
743
407
497
405
408
403
408
407
414
635
1171
1404
394
852
875
582
410
630
629
391
546
408
647
413
625
431
624
653
401
617
398
413
405
408
400
742
661
527
398
664
640
669
501
470
598
805
826
711
531
683
938
493
1157
603
617
375
756
516
393
385
393
397
694
1281
549
789
642
1258
778
392
481
483
747
643
1634
630
543
407
808
647
1127
682
582
641
736
703
393
981
612
982
1597
827
587
866
650
609
994
978
466
462
1375
825
638
1120
993
425
1366
686
418
676
1634
591
414
840
429
1882
442
1248
1041
566
1002
817
503
414
810
396
508
509
1197
415
1257
672
677
685
467
702
431
838
629
606
412
532
650
752
392
403
804
629
405
1158
586
402
397
676
416
662
391
1187
1392
769
1144
452
700
700
706
521
408
413
433
684
415
523
811
666
624
712
511
664
697
1256
989
817
395
635
863
442
696
679
840
760
1182
696
1152
900
718
409
906
422
1261
780
406
1190
1252
922
407
492
958
944
402
643
497
581
388
615
915
967
1321
1187
400
402
669
407
408
1111
402
709
800
601
809
401
415
875
677
944
889
985
412
1692
415
622
897
405
707
411
412
444
1032
616
1069
408
410
402
998
611
558
412
406
606
734
420
1273
420
893
824
719
633
626
571
910
411
429
707
430
908
527
426
424
556
1004
664
469
656
419
727
442
714
428
724
597
715
735
514
867
413
674
420
686
423
416
421
420
453
468
694
1118
756
922
854
849
772
405
471
1084
1288
869
764
924
706
834
835
703
513
1307
416
1303
1318
857
697
826
416
650
1308
544
636
450
946
615
1553
526
822
829
848
1305
882
578
927
477
684
427
468
424
431
474
442
413
696
1080
711
763
569
816
429
915
826
1599
531
830
751
959
815
1064
433
607
414
660
735
646
402
847
1149
422
675
431
675
443
736
482
1188
422
419
1078
502
406
483
438
510
427
425
799
413
1280
608
668
538
1017
593
1155
1259
669
696
804
676
1031
1446
1003
430
508
1266
412
633
429
411
506
922
1044
547
461
420
543
1233
1152
448
657
1230
410
426
475
1360
410
1245
473
419
576
558
1858
663
620
632
629
788
1594
428
979
443
719
622
512
787
437
819
557
662
1311
808
399
466
968
499
519
519
450
1187
717
426
474
439
694
433
493
655
754
780
678
681
687
436
722
696
440
681
429
680
431
700
428
451
437
450
516
477
641
445
932
664
438
803
536
1041
759
923
718
1323
1062
632
674
1053
1081
989
580
834
1295
1456
950
1122
762
678
433
422
426
642
669
566
1357
582
1296
830
432
1176
656
443
1763
743
409
1283
430
755
513
1015
1390
430
608
539
492
412
728
426
675
861
834
448
424
912
432
452
434
625
674
816
513
512
416
432
1055
435
751
460
698
438
1261
437
460
439
977
1181
799
907
445
705
535
672
816
743
1222
650
767
442
886
864
1333
441
670
558
1281
917
797
443
863
595
875
873
1109
440
668
1363
1067
474
572
888
1120
687
1269
2006
724
2048
612
569
428
821
1277
587
1434
1296
448
615
661
734
867
650
955
921
494
447
861
903
828
702
445
438
1295
718
599
577
889
697
971
821
1203
450
536
433
642
599
606
524
441
739
854
577
446
439
440
703
1065
704
436
703
669
438
659
455
457
479
460
459
581
677
547
785
463
828
440
448
442
444
730
430
451
496
444
525
432
422
451
443
447
757
699
683
447
680
429
683
460
455
440
458
552
473
756
448
427
707
439
458
456
809
631
441
454
689
1313
697
440
688
457
758
966
428
734
462
965
677
1468
780
616
452
664
771
864
435
450
428
440
586
643
828
642
430
521
1416
435
828
442
455
500
451
784
720
733
766
764
680
429
583
716
703
419
708
421
681
717
442
783
793
439
716
444
696
454
725
450
740
459
708
876
479
711
653
459
449
475
753
473
740
446
722
463
441
749
511
761
453
903
452
603
1028
587
1085
751
795
1053
816
863
534
847
1140
893
714
666
436
1171
472
530
839
1446
1270
448
590
1350
904
462
538
898
765
1411
1101
480
1122
447
447
1357
479
436
599
710
441
442
1337
530
1078
1109
843
860
856
643
909
1011
749
1053
1338
511
439
666
681
462
442
498
440
457
483
713
469
811
460
813
872
964
465
1183
642
437
600
474
451
488
449
456
451
459
467
532
451
1161
1251
707
452
731
838
972
708
485
749
1330
1381
447
663
478
713
479
452
685
439
579
1477
1312
1467
521
748
749
1064
689
772
1075
705
453
1017
1387
624
564
733
437
807
825
761
578
484
743
638
614
580
500
739
550
720
922
450
974
1404
682
1113
458
481
729
451
845
457
728
685
701
572
516
1093
1324
589
457
632
463
1352
612
1216
765
767
452
709
594
969
533
451
456
787
448
726
728
461
728
455
449
465
480
465
1055
876
1629
866
460
652
712
939
804
1003
748
446
767
450
1425
1296
445
1053
770
941
540
1260
552
1271
1192
1075
777
697
464
469
434
436
1283
816
1189
1370
434
649
677
457
766
735
445
714
755
1072
593
628
452
469
436
438
686
440
862
539
525
441
457
597
446
866
503
507
1438
879
762
524
1085
759
437
465
522
670
828
802
738
879
495
741
699
823
563
982
886
464
460
708
455
714
441
661
936
749
1220
455
606
1074
880
848
780
467
1276
1117
463
904
457
1079
960
1074
1277
1104
455
1041
769
666
1546
518
860
1459
774
880
455
1032
470
822
767
769
766
752
1080
470
745
478
736
767
745
464
738
453
466
466
730
485
454
450
461
574
466
452
735
460
780
801
457
818
725
475
460
799
694
463
488
754
694
759
456
456
1023
549
1106
552
994
939
473
464
903
1408
860
1345
486
481
470
916
1192
566
794
467
602
456
1835
675
579
467
678
729
869
699
472
465
456
461
507
738
459
867
460
773
456
1017
528
776
704
490
1423
1128
769
869
755
1216
924
816
930
1163
460
458
647
1332
630
1269
463
1128
470
703
556
555
836
483
1029
716
626
862
488
739
1042
925
974
932
480
489
1350
1190
997
993
1133
859
645
903
1524
774
457
1133
527
479
1407
792
961
728
863
556
479
477
809
912
714
468
471
494
497
752
1009
483
718
495
488
509
749
479
766
471
625
716
772
1077
468
630
563
968
880
990
456
468
1095
522
461
727
1389
904
1151
911
806
813
787
1165
2167
508
462
501
578
826
449
1123
1405
453
861
1350
924
736
1431
476
471
1174
475
579
1313
566
927
478
706
485
765
1118
736
660
453
782
768
954
468
986
1384
870
466
794
698
585
1240
813
785
1138
707
523
1648
451
445
447
736
677
494
1091
1003
492
487
722
706
476
1143
1377
1416
487
478
472
1194
655
766
637
702
463
671
1874
476
689
693
1026
618
835
477
484
554
520
794
793
505
758
482
809
1352
842
613
805
1079
678
761
483
784
1530
499
1366
714
482
1161
827
1462
983
942
762
473
1274
1537
481
743
951
467
624
491
730
1079
1398
553
755
525
1461
816
564
619
526
473
555
575
758
1048
1117
477
467
685
609
632
726
1234
1025
924
1794
1202
884
775
1069
1007
630
802
538
610
991
1349
1235
916
660
2356
1396
1002
761
534
736
1249
1192
584
1010
699
960
816
820
977
1083
604
1026
485
851
834
1131
1197
573
1024
1551
605
1208
1021
500
496
494
652
500
1403
483
478
525
648
477
1005
711
593
727
1028
633
936
796
744
468
823
790
460
459
454
474
499
544
610
612
550
556
559
934
478
472
559
576
465
463
466
554
560
558
474
1793
566
490
472
1421
1706
496
745
764
1107
1275
464
467
555
563
462
465
463
473
466
1034
635
620
492
469
556
564
483
461
894
508
1438
1439
470
475
503
1187
1471
480
471
750
1113
1377
1456
462
460
480
462
462
472
652
1280
470
662
567
569
579
582
568
472
499
556
556
464
476
796
489
762
814
945
482
480
475
475
473
474
483
472
591
935
467
468
508
484
531
564
581
565
565
1467
470
463
477
475
564
568
463
1000
751
472
479
466
485
474
577
567
569
562
568
484
1313
1399
617
1023
477
465
473
570
572
473
1421
460
463
467
1389
1399
484
464
465
488
481
592
582
484
494
517
484
502
644
470
496
469
570
563
561
565
564
1455
468
490
573
560
561
560
572
565
578
569
580
477
570
570
570
573
569
571
576
585
571
469
488
482
487
481
473
562
565
474
468
486
486
507
487
1480
497
483
581
1168
1382
483
483
1664
1454
1460
1258
1452
495
512
1495
858
1153
582
591
478
488
482
492
521
607
1182
482
1405
473
467
563
590
490
498
475
475
475
567
568
586
676
940
525
840
844
478
480
478
718
1435
494
478
1037
523
853
850
578
548
560
1016
602
907
525
867
502
474
1439
471
498
474
474
494
569
693
477
494
498
592
588
592
586
590
586
597
590
501
489
620
593
492
490
494
494
490
604
487
488
493
486
588
582
601
586
600
596
486
480
580
1860
745
748
581
578
483
1498
480
488
577
583
483
480
479
577
571
576
486
503
484
579
579
575
574
585
603
573
484
1448
493
477
474
512
478
472
479
492
492
490
620
600
592
591
591
588
612
588
499
504
592
588
594
584
607
1511
497
494
496
506
507
491
494
551
505
498
795
500
519
495
593
597
665
804
1494
508
853
508
497
663
511
504
1568
496
796
837
624
496
504
497
501
495
687
656
501
489
494
491
506
489
540
584
487
656
493
512
604
585
1442
722
730
576
575
574
577
490
788
482
492
511
519
736
1206
688
945
650
991
1067
501
852
768
529
489
626
660
490
483
503
1196
1564
1619
535
1266
786
693
662
1529
860
482
482
1475
485
480
495
523
1041
1294
867
1493
507
498
756
766
597
597
658
598
616
497
513
499
600
628
496
513
502
536
743
490
496
595
587
509
502
591
598
758
619
1445
500
481
583
583
481
482
484
482
491
493
484
654
651
494
487
661
652
486
485
491
506
588
614
589
609
596
490
659
689
541
1041
1563
1584
511
501
510
1598
1020
1551
508
659
1190
506
1493
507
496
618
596
494
509
515
492
493
515
526
996
1540
496
493
507
608
619
599
607
606
621
607
581
1529
496
488
605
486
485
487
498
504
487
586
505
1013
505
502
497
632
625
502
526
499
519
1494
503
498
609
608
506
502
524
499
496
518
509
597
605
616
602
607
607
631
500
507
498
588
592
617
597
1476
500
496
516
501
515
597
619
498
504
517
499
509
498
496
609
599
503
525
673
950
1506
520
501
513
508
589
597
603
592
613
614
594
507
510
512
622
609
609
624
612
612
621
523
517
1542
511
520
509
513
509
663
613
921
547
903
615
888
896
1027
536
507
515
1497
1524
499
505
515
508
498
526
500
501
832
824
686
955
551
890
563
861
509
513
498
498
505
1202
1492
510
1516
506
521
500
531
523
1547
1032
511
528
839
642
1601
514
530
526
526
558
526
1048
517
1640
512
537
1543
508
509
625
617
1537
1016
514
531
612
520
510
507
634
605
510
510
1529
1577
512
505
1502
491
515
490
500
486
489
486
588
523
510
501
601
608
501
515
507
513
506
495
1542
516
504
595
621
496
495
659
678
514
590
609
609
642
612
609
607
632
613
549
622
610
621
611
521
507
621
611
623
549
619
632
607
629
609
637
622
653
614
507
622
613
612
611
621
608
611
621
629
1517
556
650
1046
667
590
501
500
605
601
506
623
625
621
620
519
506
548
613
618
509
503
686
1517
1501
505
505
500
509
533
1553
1545
515
498
602
598
596
597
597
607
1372
1240
1614
884
1545
850
849
520
500
496
534
523
537
509
514
519
615
637
516
509
519
520
518
530
514
639
522
523
514
546
502
508
516
506
508
503
521
507
674
601
509
517
510
511
526
514
511
617
624
514
541
1111
511
512
624
623
614
623
620
510
521
621
617
612
627
628
611
607
603
613
499
597
607
1497
498
514
592
636
498
501
515
503
504
604
620
525
503
609
610
627
529
642
640
537
532
638
1606
565
531
652
523
528
538
649
621
626
630
637
624
637
521
550
520
645
623
641
622
644
1593
586
517
627
629
631
622
658
625
553
515
623
587
528
526
777
701
538
530
703
1573
1583
523
522
527
523
524
521
536
544
524
544
545
555
1628
714
740
640
638
636
642
533
537
633
639
635
646
657
641
643
631
648
540
538
857
554
908
1058
1603
1583
540
1120
535
544
1729
533
532
668
644
637
535
535
