14
14
24
14
23
22
23
18
18
17
18
18
18
18
27
27
28
27
23
25
18
18
18
25
25
26
24
23
23
24
18
18
19
18
19
26
18
18
17
21
15
14
15
19
17
19
17
17
15
14
16
13
13
13
14
13
19
20
28
19
32
17
26
26
29
28
28
17
49
49
22
21
22
29
29
28
29
27
28
28
48
16
16
21
24
23
31
31
32
16
13
13
15
17
15
15
15
17
17
17
21
21
20
30
30
29
30
31
31
29
29
25
25
24
33
32
33
38
50
39
34
32
33
48
49
48
48
48
49
49
21
22
21
28
28
28
28
28
29
27
10
10
10
15
15
14
14
14
14
15
19
18
18
24
24
25
23
26
26
26
35
79
104
98
45
43
44
44
45
44
18
18
18
18
19
26
26
26
26
26
13
12
13
12
13
13
19
19
18
19
22
24
25
24
25
32
40
31
31
31
31
31
31
30
30
44
45
45
46
45
10
10
10
11
10
16
15
21
38
15
39
38
75
74
75
45
59
45
45
56
44
45
52
53
53
68
65
66
67
67
31
41
28
38
28
38
29
39
28
29
25
27
25
27
25
43
41
44
43
44
29
28
26
27
40
40
40
40
37
36
10
10
9
10
16
14
15
14
14
14
42
43
44
42
44
64
62
61
63
64
29
28
28
28
42
43
43
42
43
43
17
19
21
45
23
39
22
53
49
24
34
33
33
32
35
49
47
48
49
45
39
39
38
38
56
56
57
56
50
50
47
46
47
46
65
70
76
68
61
60
34
32
32
49
49
48
49
44
45
45
23
23
30
30
30
31
33
34
34
34
39
45
44
44
45
58
71
56
110
112
37
39
42
43
43
53
108
109
46
47
26
24
26
25
36
37
46
38
33
32
20
19
19
27
41
42
25
20
27
45
47
47
46
46
44
45
45
45
54
54
43
45
41
40
42
42
60
62
84
82
50
50
35
50
54
35
54
47
53
36
64
64
65
66
63
94
96
193
125
126
38
38
40
37
56
55
56
50
50
50
28
27
28
35
36
35
35
35
35
80
28
26
27
26
26
26
27
35
35
34
21
21
19
19
20
29
29
43
31
30
41
41
47
49
47
57
54
54
52
53
32
53
94
91
92
32
31
32
30
31
52
51
60
61
61
61
79
76
76
76
61
61
61
59
60
87
91
89
81
79
31
32
30
87
60
61
44
45
45
45
47
56
54
54
54
68
68
68
67
67
132
131
52
127
99
42
43
43
42
44
17
11
10
13
12
13
13
14
15
14
35
33
34
99
58
44
44
44
46
64
207
92
180
90
91
90
102
100
91
89
56
54
56
54
60
60
61
45
46
45
72
99
72
139
135
75
99
74
106
106
50
149
50
50
51
50
50
60
59
61
55
55
54
72
70
72
71
75
71
71
61
60
71
71
71
72
90
88
90
78
22
26
27
26
26
31
33
32
31
28
58
57
58
58
172
76
76
78
76
76
38
37
37
37
48
56
57
56
53
49
61
59
81
59
61
60
82
81
79
90
42
42
42
40
40
60
60
60
54
55
51
50
51
50
75
73
76
66
69
65
41
40
40
60
60
60
59
54
54
54
82
81
100
245
82
80
81
81
127
240
65
79
78
79
77
79
87
88
87
113
65
63
63
64
95
95
94
95
94
95
78
86
84
196
82
63
62
62
106
108
112
66
63
64
49
50
50
49
54
55
77
78
78
55
77
73
79
57
58
76
45
129
129
43
68
46
60
57
57
58
62
74
73
75
74
92
95
90
95
74
44
43
44
42
42
42
57
58
57
62
62
62
62
62
61
93
92
92
80
84
45
42
45
43
63
65
66
58
57
56
25
24
32
31
31
32
36
35
37
37
46
55
55
57
54
66
67
68
61
63
25
24
24
23
34
34
34
35
34
36
96
192
83
84
85
86
84
88
84
84
33
31
37
37
35
47
43
45
44
43
66
65
65
66
97
96
100
96
87
88
59
62
60
80
80
79
87
91
89
89
87
108
107
103
105
130
134
129
116
116
81
79
79
81
120
119
124
119
119
118
43
42
49
50
53
50
63
112
59
43
149
227
74
77
74
75
75
99
112
96
75
76
100
106
99
100
248
103
103
76
118
87
109
157
79
80
77
78
119
115
49
48
48
47
48
58
57
57
116
115
76
75
76
76
77
103
101
101
100
102
29
27
28
37
38
35
41
41
41
42
58
66
66
65
65
67
75
74
72
73
61
60
61
60
60
60
90
88
80
80
24
24
25
25
22
34
34
35
34
33
36
36
48
46
47
47
53
55
52
48
81
78
93
95
92
93
118
116
106
102
65
52
51
77
76
78
77
67
69
67
46
54
54
55
54
54
54
54
53
55
25
29
30
30
29
36
37
37
31
32
96
95
94
142
145
141
178
125
124
129
29
33
33
35
35
38
39
38
38
38
66
65
66
64
99
99
138
95
89
102
247
82
80
80
82
80
95
98
95
100
103
124
100
101
136
137
138
186
274
145
86
120
122
124
92
124
148
147
148
103
49
57
58
59
58
64
120
65
117
115
38
38
45
45
45
46
50
50
50
50
77
75
75
74
77
75
112
113
112
99
55
54
54
54
54
82
79
79
64
65
58
58
59
57
85
85
84
78
77
83
54
55
72
74
72
73
72
71
72
81
88
87
86
87
86
129
129
128
115
113
121
120
120
180
179
180
163
162
158
160
53
60
62
61
61
68
70
68
68
68
63
61
61
63
90
92
91
80
81
79
67
68
80
82
79
100
102
100
91
92
91
90
92
137
266
266
108
109
107
106
90
88
88
53
52
52
52
65
66
63
188
108
108
185
259
260
110
110
109
109
41
40
52
51
52
53
51
51
53
55
26
35
25
42
40
38
41
35
34
32
124
149
171
176
146
147
151
161
146
146
76
75
74
131
138
111
99
98
98
96
73
84
86
82
86
83
109
92
84
83
135
157
158
248
176
173
178
183
230
132
44
44
42
42
43
42
43
41
53
51
36
36
35
35
36
35
46
47
46
46
104
103
120
124
123
124
122
126
124
123
118
112
113
114
112
112
150
151
162
150
111
109
133
131
132
145
147
148
146
148
55
55
55
55
82
84
82
74
74
74
44
41
50
49
50
63
63
91
61
55
45
45
45
44
66
66
66
59
58
58
64
63
78
77
77
93
93
94
84
82
109
108
263
207
218
184
185
185
182
129
119
140
142
141
130
163
162
163
118
163
35
33
33
32
33
68
50
77
65
65
46
45
55
55
53
54
59
58
61
59
46
45
44
46
45
46
67
67
67
58
102
101
120
102
103
139
124
136
135
138
32
31
31
31
31
45
45
45
38
40
51
54
52
66
69
68
67
67
70
68
99
118
118
119
120
119
118
117
150
146
52
66
51
78
75
75
67
68
69
69
156
157
157
155
170
232
232
232
204
465
111
110
111
111
146
147
160
147
130
134
67
67
67
67
97
103
100
90
89
87
84
99
100
99
112
109
110
109
109
110
49
46
61
61
93
61
62
61
77
65
87
94
82
124
122
123
109
112
110
112
105
103
104
104
155
160
157
137
138
138
68
67
82
80
81
100
102
107
89
89
120
119
122
183
365
361
364
145
264
126
235
381
113
112
112
336
150
150
149
136
149
147
146
154
149
150
150
250
207
318
257
116
138
111
114
84
85
84
84
84
38
36
36
36
36
36
38
51
49
49
125
125
165
166
167
165
167
168
168
168
59
58
60
85
88
86
77
92
76
77
97
116
113
128
113
127
129
127
126
125
36
35
35
106
104
60
61
47
46
47
106
106
124
104
136
138
136
137
139
138
130
131
132
131
194
198
172
175
173
174
150
148
148
177
197
247
211
199
197
196
79
76
89
91
91
113
113
114
100
102
57
57
56
75
77
77
74
75
74
77
72
72
73
72
110
110
110
95
97
98
66
66
77
88
76
98
97
98
85
86
80
80
81
236
238
80
81
80
119
118
36
36
36
46
47
47
51
54
52
45
127
103
103
106
138
137
161
139
139
138
86
255
250
86
85
84
82
83
83
102
83
82
80
81
81
109
108
109
132
107
118
181
96
89
105
106
106
106
103
105
122
143
123
122
164
163
164
167
165
164
151
151
152
152
229
229
230
204
205
206
124
125
150
148
149
187
183
191
148
149
47
49
46
63
140
138
138
56
56
56
137
135
163
159
162
201
201
201
162
160
56
55
74
73
73
75
75
74
74
73
121
122
123
123
160
160
159
158
160
161
179
178
214
214
213
262
265
267
235
236
171
169
225
227
225
240
241
222
225
222
113
112
114
149
149
150
148
149
222
426
113
114
190
150
150
150
148
149
149
151
193
193
192
256
256
258
259
256
256
257
89
89
90
89
134
134
134
119
117
122
108
105
109
109
109
144
143
131
131
128
97
96
129
130
130
131
130
129
292
288
220
468
155
468
474
158
160
201
210
211
50
55
57
57
57
64
63
66
88
62
291
97
293
283
95
99
98
145
143
145
162
195
194
196
192
195
215
217
196
198
89
89
87
118
118
116
116
119
118
119
142
139
140
416
238
247
237
415
234
237
137
140
162
165
164
182
181
182
181
181
42
43
58
59
72
57
56
56
56
63
79
77
80
78
105
105
234
154
156
116
108
320
316
319
184
218
128
131
141
125
148
148
149
149
221
221
222
195
196
199
153
182
182
182
204
203
204
182
185
183
137
135
163
164
163
164
165
184
166
163
146
146
173
194
190
194
250
196
148
260
87
105
104
103
104
104
115
114
104
105
182
132
392
176
175
174
173
174
173
175
120
354
355
120
119
119
160
159
158
158
181
182
182
181
240
239
241
240
242
241
188
226
227
226
250
252
250
253
251
253
140
168
170
170
198
192
186
195
189
190
107
126
125
124
123
139
139
136
137
139
70
68
89
91
90
91
91
90
88
90
114
113
114
168
169
170
134
136
135
135
135
160
161
162
177
179
180
178
178
182
178
214
212
211
212
235
238
234
236
237
64
64
85
85
85
85
85
87
86
115
48
49
49
64
66
64
64
63
64
63
103
136
154
309
105
104
106
103
153
154
37
37
37
47
71
50
116
37
36
68
39
39
54
51
52
51
52
55
40
53
224
233
232
232
175
175
174
175
217
207
106
106
106
106
106
141
129
129
150
126
85
104
101
101
115
114
113
114
113
114
78
58
58
78
79
173
58
59
57
57
40
39
38
40
39
52
52
53
51
51
211
209
276
273
275
277
274
276
278
278
33
32
31
41
42
43
65
95
54
54
220
262
259
260
288
287
287
290
296
335
430
145
143
143
144
191
173
173
173
173
113
112
114
114
115
114
153
152
151
154
76
92
91
93
118
101
101
101
101
101
61
62
61
82
84
82
81
82
80
81
130
130
130
173
171
171
172
171
173
174
523
174
176
176
234
233
236
237
234
235
35
42
41
42
54
60
34
47
35
46
111
109
217
212
219
107
110
108
107
123
82
79
80
82
80
80
80
80
83
80
194
195
257
256
221
261
257
257
269
262
65
65
88
88
87
88
105
86
86
86
151
153
153
200
207
200
180
182
184
460
210
212
210
430
419
421
630
635
213
212
68
67
85
66
88
88
87
87
89
88
126
150
154
154
168
170
169
171
168
173
212
254
256
278
256
280
279
281
629
252
109
95
96
143
388
98
98
106
96
99
50
49
60
66
66
67
66
66
67
65
176
188
174
176
231
231
231
209
208
209
77
92
93
91
93
93
92
117
116
115
663
265
264
265
263
267
264
277
296
297
138
137
165
227
233
137
196
193
139
195
190
169
511
314
510
504
168
169
168
172
132
130
131
127
130
174
172
173
156
173
46
45
45
65
61
61
60
61
61
61
51
49
50
52
49
67
66
67
67
67
81
80
107
108
105
107
108
107
107
108
167
166
222
221
222
225
221
225
223
224
179
178
212
215
212
236
234
237
214
213
161
159
193
194
487
488
489
485
193
195
120
119
162
160
159
158
159
158
159
159
136
135
138
201
202
201
181
183
179
182
221
648
290
287
282
285
288
287
347
289
198
194
193
193
193
291
291
281
193
193
257
307
332
220
325
328
330
329
303
303
154
153
153
204
204
223
218
205
202
203
97
75
114
102
81
164
159
68
67
76
146
145
253
412
246
252
145
144
149
145
170
204
201
200
226
225
224
202
203
203
78
92
92
94
103
104
103
104
108
126
77
90
91
92
89
100
99
100
99
99
57
68
68
68
68
75
74
74
74
77
184
226
241
217
218
245
557
438
453
221
138
139
140
187
189
186
188
187
186
186
59
59
61
59
79
78
80
78
78
78
76
74
75
75
113
139
112
100
93
130
219
235
217
233
286
289
290
260
259
257
166
165
164
169
224
222
223
196
197
222
90
84
113
100
99
114
114
112
112
112
342
197
198
226
244
132
131
130
131
129
198
197
199
196
197
263
260
227
592
202
218
427
215
698
694
324
320
325
640
508
202
243
242
242
267
266
270
271
269
271
146
146
146
146
194
198
193
176
199
177
123
117
120
439
118
237
117
119
118
116
64
63
75
77
66
64
85
83
85
83
51
61
61
60
60
66
66
66
66
67
201
155
157
154
157
206
206
206
206
205
172
74
76
76
69
67
66
67
69
67
98
98
97
130
130
128
128
126
131
129
165
166
164
220
219
220
218
222
220
198
98
98
98
135
133
132
132
132
135
132
110
328
109
110
108
327
331
111
110
108
76
92
91
92
103
102
143
107
103
103
536
535
178
178
178
213
215
215
182
179
246
247
259
245
693
347
347
346
346
342
232
117
116
118
152
153
154
136
140
143
49
50
47
49
49
66
65
64
67
65
167
168
222
226
224
224
225
225
227
222
194
196
259
259
260
236
233
231
389
591
276
295
275
427
365
368
366
366
364
369
110
107
107
143
142
128
128
133
143
140
228
227
227
228
304
300
300
304
277
288
169
167
507
200
199
203
248
183
431
223
252
253
253
335
335
338
338
337
335
336
177
173
171
228
229
227
227
228
226
228
231
230
228
304
303
307
307
298
303
315
114
118
114
115
115
153
134
137
136
138
137
138
135
135
135
183
181
180
409
205
126
126
177
126
178
126
176
176
192
199
418
140
139
139
141
168
169
168
165
167
170
171
172
170
203
204
204
227
226
244
172
172
175
171
232
230
218
208
209
229
234
235
236
313
311
318
337
313
313
303
269
802
269
267
323
322
320
357
357
357
135
133
159
162
161
160
162
161
160
159
107
97
96
97
128
127
125
125
126
126
108
105
108
141
140
126
128
128
129
128
165
184
164
215
239
219
218
218
217
220
184
179
180
240
241
240
239
241
239
238
161
193
191
193
212
213
211
212
210
213
191
191
190
191
190
255
251
252
229
226
205
204
204
244
274
273
273
272
272
277
91
88
88
90
133
132
107
108
109
119
244
243
244
325
329
326
321
323
325
291
165
167
164
168
248
292
203
246
246
244
115
114
113
154
154
154
152
153
153
140
220
150
149
149
148
223
220
219
148
149
289
288
285
287
287
289
286
286
348
346
171
141
168
144
169
186
185
211
216
192
129
153
157
154
171
170
171
171
173
170
168
167
200
200
222
222
221
223
201
200
174
172
173
194
231
230
230
230
230
230
117
116
116
173
347
281
277
117
115
116
82
83
80
80
81
108
107
108
107
105
126
124
170
169
167
149
153
149
168
167
186
218
235
218
245
242
246
241
244
243
246
258
247
245
328
349
326
328
326
328
60
58
59
79
80
79
78
78
77
78
224
223
222
298
296
297
270
267
297
318
171
172
180
170
170
507
507
170
227
226
147
146
146
145
193
328
173
173
172
172
74
75
73
73
98
95
98
86
85
85
167
167
166
165
165
198
501
200
198
208
45
45
55
53
60
59
60
58
59
61
242
223
223
222
224
222
222
227
223
299
186
221
223
225
222
221
219
226
223
223
202
201
199
241
241
268
267
601
201
203
165
164
165
164
197
197
319
199
223
221
256
254
253
339
335
338
337
345
337
337
57
56
54
83
82
81
66
64
67
67
52
46
45
45
68
68
68
67
56
140
196
196
198
211
193
263
260
257
195
195
46
45
60
60
134
69
80
79
61
61
61
59
71
72
71
71
73
102
81
80
127
125
124
125
125
125
122
123
153
303
218
216
217
371
218
310
309
306
219
350
117
118
40
39
39
47
47
48
39
40
289
290
492
865
382
384
386
289
297
300
138
141
136
137
136
136
165
162
163
163
35
35
35
35
47
47
46
46
46
45
201
200
200
200
266
265
242
243
239
268
32
32
32
42
43
42
42
42
42
41
102
103
101
139
135
136
137
136
135
135
53
52
54
71
71
72
70
70
70
63
219
219
218
289
291
325
262
264
293
288
109
108
128
130
131
131
130
130
147
147
96
94
96
94
127
124
126
114
116
229
116
114
39
38
38
39
39
45
45
45
226
226
274
326
272
386
270
299
300
300
267
267
356
353
355
355
356
353
354
354
203
294
319
305
243
211
203
349
346
203
68
69
70
90
91
92
90
82
74
69
128
136
126
125
125
127
551
126
376
125
57
57
55
56
73
74
74
73
72
163
265
229
236
252
288
288
285
289
285
263
198
197
262
261
238
237
236
262
261
261
120
117
117
116
158
155
143
141
144
395
53
52
53
52
70
70
69
62
62
62
244
734
245
246
243
328
326
323
292
293
133
133
134
161
176
178
179
176
161
160
242
241
240
319
318
318
319
317
321
320
237
238
239
237
238
237
237
241
320
436
710
573
576
292
288
288
384
373
347
346
197
197
235
233
235
197
275
277
275
302
312
308
103
104
104
103
102
103
103
103
184
184
185
183
243
245
220
220
219
244
182
168
166
225
228
222
220
220
222
221
124
125
160
163
190
165
163
166
162
164
95
130
255
130
137
104
123
102
115
114
227
228
223
225
451
447
227
225
224
225
187
187
188
231
225
310
364
288
189
598
56
67
69
66
191
72
73
65
66
66
269
270
325
356
355
322
322
323
356
353
552
306
203
203
205
206
203
185
186
184
74
58
59
58
86
86
73
176
165
177
101
102
102
102
120
121
120
137
136
138
93
102
90
90
128
119
113
113
394
90
96
94
96
94
94
112
112
114
112
113
87
87
86
87
114
115
117
116
116
116
347
349
461
434
433
434
454
1014
975
327
348
343
354
414
441
448
397
401
395
798
118
120
117
140
140
156
156
159
143
156
249
249
247
245
327
353
305
297
295
330
84
251
100
101
98
102
103
100
111
112
240
240
243
241
321
319
293
291
287
320
215
214
214
289
283
261
258
258
286
282
223
297
269
270
296
297
300
296
299
309
238
237
238
322
320
315
318
319
320
303
124
123
168
165
163
173
334
164
171
240
218
125
110
222
73
73
74
72
73
73
86
126
131
100
121
115
115
115
130
114
137
136
174
139
206
208
165
165
163
184
146
148
146
195
194
177
176
177
194
196
234
283
279
280
313
310
313
261
278
328
353
356
1081
1057
489
476
471
517
486
428
290
291
362
353
907
497
696
290
290
291
77
91
91
92
92
227
227
229
227
123
431
395
131
130
174
171
174
172
176
173
52
169
153
50
50
49
53
74
54
151
104
101
101
121
122
122
122
120
132
142
251
251
464
522
500
747
339
743
250
252
49
49
49
49
48
57
57
58
59
58
350
310
280
277
211
210
212
210
210
207
61
59
70
73
70
79
80
78
81
81
171
180
181
170
228
226
289
227
235
261
178
178
235
235
234
236
211
236
234
235
160
158
159
210
215
212
188
477
379
258
181
180
539
182
179
359
183
181
180
181
214
213
212
214
215
221
215
214
213
215
153
151
149
151
151
179
150
150
149
151
233
233
232
310
310
278
276
282
307
309
108
128
132
128
141
143
130
128
129
142
84
82
84
111
84
112
84
110
109
142
603
598
200
294
283
200
199
198
256
597
64
61
60
62
82
82
74
73
74
82
193
273
284
305
295
195
591
193
206
196
242
240
286
316
286
285
282
330
318
287
208
210
209
278
276
252
250
252
276
279
226
270
270
270
301
302
319
272
272
302
318
322
322
445
428
383
383
381
425
424
164
198
197
200
168
165
165
237
219
197
300
301
300
401
409
365
361
361
405
403
112
133
132
132
146
147
147
158
134
151
80
80
78
106
105
106
95
95
107
106
227
270
268
269
301
299
269
266
268
295
372
373
495
494
492
461
453
497
494
493
409
407
407
547
540
542
513
491
541
544
248
290
474
478
240
239
243
284
288
288
255
251
253
253
359
357
359
253
336
403
915
433
429
345
345
353
344
287
523
429
468
213
210
192
189
186
187
190
187
210
178
179
246
241
234
238
277
213
216
219
83
84
84
123
126
143
98
102
111
111
229
271
273
271
305
300
271
271
271
302
184
183
245
245
240
243
245
219
218
220
258
256
254
338
342
343
308
304
339
341
219
259
258
260
269
263
285
290
286
262
172
171
204
218
231
227
227
222
228
225
372
364
361
487
482
511
438
436
480
484
162
195
193
192
215
214
232
194
194
217
111
109
110
147
149
146
144
145
157
134
57
56
55
56
74
75
170
127
56
166
139
138
160
137
187
183
182
182
185
184
58
59
58
59
56
86
69
77
77
75
404
396
406
528
526
547
794
1235
944
406
118
119
159
156
158
161
176
178
178
177
320
320
318
421
434
383
382
386
380
406
293
294
293
293
390
391
392
388
353
352
237
244
260
269
288
289
290
285
261
288
147
146
144
193
193
195
193
192
194
196
239
242
239
242
305
290
404
316
239
730
102
101
100
303
254
100
99
150
306
100
374
370
370
480
451
446
644
446
462
452
99
100
101
99
133
134
121
117
118
131
146
127
126
50
50
50
51
54
49
51
126
124
168
169
151
151
150
166
166
165
301
299
406
435
527
302
303
300
606
627
41
41
39
48
52
52
49
49
48
54
191
189
323
572
189
190
220
249
266
252
360
362
362
432
431
435
434
433
432
474
210
210
209
639
211
210
210
212
230
211
201
203
204
212
202
202
205
202
270
270
306
300
300
303
401
399
402
399
405
362
68
117
119
115
118
81
82
93
90
92
82
81
83
108
108
107
106
108
108
97
233
232
314
322
277
278
277
306
307
323
232
232
232
304
310
275
277
279
275
279
226
225
227
306
298
297
268
285
271
271
134
163
160
160
186
177
177
159
160
161
191
191
190
362
402
381
575
190
193
190
378
359
357
359
432
431
434
358
360
359
224
476
476
238
274
190
192
219
192
190
278
276
309
356
365
369
364
329
364
364
137
136
164
164
414
274
275
329
328
135
209
205
202
246
244
274
244
245
270
271
179
181
180
180
231
215
237
237
238
214
66
64
87
86
87
86
87
87
79
79
275
261
260
348
342
349
313
326
313
310
74
89
87
85
96
96
97
87
86
87
307
307
309
409
425
371
370
368
410
412
184
182
184
183
220
232
221
218
220
241
118
117
159
154
156
156
175
141
141
139
365
366
364
453
439
437
435
434
453
442
351
360
352
464
462
463
509
367
493
354
779
479
263
256
257
310
339
312
313
309
234
231
232
311
310
309
278
307
702
233
298
298
299
398
401
394
362
358
363
358
72
73
72
96
95
93
95
240
215
84
163
163
160
215
215
192
192
196
212
242
202
203
204
201
259
244
240
247
243
240
324
322
432
429
450
388
387
433
428
456
347
346
347
463
476
419
414
416
417
431
275
276
276
273
328
337
330
327
325
368
280
280
378
377
376
339
340
340
338
337
85
84
88
113
112
88
84
85
255
85
269
266
267
398
355
356
535
267
287
268
367
299
321
226
221
224
222
224
226
223
246
247
247
326
331
298
294
296
300
295
226
223
226
224
224
225
279
268
267
296
423
421
421
423
566
563
552
512
519
557
220
219
218
654
220
217
217
259
262
285
305
312
305
923
312
306
729
736
305
307
244
246
324
325
293
293
290
293
798
295
243
211
277
280
275
277
249
276
275
275
86
83
84
111
111
110
116
103
110
110
101
119
121
123
134
150
123
122
122
135
158
157
212
219
190
189
188
188
230
210
87
87
87
88
258
88
87
89
88
92
324
292
295
396
388
393
396
355
423
295
1248
1261
416
421
416
418
440
414
418
417
173
207
207
209
210
204
227
225
208
205
186
222
224
219
221
233
243
246
247
243
297
296
398
420
357
358
425
357
380
398
372
340
453
454
453
411
405
454
451
409
225
225
224
226
229
674
225
225
228
302
134
133
130
133
449
224
174
178
158
157
290
347
347
348
349
347
348
345
387
382
201
201
204
278
270
270
267
241
267
267
193
190
192
193
229
293
288
285
194
193
55
60
79
166
132
95
94
93
56
56
273
271
275
296
342
328
331
274
275
387
648
217
217
219
218
227
219
217
215
217
267
281
276
362
357
357
320
322
357
359
115
115
115
145
153
151
151
159
114
113
343
365
420
410
413
412
414
427
410
474
387
369
442
446
468
459
474
442
443
440
320
319
323
322
323
801
991
321
339
321
108
111
108
132
130
130
131
133
130
133
240
720
240
237
293
241
237
238
237
239
143
143
144
142
144
141
197
171
191
189
182
184
181
180
219
232
219
216
217
240
313
312
416
419
542
1281
951
314
313
314
214
212
215
255
257
252
258
255
216
213
383
554
400
513
512
919
1275
384
384
386
315
312
312
321
330
432
414
418
416
374
155
152
154
202
201
184
180
181
202
201
129
127
127
127
153
153
169
169
168
152
504
492
428
290
289
309
292
290
335
304
336
336
335
335
337
335
335
334
339
339
499
477
463
617
614
643
557
595
613
669
299
282
281
374
375
339
336
379
370
389
232
224
222
300
292
294
271
264
299
292
103
125
123
205
208
104
315
103
104
108
325
324
328
393
387
436
440
399
393
397
319
318
418
450
376
374
383
382
379
421
52
50
70
68
53
70
53
69
50
88
208
69
69
69
82
84
82
82
82
83
146
145
152
146
147
176
200
176
176
174
382
378
379
379
469
454
466
460
455
456
213
250
253
252
252
254
254
250
254
261
124
145
368
370
123
124
121
161
163
179
93
93
93
125
124
123
122
122
112
111
304
299
303
362
360
397
402
361
360
362
383
367
484
491
440
436
455
451
442
438
199
200
270
267
240
241
239
263
268
240
190
189
255
251
233
225
226
254
253
226
50
50
66
65
65
59
100
148
99
150
365
450
438
441
441
564
1216
369
1110
438
248
249
252
247
330
330
330
785
683
499
456
351
772
953
317
316
362
383
380
422
149
147
191
176
196
195
179
175
177
197
102
100
120
118
120
120
117
118
120
120
157
188
236
471
470
158
335
157
157
158
403
397
401
398
475
474
480
411
397
525
350
349
464
469
420
417
421
419
415
433
272
819
275
272
273
359
367
328
328
356
466
455
601
602
456
451
1357
1098
456
455
297
296
295
390
397
360
352
357
296
358
265
266
283
266
368
352
318
335
321
316
331
324
326
392
393
394
391
392
392
394
215
212
215
212
257
253
282
286
258
254
189
579
188
192
263
256
252
251
255
226
255
238
321
327
315
302
286
316
315
288
207
205
207
250
251
277
275
291
250
249
178
525
177
178
176
236
235
178
180
177
486
483
641
656
585
575
575
597
579
577
295
294
393
416
355
354
500
347
425
369
524
527
175
176
177
202
176
174
175
210
314
311
310
312
314
376
375
375
373
372
79
80
78
80
80
96
240
241
80
192
257
256
254
310
303
305
256
257
254
254
231
231
298
278
278
274
277
279
274
275
334
338
336
334
382
383
387
382
383
385
128
376
124
127
129
154
151
150
151
209
462
457
457
565
554
553
553
551
552
552
163
164
162
195
270
163
253
171
217
218
429
1296
433
432
429
433
431
429
520
678
1009
1027
342
456
452
376
408
406
424
408
276
268
268
339
327
330
322
293
325
324
250
736
294
297
257
247
328
326
327
294
214
251
253
261
251
252
252
251
280
280
134
133
135
179
177
161
159
161
161
161
117
117
115
118
116
116
350
139
163
353
962
321
325
321
325
319
320
390
434
477
494
501
166
301
171
189
336
223
223
221
908
297
294
296
295
292
299
887
353
916
353
336
337
453
450
408
402
401
417
404
170
167
167
223
220
219
201
203
222
236
244
726
242
249
243
293
291
368
327
293
76
76
101
114
93
91
89
99
103
90
223
224
296
295
272
266
267
297
270
266
261
773
260
263
256
312
313
311
520
541
369
1125
770
735
371
374
493
496
428
445
419
190
185
187
229
223
222
369
221
187
487
488
484
603
584
583
587
590
582
590
475
823
570
563
589
565
563
563
584
565
456
454
599
1367
1366
453
453
651
543
542
333
342
444
438
444
399
398
438
440
393
287
286
380
386
345
356
345
342
345
343
101
102
101
102
102
134
135
121
120
119
431
430
505
517
521
587
578
517
515
520
195
191
254
258
191
192
192
229
231
233
68
68
79
80
80
199
199
67
67
67
190
190
189
245
230
255
255
228
226
255
320
282
378
378
374
342
341
376
382
341
114
279
147
123
112
119
113
112
281
139
234
280
281
280
279
279
283
284
311
309
442
443
443
441
444
595
588
587
465
445
79
80
81
78
95
93
93
95
95
93
363
359
362
434
448
434
613
743
725
1070
489
564
558
574
567
554
1392
464
462
1390
300
296
300
387
361
357
357
375
361
362
356
372
432
426
429
1083
1083
620
629
359
1111
1086
362
365
365
365
549
1148
363
361
369
369
372
485
490
444
440
437
441
435
297
295
308
353
353
389
391
350
888
886
255
218
293
293
263
263
263
319
293
262
217
222
317
293
262
263
266
263
264
273
222
303
266
266
293
665
442
222
224
221
537
535
711
724
638
641
645
642
639
641
225
224
222
297
302
271
266
271
269
269
251
757
681
254
334
333
283
745
249
251
62
61
62
61
62
82
80
82
82
82
219
217
218
289
291
263
260
261
262
263
784
264
261
259
317
317
351
351
312
332
130
132
130
158
157
156
154
156
156
156
126
123
125
162
225
149
208
123
281
124
157
158
65
65
65
81
79
87
104
79
371
359
476
471
356
357
353
472
472
427
186
187
250
253
566
189
187
249
248
249
307
330
102
102
104
123
124
122
121
120
219
218
214
216
269
264
259
258
257
260
103
103
308
102
103
102
137
137
122
123
93
68
134
132
67
67
67
65
66
66
235
214
215
284
281
285
257
258
301
229
235
362
117
117
117
139
142
139
117
117
87
85
86
85
105
102
103
103
105
107
135
132
178
177
162
157
159
162
159
177
340
1025
1027
343
340
341
414
410
458
456
273
269
279
306
327
361
362
328
325
326
372
367
491
500
444
440
444
444
440
1150
66
66
68
86
98
87
78
78
95
87
301
301
302
299
297
398
399
372
361
358
559
1733
553
1685
556
553
557
677
662
684
275
273
344
331
336
366
333
374
333
371
160
161
193
193
211
212
192
196
190
209
92
271
91
92
121
120
120
109
108
121
183
241
221
217
220
221
218
223
220
221
467
482
468
620
628
556
580
559
556
566
207
621
206
207
207
249
249
247
248
247
115
99
132
133
131
122
119
119
117
118
66
62
155
48
48
47
64
64
57
57
373
113
337
111
113
119
113
139
139
155
327
786
423
988
326
326
326
325
325
328
124
122
147
147
149
367
376
121
122
119
319
316
319
316
313
316
315
316
314
315
132
130
172
196
156
154
155
179
155
155
249
247
331
331
748
745
248
248
249
298
314
374
379
375
378
373
372
377
375
373
107
107
128
126
125
140
141
128
128
125
220
197
586
234
235
198
197
195
237
233
273
278
274
272
328
324
328
296
274
327
106
105
126
124
126
125
123
123
104
105
230
227
675
227
229
677
229
448
270
271
114
113
116
112
135
134
134
134
133
133
111
111
109
109
111
110
134
188
144
357
533
308
309
365
371
367
319
308
372
368
694
230
230
232
279
277
234
235
235
307
495
501
249
252
247
244
248
248
252
496
197
194
261
264
260
237
235
260
263
235
55
54
55
54
73
73
73
66
65
74
217
218
263
258
287
436
657
370
259
261
540
543
674
647
664
651
646
653
645
651
124
122
123
208
122
122
123
161
182
146
251
431
746
658
245
244
243
498
326
373
131
157
156
155
167
159
158
155
157
154
181
182
178
236
238
214
213
216
211
217
897
1344
561
446
599
595
538
534
530
539
90
87
86
116
117
106
104
99
105
105
223
124
125
63
64
84
190
64
63
62
222
213
212
256
254
252
211
223
258
255
443
434
428
435
520
517
450
455
432
518
47
46
56
55
56
140
140
47
142
140
51
50
65
66
51
51
49
66
66
60
677
211
214
239
254
286
285
254
251
212
408
135
135
136
161
164
162
162
169
162
135
160
162
161
160
160
162
160
176
178
209
212
256
253
631
643
212
210
261
252
286
272
272
357
362
322
355
322
323
323
294
293
396
399
294
293
352
352
353
413
486
485
1484
654
488
486
490
489
584
655
601
718
720
768
720
726
1795
637
1792
603
121
145
146
145
144
149
144
146
161
148
433
365
179
180
179
183
181
180
178
180
150
152
361
148
150
150
199
198
151
150
136
132
132
135
131
173
178
160
157
156
334
330
437
442
395
393
400
393
390
394
285
350
336
339
338
338
339
354
339
336
889
919
296
296
296
360
353
368
357
396
500
597
599
596
594
605
603
596
597
603
260
256
383
340
307
308
311
259
256
255
67
67
65
79
86
89
88
79
209
262
329
326
323
323
386
421
322
327
326
975
254
565
203
203
210
190
192
191
191
191
137
135
136
137
137
136
137
138
137
137
282
285
282
281
283
283
285
281
284
305
370
371
447
446
1121
1118
1168
371
372
447
268
267
376
354
318
321
318
318
349
318
707
704
238
236
235
320
318
708
471
470
733
245
244
330
326
291
290
305
300
363
186
371
556
189
186
248
247
224
231
219
51
52
151
53
50
51
67
66
60
61
544
547
544
574
655
724
722
654
654
654
136
416
137
303
228
137
138
185
184
137
1616
540
737
719
672
641
652
650
650
678
380
387
439
453
458
458
454
508
514
480
542
915
541
541
541
541
650
647
675
650
408
403
491
486
490
485
491
488
504
492
222
201
201
264
264
240
240
237
241
241
177
530
176
176
177
214
208
187
177
175
120
101
99
300
307
303
102
99
121
120
1197
892
674
396
393
397
397
422
533
399
360
344
414
410
412
343
355
417
418
411
118
116
155
155
141
137
139
140
141
139
66
82
106
89
100
87
125
98
66
66
1204
533
599
626
397
398
426
487
1196
686
313
287
287
286
289
288
579
592
293
287
84
159
85
85
103
101
102
101
101
102
217
211
215
213
214
214
215
213
214
216
1074
353
353
351
425
423
439
617
1110
351
350
367
1093
1079
351
466
479
418
420
424
99
99
135
131
116
120
119
119
119
119
201
199
202
262
265
238
241
238
237
302
790
382
562
266
267
268
264
634
808
268
138
136
165
166
413
138
136
137
165
168
362
353
349
415
435
417
417
421
421
447
262
261
347
350
308
311
314
315
311
780
180
179
215
215
180
178
180
216
213
214
39
37
50
49
45
45
49
44
45
45
373
448
447
450
457
449
482
453
507
499
136
137
164
166
163
164
166
162
161
164
239
327
717
330
253
252
402
471
235
236
464
1407
461
462
472
486
609
1391
461
467
113
109
109
146
147
131
131
131
131
131
371
361
438
441
367
366
372
439
437
441
267
266
264
263
352
355
261
263
263
314
55
65
64
65
65
71
72
74
66
72
80
78
78
92
94
235
78
134
78
232
1118
1242
1547
535
520
1272
513
511
525
515
419
421
620
795
420
627
1252
420
418
418
150
150
150
183
180
448
148
148
150
179
591
708
705
714
707
718
709
745
715
705
379
375
508
502
453
452
455
454
456
453
528
526
529
527
629
630
634
634
526
531
377
379
379
376
375
376
516
502
462
451
268
270
324
322
322
326
321
373
358
323
511
844
499
522
502
504
500
499
501
496
175
176
175
177
174
175
174
182
174
240
65
65
174
113
114
66
66
66
79
80
187
187
573
186
210
225
226
223
225
224
349
352
427
428
435
424
431
423
427
424
275
398
888
278
276
331
333
330
332
829
364
359
362
436
435
435
434
440
434
436
129
153
153
154
154
153
181
169
152
155
362
362
440
438
365
363
362
360
363
461
599
620
646
602
715
718
718
718
722
726
306
307
303
905
907
606
604
302
301
304
185
555
185
184
222
221
229
224
222
222
1131
374
497
521
448
460
446
454
452
450
270
268
268
322
323
355
359
322
320
799
173
207
208
204
229
209
207
208
209
206
412
408
586
610
432
414
493
495
492
514
410
952
1074
395
393
976
393
393
595
590
507
489
490
1389
1461
486
488
593
579
590
269
317
797
322
321
320
335
636
456
484
521
622
621
640
618
665
622
617
619
622
497
485
640
646
594
487
1466
478
492
482
281
278
276
380
371
278
277
375
372
277
341
412
405
407
409
408
420
410
409
409
572
389
794
509
508
455
456
457
481
462
262
322
314
313
316
312
358
352
311
315
409
393
518
389
524
1159
1184
623
386
387
105
106
105
106
105
106
105
104
104
104
262
262
261
262
262
262
264
315
311
327
282
287
324
325
277
651
272
270
271
310
244
297
296
292
745
294
290
290
291
294
67
65
66
79
87
90
79
78
81
78
214
650
636
214
219
254
257
258
254
255
397
395
432
476
586
527
398
397
544
532
603
598
715
716
720
722
714
718
1867
606
382
378
456
456
456
538
455
455
454
457
101
99
122
120
135
132
118
120
122
119
372
377
1117
448
372
373
373
373
448
499
396
469
477
469
476
478
469
468
475
471
307
899
954
302
300
607
902
300
298
372
54
54
54
65
63
63
66
63
71
97
882
280
281
282
284
279
339
343
281
360
66
132
195
65
78
65
64
65
65
65
329
330
331
442
440
396
441
987
331
352
236
235
290
283
282
288
281
339
313
282
1022
970
341
342
453
454
409
408
408
445
362
362
435
434
434
430
364
364
361
440
197
197
196
195
241
260
235
290
195
195
316
318
323
450
417
399
374
375
378
374
380
372
376
373
393
370
447
1195
472
445
657
1780
1982
664
669
658
665
659
661
816
1061
985
353
464
464
439
419
420
421
420
156
143
147
142
173
172
431
431
142
141
151
150
150
182
178
186
180
200
201
183
633
762
797
760
761
765
771
762
767
761
144
109
131
108
144
109
162
108
109
143
198
198
197
262
264
236
235
240
237
235
529
1006
340
340
335
404
405
373
334
339
226
236
270
269
267
267
268
285
268
265
120
145
142
144
142
142
144
142
141
142
357
570
569
411
397
399
399
398
399
400
444
533
538
531
533
531
530
530
533
531
231
279
278
275
277
278
308
234
231
230
350
346
417
418
371
349
346
345
352
416
236
285
285
284
283
648
236
282
284
566
833
765
433
257
257
338
309
255
254
256
490
491
591
587
597
583
589
583
598
589
325
323
431
426
384
388
387
393
387
1043
563
560
760
747
580
573
674
685
561
565
366
364
362
382
363
364
437
437
438
449
153
152
188
460
185
204
204
205
165
154
464
462
1386
462
479
467
461
647
621
487
171
204
290
227
256
339
172
170
170
171
179
213
215
214
215
216
212
211
216
212
319
314
421
421
315
315
382
374
378
376
87
86
85
85
86
86
104
104
87
86
154
152
152
155
180
184
177
152
150
179
207
208
206
205
206
206
275
274
246
245
483
1532
477
502
483
482
483
575
576
480
164
163
55
56
67
66
65
66
66
74
425
380
682
340
340
285
283
284
378
342
165
164
56
55
54
72
74
67
67
67
532
599
622
608
602
601
597
504
502
605
433
445
346
367
347
344
344
343
347
348
189
187
187
224
225
223
223
224
238
225
307
334
329
330
336
327
893
274
276
325
512
494
493
640
593
491
495
589
588
589
595
732
708
622
595
730
710
716
709
1771
148
441
146
148
149
166
146
147
147
148
454
444
453
446
460
450
532
534
535
534
311
293
353
360
352
352
361
350
365
353
211
206
210
252
249
253
253
249
249
254
146
172
173
172
175
172
173
172
171
171
139
138
194
185
168
168
167
168
139
417
184
186
246
247
220
225
221
231
186
185
397
512
396
956
396
399
478
474
396
1173
606
610
608
728
729
731
727
728
728
731
379
471
457
474
457
455
455
462
458
461
240
285
719
316
285
284
311
283
286
294
50
50
49
60
66
67
60
60
59
60
323
324
322
390
387
388
387
395
345
1005
294
347
344
346
346
346
346
345
344
344
513
579
615
637
626
628
618
622
616
615
185
186
553
556
184
185
185
219
184
223
260
271
261
311
315
321
326
312
315
312
62
73
74
72
72
74
81
182
60
61
271
273
326
328
329
329
329
350
328
326
75
74
91
88
89
89
89
89
88
89
476
469
467
504
567
578
569
573
560
566
108
186
326
109
109
108
118
143
143
131
306
358
363
359
364
359
361
362
540
307
520
521
704
698
518
523
705
1051
522
556
174
59
58
58
71
70
80
80
70
71
407
1280
405
409
492
489
406
400
408
408
431
428
426
511
519
514
549
510
514
513
440
528
527
456
443
528
443
438
531
530
260
274
314
311
315
313
325
313
314
313
328
323
325
393
393
397
391
387
387
393
208
213
312
383
411
626
206
207
252
251
1086
1547
365
539
726
549
367
631
631
1179
63
183
60
62
63
61
61
75
75
63
54
53
73
72
65
66
65
66
64
65
53
51
63
62
62
62
61
60
62
61
1016
314
318
375
377
377
376
377
375
392
444
532
532
529
533
528
529
532
529
549
444
456
530
532
534
534
666
1333
1333
445
100
120
118
119
117
119
119
129
179
164
391
397
390
400
388
393
467
466
470
464
202
608
202
603
203
202
268
267
241
243
458
457
610
606
459
459
611
607
457
456
460
463
556
551
557
575
1044
1155
463
1365
941
313
313
314
316
315
442
416
316
314
427
426
1298
1273
423
645
1275
473
459
432
108
216
147
179
115
108
254
255
319
317
186
547
184
185
185
184
182
185
183
182
316
316
386
382
1038
967
315
314
380
382
716
708
237
238
710
238
236
238
236
235
375
375
448
451
461
450
375
373
469
451
353
352
468
473
351
351
469
473
360
350
449
705
392
631
439
438
506
437
473
317
164
105
100
77
71
93
100
71
99
102
213
168
216
174
287
252
306
173
222
325
1444
1236
572
818
625
473
476
470
473
482
311
309
373
371
313
539
934
319
800
366
1712
970
982
573
568
694
683
572
570
687
478
457
457
548
545
547
544
1373
455
476
59
63
70
70
72
59
70
71
70
70
69
82
83
83
82
83
81
83
81
83
691
696
927
1384
1402
703
693
831
840
695
1843
1079
1033
601
622
720
736
720
725
742
602
599
724
720
1851
602
598
810
833
603
243
241
239
290
302
289
290
290
289
288
896
880
296
296
353
362
893
294
294
354
68
80
81
80
81
69
68
67
81
81
312
310
372
372
372
372
373
384
372
369
164
168
163
164
166
163
165
165
163
199
144
144
432
147
142
172
172
193
189
146
278
216
219
206
422
210
210
211
633
209
80
96
95
95
95
95
95
95
95
94
535
532
354
359
429
428
423
426
446
428
480
1139
463
462
555
553
550
554
551
570
628
731
727
730
748
729
730
731
737
643
156
467
156
155
186
467
157
158
156
154
141
272
179
138
134
161
163
134
135
133
371
372
460
444
447
448
447
461
374
372
214
636
214
429
216
213
213
288
289
214
307
303
327
371
368
371
368
367
365
309
433
516
515
535
517
546
515
517
516
518
537
876
510
1011
607
603
510
504
604
609
403
414
406
407
406
404
428
485
483
489
475
570
570
479
474
573
570
576
570
565
489
597
586
588
589
514
488
583
1501
491
407
499
487
422
407
489
491
493
485
488
287
343
339
339
342
341
343
343
340
340
114
116
111
112
135
135
111
112
112
112
519
520
737
621
621
1539
513
531
520
515
548
546
541
552
772
552
1645
1656
734
725
433
433
434
432
436
1332
432
434
452
438
367
353
355
474
474
355
353
401
424
472
1528
1425
476
479
572
600
571
573
593
577
89
89
119
118
108
106
105
106
107
106
391
395
470
466
470
1187
1177
393
406
389
311
234
700
694
719
233
232
311
453
443
236
227
227
223
226
225
227
229
681
226
269
266
265
322
321
355
360
266
267
356
543
524
521
641
629
526
521
701
662
522
73
71
72
95
95
71
72
85
85
85
98
118
117
119
117
117
121
117
118
143
360
433
432
437
437
435
429
1168
542
616
302
292
344
345
340
343
364
343
355
347
489
590
584
585
585
583
592
579
599
1506
235
234
313
312
282
280
234
234
283
278
399
386
518
513
387
387
460
459
386
383
335
998
499
567
398
403
401
398
399
399
370
267
369
396
294
269
800
267
265
265
211
212
278
209
209
210
211
209
251
254
491
486
585
584
584
609
585
590
589
589
319
370
372
373
370
372
369
372
374
374
61
72
88
73
72
73
70
73
73
72
779
267
271
319
317
316
317
318
317
320
419
500
503
505
501
422
423
505
503
422
