0 192
0 81
0 81
0 81
0 80
0 80
0 100
0 79
0 80
0 81
0 82
0 81
0 80
0 92
0 81
0 81
0 81
0 81
0 88
0 81
0 107
0 80
0 82
0 80
0 81
0 97
0 91
0 80
0 98
0 96
0 81
0 96
0 80
0 107
0 82
0 121
0 81
0 81
0 81
0 90
0 81
0 79
0 81
0 81
0 96
0 90
0 115
0 117
0 239
0 85
0 83
0 80
0 81
0 80
0 81
0 86
0 81
0 118
0 117
0 87
0 82
0 162
0 81
0 81
0 81
0 82
0 89
0 82
0 81
0 81
0 82
0 96
0 98
0 80
0 81
0 81
0 81
0 79
0 82
0 81
0 81
0 81
0 81
0 82
0 80
0 80
0 82
0 81
0 80
0 83
0 81
0 80
0 81
0 80
0 81
0 81
0 82
0 88
0 87
0 97
0 82
0 81
0 82
0 81
0 81
0 80
0 81
0 81
0 82
0 81
0 82
0 82
0 81
0 81
0 81
0 80
0 81
0 81
0 82
0 82
0 82
0 81
0 81
0 81
0 83
0 89
0 98
0 84
0 80
0 81
0 82
0 81
0 82
0 81
0 81
0 81
0 82
0 81
0 82
0 82
0 81
0 112
0 83
0 81
0 88
0 99
0 122
0 80
0 81
0 81
0 84
0 127
0 117
0 87
0 166
0 83
0 83
0 82
0 82
0 82
0 84
0 82
0 83
0 83
0 82
0 84
0 82
0 83
0 82
0 81
0 83
0 83
0 84
0 82
0 83
0 83
0 93
0 83
0 83
0 82
0 82
0 82
0 84
0 83
0 83
0 83
0 94
0 83
0 84
0 83
0 84
0 84
0 83
0 83
0 98
0 84
0 83
0 82
0 83
0 83
0 89
0 83
0 84
0 83
0 83
0 103
0 91
0 125
0 205
0 83
0 83
0 83
0 83
0 83
0 82
0 100
0 83
0 92
0 108
0 84
0 85
0 84
0 84
0 83
0 84
0 83
0 82
0 83
0 84
0 82
0 84
0 82
0 100
0 88
0 92
0 88
0 85
0 84
0 249
0 84
0 85
0 100
0 116
0 84
0 83
0 84
0 101
0 109
0 88
0 84
0 85
0 252
0 86
0 85
0 84
0 85
0 85
0 110
0 98
0 94
0 114
0 92
0 86
0 86
0 83
0 85
0 89
0 85
0 83
0 85
0 86
0 85
0 85
0 84
0 84
0 85
0 84
0 86
0 88
0 85
0 86
0 84
0 85
0 85
0 85
0 85
0 86
0 84
0 85
0 85
0 86
0 84
0 86
0 85
0 101
0 86
0 84
0 101
0 85
0 84
0 86
0 101
0 86
0 84
0 91
0 85
0 86
0 84
0 95
0 110
0 92
0 85
0 86
0 86
0 86
0 84
0 85
0 85
0 103
0 101
0 86
0 85
0 86
0 86
0 85
0 85
0 85
0 86
0 86
0 102
0 87
0 85
0 102
0 86
0 86
0 103
0 85
0 84
0 95
0 115
0 87
0 86
0 87
0 87
0 102
0 87
0 85
0 85
0 87
0 84
0 87
0 117
0 89
0 171
0 86
0 85
0 86
0 86
0 86
0 86
0 86
0 89
0 111
0 89
0 124
0 120
0 177
0 148
0 85
0 88
0 88
0 113
0 88
0 90
0 86
0 87
0 92
0 87
0 87
0 88
0 88
0 87
0 129
0 87
0 104
0 89
0 92
0 212
0 87
0 104
0 88
0 88
0 88
0 105
0 106
0 90
0 105
0 91
0 88
0 99
0 90
0 105
0 114
0 87
0 88
0 88
0 105
0 88
0 88
0 88
0 288
0 93
0 89
0 89
0 88
0 88
0 90
0 88
0 87
0 89
0 90
0 88
0 89
0 89
0 88
0 88
0 88
0 89
0 91
0 89
0 89
0 90
0 98
0 89
0 89
0 91
0 89
0 89
0 89
0 88
0 147
0 91
0 91
0 90
0 91
0 90
0 90
0 90
0 89
0 89
0 92
0 109
0 91
0 90
0 90
0 91
0 95
0 122
0 91
0 92
0 92
0 91
0 144
0 92
0 141
0 209
0 93
0 134
0 136
0 127
0 93
0 91
0 91
0 91
0 92
0 92
0 91
0 92
0 92
0 92
0 92
0 91
0 93
0 91
0 92
0 93
0 93
0 91
0 92
0 91
0 93
0 92
0 92
0 92
0 92
0 92
0 92
0 132
0 92
0 92
0 92
0 111
0 111
0 93
0 91
0 93
0 92
0 92
0 92
0 92
0 94
0 92
0 93
0 91
0 92
0 93
0 92
0 93
0 94
0 139
0 95
0 93
0 92
0 93
0 93
0 93
0 93
0 95
0 93
0 104
0 97
0 93
0 94
0 95
0 95
0 94
0 94
0 113
0 94
0 94
0 95
0 113
0 96
0 95
0 114
0 95
0 94
0 104
0 96
0 195
0 96
0 97
0 97
0 117
0 96
0 97
0 115
0 97
0 96
0 116
0 99
0 98
0 119
0 293
0 98
0 97
0 98
0 99
0 97
0 100
0 102
0 101
0 128
0 135
0 207
0 105
0 102
0 100
0 99
0 99
0 104
0 120
0 102
0 103
0 103
0 104
0 103
0 102
0 103
0 102
0 104
0 124
0 125
0 104
0 104
0 105
0 104
0 117
0 106
0 105
0 108
0 106
0 106
0 108
0 107
0 108
0 106
0 106
0 108
0 106
0 111
0 109
0 111
0 111
0 110
0 109
0 110
0 110
0 110
0 109
0 120
0 119
0 120
0 118
0 119
0 120
0 127
0 121
0 147
0 119
0 204
0 204
0 206
0 203
0 202
0 205
0 202
0 205
0 204
0 204
0 666
0 654
0 659
0 640
0 642
0 646
0 644
0 643
0 642
0 640
1 1177
1 1168
1 1179
1 1153
1 1153
1 1187
1 1166
1 1165
1 1155
1 1151
1 1219
1 1186
1 1184
1 1194
1 1196
1 1182
1 1181
1 1190
1 1710
1 1198
1 1198
1 1204
1 1376
1 1212
1 1215
1 1222
1 1207
1 1782
1 1252
1 2072
1 1436
1 1204
1 1185
1 1212
1 1200
1 1200
1 1210
1 1208
1 1180
1 1199
1 1202
1 1445
1 1205
1 1178
1 1198
1 1205
1 1177
1 1193
1 1194
1 1208
1 1191
1 1448
1 1180
1 1179
1 1182
1 1180
1 1178
1 1165
1 1176
1 1190
1 1172
1 1172
1 1178
1 1166
1 1171
1 1183
1 1160
1 1175
1 1203
1 1199
1 1174
1 1452
1 1157
1 1172
1 1159
1 1172
1 1171
1 1178
1 1181
1 1162
1 1166
1 1396
1 1172
1 1176
1 1161
1 1182
1 1163
1 1156
1 1188
1 1163
1 1172
1 1431
1 1188
1 1195
1 1174
1 1156
1 1191
1 1165
1 1148
1 1153
1 1152
1 1166
1 1547
1 1205
1 1147
1 1151
1 1159
1 1194
1 1545
1 1169
1 1159
1 1693
1 1899
1 1183
1 3506
1 1712
1 2240
1 1173
1 1144
1 1142
1 1142
1 1140
1 1204
1 1151
1 1161
1 1143
1 1182
1 1152
1 1135
1 1163
1 1152
1 1147
1 1155
1 1406
1 1166
1 1133
1 1134
1 1164
1 1361
1 1148
1 1137
1 1140
1 1132
1 1148
1 1356
1 1151
1 1171
1 1140
1 1150
1 1902
1 1195
1 1156
1 1150
1 1144
1 1133
1 1129
1 3180
1 1131
1 1157
1 1143
1 1155
1 1139
1 1141
1 1154
1 1133
1 1142
1 1127
1 1123
1 1139
1 1147
1 1118
1 1148
1 1126
1 1125
1 1192
1 1134
1 1117
1 1962
1 1666
1 1138
1 1112
1 1116
1 1126
1 1148
1 1121
1 1118
1 1124
1 1111
1 1166
1 1745
1 1134
1 1138
1 1119
1 3388
1 1111
1 2134
1 1478
1 1881
1 1342
1 1130
1 1114
1 1100
1 1087
1 1090
1 1118
1 1110
1 1091
1 1113
1 1092
1 1100
1 1126
1 1115
1 1087
1 1108
1 1104
1 1110
1 1101
1 1114
1 1107
1 1098
1 1086
1 1106
1 1077
1 1076
1 1088
1 1076
1 1092
1 1078
1 1118
1 1073
1 1093
1 1087
1 1081
1 1122
1 1082
1 1078
1 1076
1 1076
1 1113
1 1140
1 1085
1 1082
1 1083
1 1076
1 1079
1 1085
1 1107
1 1088
1 1065
1 1073
1 1079
1 1059
1 1085
1 1062
1 1063
1 1063
1 1058
1 1118
1 1057
1 1070
1 1058
1 1054
1 1058
1 1123
1 1088
1 1881
1 1064
1 1055
1 1081
1 1577
1 1052
1 1051
1 1103
1 1043
1 1258
1 1042
1 1548
1 1109
1 1070
1 2109
1 1035
1 1031
1 1053
1 1035
1 2733
1 1861
1 1791
1 1840
1 1780
1 1039
1 1040
1 1031
1 1040
1 1080
1 1056
1 1038
1 1034
1 1044
1 1038
1 1037
1 1025
1 1077
1 1038
1 1064
1 1019
1 1030
1 1029
1 1023
1 1066
1 1015
1 1008
1 1017
1 1020
1 1010
1 1019
1 1022
1 1023
1 1025
1 1033
1 1017
1 1002
1 991
1 993
1 1016
1 1000
1 1018
1 1014
1 1023
1 992
1 1009
1 1032
1 1203
1 994
1 1004
1 1003
1 989
1 1074
1 1000
1 1018
1 997
1 1001
1 984
1 998
1 986
1 1004
1 990
1 984
1 1599
1 991
1 986
