1 1 1 24
1 1 1 7
1 1 1 7
1 1 1 8
1 1 1 7
1 1 1 7
1 1 1 8
1 1 1 7
1 1 1 14
1 1 1 11
1 1 1 10
1 1 1 10
1 1 1 10
1 1 1 22
1 1 1 21
1 1 1 9
1 1 1 9
1 1 1 9
1 1 1 13
1 1 1 13
1 1 1 9
1 1 1 7
1 1 1 7
1 1 1 7
1 1 1 7
1 1 1 7
1 1 1 8
1 1 1 10
1 1 1 10
1 1 1 10
1 1 1 9
1 1 1 7
1 1 1 8
1 1 1 7
1 1 1 7
1 1 1 11
1 1 1 11
1 1 1 12
1 1 1 11
1 1 1 11
1 1 1 9
1 1 1 23
1 1 1 7
1 1 1 7
1 1 1 14
1 1 1 15
1 1 1 15
1 1 1 9
1 1 1 10
1 1 1 10
1 1 1 9
1 1 1 9
1 1 1 7
1 1 1 8
1 1 1 7
1 1 1 7
1 1 1 7
1 1 1 7
1 1 1 9
1 1 1 12
1 1 1 9
1 1 1 8
1 1 1 10
1 1 1 9
1 1 1 9
1 1 1 8
1 1 1 9
1 1 1 11
1 1 1 11
1 1 1 11
1 1 1 26
1 1 1 9
1 1 1 8
1 1 1 12
1 1 1 13
1 1 1 8
1 1 1 7
1 1 1 8
1 1 1 7
1 1 1 8
1 1 1 10
1 1 1 22
1 1 1 23
1 1 1 32
1 1 1 24
1 1 1 8
1 1 1 7
1 1 1 8
1 1 1 7
1 1 1 7
1 1 1 10
1 1 1 10
1 1 1 23
1 1 1 10
1 1 1 10
1 1 1 10
1 1 1 10
1 1 1 13
1 1 1 10
1 1 1 10
2 2 1 10
2 2 1 29
2 2 1 11
2 2 1 9
2 2 1 25
2 2 1 23
2 2 1 10
2 2 1 11
2 2 1 11
2 2 1 12
2 1 1 9
2 1 1 8
2 1 1 7
2 1 1 8
2 1 1 9
2 1 1 25
2 1 1 19
2 1 1 9
2 1 1 9
2 1 1 9
2 2 1 13
2 2 1 12
2 2 1 11
2 2 1 13
2 2 1 14
2 2 1 10
2 2 1 12
2 2 1 9
2 2 1 12
2 2 1 9
2 1 2 13
2 1 2 13
2 1 2 20
2 1 2 9
2 1 2 9
2 1 2 8
2 1 2 7
2 1 2 9
2 1 2 9
2 1 2 9
2 2 2 9
2 2 2 8
2 2 2 8
2 2 2 8
2 2 2 8
2 2 2 8
2 2 2 8
2 2 2 9
2 2 2 10
2 2 2 10
2 1 1 10
2 1 1 33
2 1 1 24
2 1 1 8
2 1 1 7
2 1 1 15
2 1 1 24
2 1 1 16
2 1 1 15
2 1 1 9
2 2 2 10
2 2 2 21
2 2 2 24
2 2 2 23
2 2 2 8
2 2 2 8
2 2 2 8
2 2 2 8
2 2 2 10
2 2 2 7
2 2 1 9
2 2 1 7
2 2 1 9
2 2 1 15
2 2 1 14
2 2 1 11
2 2 1 10
2 2 1 11
2 2 1 11
2 2 1 11
2 1 2 9
2 1 2 8
2 1 2 7
2 1 2 8
2 1 2 8
2 1 2 10
2 1 2 15
2 1 2 13
2 1 2 11
2 1 2 11
2 2 2 25
2 2 2 8
2 2 2 12
2 2 2 23
2 2 2 12
2 2 2 22
2 2 2 27
2 2 2 12
2 2 2 16
2 2 2 24
3 2 2 11
3 2 2 9
3 2 2 9
3 2 2 12
3 2 2 20
3 2 2 20
3 2 2 10
3 2 2 12
3 2 2 11
3 2 2 11
3 3 1 10
3 3 1 8
3 3 1 8
3 3 1 9
3 3 1 11
3 3 1 11
3 3 1 13
3 3 1 13
3 3 1 14
3 3 1 13
3 2 3 28
3 2 3 25
3 2 3 8
3 2 3 8
3 2 3 9
3 2 3 8
3 2 3 9
3 2 3 9
3 2 3 9
3 2 3 25
3 3 1 18
3 3 1 26
3 3 1 11
3 3 1 9
3 3 1 10
3 3 1 13
3 3 1 34
3 3 1 27
3 3 1 17
3 3 1 17
3 1 3 11
3 1 3 8
3 1 3 8
3 1 3 8
3 1 3 9
3 1 3 13
3 1 3 26
3 1 3 27
3 1 3 17
3 1 3 13
3 3 1 31
3 3 1 12
3 3 1 21
3 3 1 14
3 3 1 10
3 3 1 13
3 3 1 10
3 3 1 13
3 3 1 15
3 3 1 22
3 2 1 13
3 2 1 14
3 2 1 11
3 2 1 9
3 2 1 12
3 2 1 30
3 2 1 11
3 2 1 9
3 2 1 14
3 2 1 10
3 3 1 10
3 3 1 11
3 3 1 14
3 3 1 13
3 3 1 9
3 3 1 13
3 3 1 14
3 3 1 12
3 3 1 13
3 3 1 9
3 2 3 23
3 2 3 17
3 2 3 36
3 2 3 19
3 2 3 10
3 2 3 13
3 2 3 9
3 2 3 10
3 2 3 10
3 2 3 17
3 1 1 10
3 1 1 13
3 1 1 11
3 1 1 12
3 1 1 9
3 1 1 13
3 1 1 38
3 1 1 10
3 1 1 9
3 1 1 15
4 1 2 23
4 1 2 12
4 1 2 11
4 1 2 10
4 1 2 10
4 1 2 9
4 1 2 15
4 1 2 38
4 1 2 12
4 1 2 19
4 2 2 15
4 2 2 11
4 2 2 10
4 2 2 10
4 2 2 10
4 2 2 11
4 2 2 27
4 2 2 13
4 2 2 16
4 2 2 11
4 4 1 21
4 4 1 14
4 4 1 10
4 4 1 37
4 4 1 14
4 4 1 14
4 4 1 10
4 4 1 21
4 4 1 10
4 4 1 15
4 4 3 11
4 4 3 15
4 4 3 14
4 4 3 16
4 4 3 14
4 4 3 11
4 4 3 15
4 4 3 10
4 4 3 10
4 4 3 11
4 1 2 14
4 1 2 10
4 1 2 15
4 1 2 14
4 1 2 14
4 1 2 13
4 1 2 13
4 1 2 11
4 1 2 14
4 1 2 10
4 3 1 10
4 3 1 10
4 3 1 39
4 3 1 13
4 3 1 13
4 3 1 10
4 3 1 14
4 3 1 10
4 3 1 14
4 3 1 10
4 2 1 16
4 2 1 24
4 2 1 13
4 2 1 11
4 2 1 10
4 2 1 9
4 2 1 11
4 2 1 11
4 2 1 14
4 2 1 11
4 2 3 21
4 2 3 59
4 2 3 18
4 2 3 12
4 2 3 10
4 2 3 9
4 2 3 9
4 2 3 9
4 2 3 9
4 2 3 10
4 3 3 11
4 3 3 10
4 3 3 13
4 3 3 12
4 3 3 12
4 3 3 18
4 3 3 42
4 3 3 18
4 3 3 27
4 3 3 11
