1 0 0 22
1 0 0 14
1 0 0 13
1 0 0 9
1 0 0 9
1 0 0 8
1 0 0 9
1 0 0 8
1 0 0 9
1 0 0 14
1 0 0 8
1 0 0 7
1 0 0 8
1 0 0 8
1 0 0 11
1 0 0 11
1 0 0 13
1 0 0 14
1 0 0 13
1 0 0 12
1 0 0 23
1 0 0 10
1 0 0 8
1 0 0 8
1 0 0 8
1 0 0 8
1 0 0 7
1 0 0 11
1 0 0 8
1 0 0 8
1 0 0 9
1 0 0 8
1 0 0 7
1 0 0 12
1 0 0 8
1 0 0 9
1 0 0 9
1 0 0 8
1 0 0 10
1 0 0 9
1 0 0 8
1 0 0 8
1 0 0 8
1 0 0 7
1 0 0 12
1 0 0 8
1 0 0 11
1 0 0 12
1 0 0 11
1 0 0 11
1 0 0 8
1 0 0 8
1 0 0 9
1 0 0 8
1 0 0 8
1 0 0 9
1 0 0 8
1 0 0 8
1 0 0 7
1 0 0 7
1 0 0 9
1 0 0 9
1 0 0 8
1 0 0 8
1 0 0 7
1 0 0 8
1 0 0 8
1 0 0 7
1 0 0 15
1 0 0 15
1 0 0 8
1 0 0 7
1 0 0 8
1 0 0 7
1 0 0 8
1 0 0 16
1 0 0 17
1 0 0 15
1 0 0 17
1 0 0 8
1 0 0 9
1 0 0 8
1 0 0 12
1 0 0 15
1 0 0 8
1 0 0 14
1 0 0 8
1 0 0 10
1 0 0 9
1 0 0 8
1 0 0 18
1 0 0 9
1 0 0 9
1 0 0 8
1 0 0 9
1 0 0 12
1 0 0 12
1 0 0 10
1 0 0 12
1 0 0 10
2 0 0 9
2 0 0 8
2 0 0 11
2 0 0 11
2 0 0 8
2 0 0 8
2 0 0 8
2 0 0 9
2 0 0 62
2 0 0 10
2 0 0 9
2 0 0 8
2 0 0 7
2 0 0 8
2 0 0 8
2 0 0 8
2 0 0 12
2 0 0 13
2 0 0 7
2 0 0 8
2 0 0 9
2 0 0 10
2 0 0 13
2 0 0 8
2 0 0 8
2 0 0 8
2 0 0 8
2 0 0 7
2 0 0 9
2 0 0 10
2 0 0 9
2 0 0 8
2 0 0 7
2 0 0 8
2 0 0 9
2 0 0 9
2 0 0 14
2 0 0 13
2 0 0 12
2 0 0 9
2 0 0 9
2 0 0 7
2 0 0 10
2 0 0 7
2 0 0 8
2 0 0 11
2 0 0 11
2 0 0 17
2 0 0 8
2 0 0 10
2 0 0 22
2 0 0 22
2 0 0 23
2 0 0 9
2 0 0 8
2 0 0 8
2 0 0 7
2 0 0 8
2 0 0 8
2 0 0 8
2 0 0 13
2 0 0 11
2 0 0 12
2 0 0 8
2 0 0 8
2 0 0 9
2 0 0 7
2 0 0 8
2 0 0 11
2 0 0 11
2 0 0 13
2 0 0 15
2 0 0 12
2 0 0 10
2 0 0 12
2 0 0 8
2 0 0 14
2 0 0 8
2 0 0 8
2 0 0 7
2 0 0 10
2 0 0 28
2 0 0 15
2 0 0 12
2 0 0 13
2 0 0 7
2 0 0 7
2 0 0 8
2 0 0 8
2 0 0 8
2 0 0 9
2 0 0 9
2 0 0 7
2 0 0 8
2 0 0 7
2 0 0 7
2 0 0 8
2 0 0 10
2 0 0 9
2 0 0 8
3 0 0 8
3 0 0 8
3 0 0 8
3 0 0 8
3 0 0 11
3 0 0 9
3 0 0 10
3 0 0 11
3 0 0 7
3 0 0 8
3 0 0 13
3 0 0 15
3 0 0 8
3 0 0 18
3 0 0 7
3 0 0 8
3 0 0 8
3 0 0 8
3 0 0 9
3 0 0 12
3 0 0 19
3 0 0 12
3 0 0 8
3 0 0 9
3 0 0 9
3 0 0 10
3 0 0 18
3 0 0 11
3 0 0 8
3 0 0 8
3 0 0 12
3 0 0 8
3 0 0 7
3 0 0 8
3 0 0 17
3 0 0 8
3 0 0 8
3 0 0 11
3 0 0 8
3 0 0 8
3 0 0 25
3 0 0 8
3 0 0 8
3 0 0 11
3 0 0 9
3 0 0 8
3 0 0 8
3 0 0 8
3 0 0 8
3 0 0 8
3 0 0 9
3 0 0 8
3 0 0 8
3 0 0 8
3 0 0 8
3 0 0 8
3 0 0 9
3 0 0 16
3 0 0 9
3 0 0 8
3 0 0 9
3 0 0 8
3 0 0 29
3 0 0 9
3 0 0 11
3 0 0 12
3 0 0 12
3 0 0 10
3 0 0 9
3 0 0 8
3 0 0 12
3 0 0 14
3 0 0 11
3 0 0 8
3 0 0 8
3 0 0 7
3 0 0 7
3 0 0 17
3 0 0 9
3 0 0 11
3 0 0 11
3 0 0 9
3 0 0 10
3 0 0 13
3 0 0 8
3 0 0 14
3 0 0 8
3 0 0 10
3 0 0 11
3 0 0 17
3 0 0 8
3 0 0 9
3 0 0 9
3 0 0 8
3 0 0 9
3 0 0 9
3 0 0 8
3 0 0 8
3 0 0 11
3 0 0 12
4 0 0 13
4 0 0 12
4 0 0 11
4 0 0 12
4 0 0 12
4 0 0 9
4 0 0 26
4 0 0 9
4 0 0 8
4 0 0 8
4 0 0 9
4 0 0 9
4 0 0 11
4 0 0 9
4 0 0 7
4 0 0 15
4 0 0 13
4 0 0 14
4 0 0 14
4 0 0 12
4 0 0 12
4 0 0 11
4 0 0 15
4 0 0 13
4 0 0 10
4 0 0 8
4 0 0 9
4 0 0 8
4 0 0 9
4 0 0 8
4 0 0 9
4 0 0 9
4 0 0 10
4 0 0 8
4 0 0 13
4 0 0 12
4 0 0 21
4 0 0 9
4 0 0 22
4 0 0 14
4 0 0 16
4 0 0 10
4 0 0 11
4 0 0 9
4 0 0 12
4 0 0 9
4 0 0 7
4 0 0 10
4 0 0 9
4 0 0 8
4 0 0 11
4 0 0 14
4 0 0 13
4 0 0 14
4 0 0 14
4 0 0 12
4 0 0 12
4 0 0 12
4 0 0 11
4 0 0 11
4 0 0 11
4 0 0 12
4 0 0 14
4 0 0 11
4 0 0 11
4 0 0 12
4 0 0 12
4 0 0 12
4 0 0 12
4 0 0 12
4 0 0 8
4 0 0 8
4 0 0 8
4 0 0 8
4 0 0 8
4 0 0 7
4 0 0 7
4 0 0 10
4 0 0 9
4 0 0 9
4 0 0 8
4 0 0 8
4 0 0 8
4 0 0 7
4 0 0 7
4 0 0 8
4 0 0 8
4 0 0 7
4 0 0 7
4 0 0 8
4 0 0 12
4 0 0 12
4 0 0 12
4 0 0 12
4 0 0 9
4 0 0 9
4 0 0 8
4 0 0 9
4 0 0 11
4 0 0 10
5 0 0 9
5 0 0 8
5 0 0 7
5 0 0 8
5 0 0 10
5 0 0 8
5 0 0 11
5 0 0 7
5 0 0 10
5 0 0 7
5 0 0 9
5 0 0 21
5 0 0 10
5 0 0 8
5 0 0 10
5 0 0 7
5 0 0 10
5 0 0 8
5 0 0 9
5 0 0 11
5 0 0 15
5 0 0 8
5 0 0 8
5 0 0 8
5 0 0 8
5 0 0 22
5 0 0 9
5 0 0 8
5 0 0 11
5 0 0 7
5 0 0 8
5 0 0 8
5 0 0 13
5 0 0 9
5 0 0 8
5 0 0 8
5 0 0 9
5 0 0 8
5 0 0 8
5 0 0 21
5 0 0 10
5 0 0 9
5 0 0 23
5 0 0 8
5 0 0 22
5 0 0 8
5 0 0 8
5 0 0 8
5 0 0 8
5 0 0 18
5 0 0 16
5 0 0 8
5 0 0 15
5 0 0 8
5 0 0 8
5 0 0 17
5 0 0 11
5 0 0 13
5 0 0 11
5 0 0 10
5 0 0 14
5 0 0 7
5 0 0 13
5 0 0 9
5 0 0 22
5 0 0 10
5 0 0 9
5 0 0 9
5 0 0 9
5 0 0 17
5 0 0 8
5 0 0 10
5 0 0 9
5 0 0 7
5 0 0 22
5 0 0 8
5 0 0 16
5 0 0 10
5 0 0 8
5 0 0 12
5 0 0 9
5 0 0 16
5 0 0 9
5 0 0 8
5 0 0 9
5 0 0 8
5 0 0 11
5 0 0 11
5 0 0 11
5 0 0 15
5 0 0 11
5 0 0 9
5 0 0 8
5 0 0 8
5 0 0 7
5 0 0 8
5 0 0 8
5 0 0 7
5 0 0 12
5 0 0 8
6 0 0 9
6 0 0 8
6 0 0 8
6 0 0 11
6 0 0 9
6 0 0 9
6 0 0 10
6 0 0 14
6 0 0 9
6 0 0 10
6 0 0 9
6 0 0 8
6 0 0 9
6 0 0 8
6 0 0 8
6 0 0 9
6 0 0 7
6 0 0 9
6 0 0 15
6 0 0 9
6 0 0 9
6 0 0 9
6 0 0 14
6 0 0 8
6 0 0 17
6 0 0 9
6 0 0 11
6 0 0 8
6 0 0 11
6 0 0 8
6 0 0 9
6 0 0 7
6 0 0 9
6 0 0 13
6 0 0 16
6 0 0 8
6 0 0 10
6 0 0 7
6 0 0 9
6 0 0 8
6 0 0 9
6 0 0 9
6 0 0 8
6 0 0 7
6 0 0 9
6 0 0 14
6 0 0 10
6 0 0 14
6 0 0 8
6 0 0 12
6 0 0 9
6 0 0 8
6 0 0 8
6 0 0 8
6 0 0 7
6 0 0 8
6 0 0 7
6 0 0 8
6 0 0 8
6 0 0 9
6 0 0 24
6 0 0 9
6 0 0 22
6 0 0 8
6 0 0 7
6 0 0 15
6 0 0 11
6 0 0 16
6 0 0 12
6 0 0 12
6 0 0 10
6 0 0 7
6 0 0 9
6 0 0 9
6 0 0 9
6 0 0 9
6 0 0 9
6 0 0 8
6 0 0 9
6 0 0 9
6 0 0 14
6 0 0 12
6 0 0 11
6 0 0 8
6 0 0 8
6 0 0 7
6 0 0 8
6 0 0 8
6 0 0 20
6 0 0 15
6 0 0 25
6 0 0 8
6 0 0 23
6 0 0 9
6 0 0 8
6 0 0 11
6 0 0 14
6 0 0 13
6 0 0 8
6 0 0 10
7 0 0 17
7 0 0 7
7 0 0 12
7 0 0 12
7 0 0 9
7 0 0 13
7 0 0 12
7 0 0 14
7 0 0 13
7 0 0 14
7 0 0 9
7 0 0 16
7 0 0 9
7 0 0 10
7 0 0 9
7 0 0 22
7 0 0 10
7 0 0 10
7 0 0 8
7 0 0 9
7 0 0 9
7 0 0 8
7 0 0 7
7 0 0 11
7 0 0 12
7 0 0 12
7 0 0 16
7 0 0 7
7 0 0 8
7 0 0 7
7 0 0 10
7 0 0 8
7 0 0 9
7 0 0 8
7 0 0 8
7 0 0 8
7 0 0 7
7 0 0 8
7 0 0 8
7 0 0 14
7 0 0 9
7 0 0 16
7 0 0 8
7 0 0 8
7 0 0 8
7 0 0 8
7 0 0 13
7 0 0 9
7 0 0 8
7 0 0 8
7 0 0 9
7 0 0 12
7 0 0 11
7 0 0 12
7 0 0 23
7 0 0 11
7 0 0 10
7 0 0 9
7 0 0 12
7 0 0 14
7 0 0 20
7 0 0 8
7 0 0 8
7 0 0 11
7 0 0 8
7 0 0 8
7 0 0 9
7 0 0 8
7 0 0 8
7 0 0 10
7 0 0 12
7 0 0 8
7 0 0 9
7 0 0 10
7 0 0 10
7 0 0 10
7 0 0 10
7 0 0 9
7 0 0 9
7 0 0 9
7 0 0 11
7 0 0 13
7 0 0 8
7 0 0 8
7 0 0 8
7 0 0 8
7 0 0 16
7 0 0 9
7 0 0 8
7 0 0 11
7 0 0 12
7 0 0 8
7 0 0 14
7 0 0 13
7 0 0 8
7 0 0 9
7 0 0 8
7 0 0 8
7 0 0 8
7 0 0 11
8 0 0 9
8 0 0 9
8 0 0 11
8 0 0 8
8 0 0 8
8 0 0 11
8 0 0 14
8 0 0 11
8 0 0 10
8 0 0 24
8 0 0 13
8 0 0 8
8 0 0 11
8 0 0 10
8 0 0 10
8 0 0 10
8 0 0 13
8 0 0 9
8 0 0 8
8 0 0 8
8 0 0 9
8 0 0 8
8 0 0 8
8 0 0 8
8 0 0 8
8 0 0 16
8 0 0 7
8 0 0 8
8 0 0 8
8 0 0 7
8 0 0 8
8 0 0 8
8 0 0 8
8 0 0 8
8 0 0 8
8 0 0 8
8 0 0 8
8 0 0 8
8 0 0 20
8 0 0 21
8 0 0 25
8 0 0 8
8 0 0 8
8 0 0 8
8 0 0 8
8 0 0 14
8 0 0 13
8 0 0 11
8 0 0 10
8 0 0 10
8 0 0 11
8 0 0 8
8 0 0 10
8 0 0 10
8 0 0 15
8 0 0 8
8 0 0 7
8 0 0 7
8 0 0 8
8 0 0 8
8 0 0 13
8 0 0 8
8 0 0 8
8 0 0 8
8 0 0 8
8 0 0 8
8 0 0 9
8 0 0 8
8 0 0 8
8 0 0 11
8 0 0 9
8 0 0 8
8 0 0 7
8 0 0 8
8 0 0 8
8 0 0 12
8 0 0 12
8 0 0 13
8 0 0 8
8 0 0 12
8 0 0 9
8 0 0 8
8 0 0 23
8 0 0 11
8 0 0 8
8 0 0 13
8 0 0 8
8 0 0 13
8 0 0 8
8 0 0 8
8 0 0 10
8 0 0 9
8 0 0 8
8 0 0 9
8 0 0 8
8 0 0 10
8 0 0 9
8 0 0 9
8 0 0 8
8 0 0 10
9 0 0 10
9 0 0 12
9 0 0 8
9 0 0 8
9 0 0 9
9 0 0 9
9 0 0 7
9 0 0 9
9 0 0 9
9 0 0 13
9 0 0 9
9 0 0 8
9 0 0 9
9 0 0 9
9 0 0 8
9 0 0 15
9 0 0 8
9 0 0 9
9 0 0 10
9 0 0 15
9 0 0 8
9 0 0 8
9 0 0 9
9 0 0 9
9 0 0 9
9 0 0 8
9 0 0 9
9 0 0 11
9 0 0 18
9 0 0 12
9 0 0 10
9 0 0 8
9 0 0 18
9 0 0 9
9 0 0 8
9 0 0 8
9 0 0 9
9 0 0 9
9 0 0 8
9 0 0 9
9 0 0 9
9 0 0 9
9 0 0 9
9 0 0 14
9 0 0 8
9 0 0 14
9 0 0 8
9 0 0 12
9 0 0 8
9 0 0 14
9 0 0 11
9 0 0 12
9 0 0 12
9 0 0 8
9 0 0 9
9 0 0 8
9 0 0 8
9 0 0 8
9 0 0 8
9 0 0 9
9 0 0 9
9 0 0 11
9 0 0 11
9 0 0 10
9 0 0 23
9 0 0 8
9 0 0 8
9 0 0 8
9 0 0 7
9 0 0 8
9 0 0 9
9 0 0 8
9 0 0 8
9 0 0 8
9 0 0 7
9 0 0 8
9 0 0 8
9 0 0 7
9 0 0 8
9 0 0 12
9 0 0 9
9 0 0 8
9 0 0 13
9 0 0 9
9 0 0 13
9 0 0 8
9 0 0 8
9 0 0 9
9 0 0 14
9 0 0 12
9 0 0 20
9 0 0 8
9 0 0 18
9 0 0 8
9 0 0 7
9 0 0 12
9 0 0 10
9 0 0 8
9 0 0 10
9 0 0 9
10 0 0 14
10 0 0 9
10 0 0 8
10 0 0 11
10 0 0 8
10 0 0 8
10 0 0 8
10 0 0 8
10 0 0 12
10 0 0 12
10 0 0 24
10 0 0 8
10 0 0 10
10 0 0 11
10 0 0 30
10 0 0 9
10 0 0 11
10 0 0 8
10 0 0 11
10 0 0 32
10 0 0 25
10 0 0 9
10 0 0 9
10 0 0 11
10 0 0 8
10 0 0 11
10 0 0 12
10 0 0 8
10 0 0 13
10 0 0 9
10 0 0 11
10 0 0 11
10 0 0 15
10 0 0 11
10 0 0 15
10 0 0 35
10 0 0 8
10 0 0 16
10 0 0 11
10 0 0 8
10 0 0 9
10 0 0 10
10 0 0 12
10 0 0 9
10 0 0 8
10 0 0 8
10 0 0 7
10 0 0 17
10 0 0 12
10 0 0 10
10 0 0 9
10 0 0 8
10 0 0 12
10 0 0 9
10 0 0 12
10 0 0 8
10 0 0 13
10 0 0 8
10 0 0 12
10 0 0 24
10 0 0 10
10 0 0 8
10 0 0 11
10 0 0 9
10 0 0 10
10 0 0 8
10 0 0 11
10 0 0 9
10 0 0 14
10 0 0 9
10 0 0 10
10 0 0 9
10 0 0 13
10 0 0 12
10 0 0 13
10 0 0 9
10 0 0 10
10 0 0 12
10 0 0 10
10 0 0 9
10 0 0 14
10 0 0 10
10 0 0 8
10 0 0 8
10 0 0 9
10 0 0 8
10 0 0 8
10 0 0 13
10 0 0 12
10 0 0 24
10 0 0 9
10 0 0 9
10 0 0 8
10 0 0 8
10 0 0 24
10 0 0 9
10 0 0 12
10 0 0 8
10 0 0 12
10 0 0 8
11 0 0 12
11 0 0 10
11 0 0 33
11 0 0 9
11 0 0 23
11 0 0 8
11 0 0 8
11 0 0 8
11 0 0 8
11 0 0 8
11 0 0 28
11 0 0 8
11 0 0 9
11 0 0 9
11 0 0 9
11 0 0 9
11 0 0 9
11 0 0 8
11 0 0 23
11 0 0 14
11 0 0 9
11 0 0 11
11 0 0 10
11 0 0 8
11 0 0 10
11 0 0 8
11 0 0 11
11 0 0 8
11 0 0 13
11 0 0 13
11 0 0 13
11 0 0 8
11 0 0 11
11 0 0 9
11 0 0 8
11 0 0 18
11 0 0 9
11 0 0 16
11 0 0 9
11 0 0 13
11 0 0 10
11 0 0 9
11 0 0 9
11 0 0 19
11 0 0 12
11 0 0 9
11 0 0 11
11 0 0 8
11 0 0 10
11 0 0 8
11 0 0 9
11 0 0 10
11 0 0 8
11 0 0 8
11 0 0 8
11 0 0 8
11 0 0 9
11 0 0 8
11 0 0 11
11 0 0 9
11 0 0 10
11 0 0 12
11 0 0 12
11 0 0 12
11 0 0 11
11 0 0 12
11 0 0 12
11 0 0 9
11 0 0 9
11 0 0 9
11 0 0 22
11 0 0 9
11 0 0 9
11 0 0 8
11 0 0 10
11 0 0 14
11 0 0 18
11 0 0 15
11 0 0 8
11 0 0 13
11 0 0 9
11 0 0 9
11 0 0 8
11 0 0 9
11 0 0 9
11 0 0 8
11 0 0 9
11 0 0 9
11 0 0 10
11 0 0 8
11 0 0 24
11 0 0 9
11 0 0 8
11 0 0 8
11 0 0 9
11 0 0 8
11 0 0 8
11 0 0 8
11 0 0 8
11 0 0 8
12 0 0 10
12 0 0 8
12 0 0 11
12 0 0 8
12 0 0 11
12 0 0 8
12 0 0 13
12 0 0 13
12 0 0 9
12 0 0 10
12 0 0 14
12 0 0 13
12 0 0 14
12 0 0 9
12 0 0 9
12 0 0 9
12 0 0 9
12 0 0 8
12 0 0 8
12 0 0 9
12 0 0 16
12 0 0 9
12 0 0 8
12 0 0 8
12 0 0 8
12 0 0 7
12 0 0 8
12 0 0 12
12 0 0 8
12 0 0 8
12 0 0 14
12 0 0 10
12 0 0 10
12 0 0 9
12 0 0 9
12 0 0 8
12 0 0 8
12 0 0 11
12 0 0 8
12 0 0 15
12 0 0 17
12 0 0 12
12 0 0 19
12 0 0 10
12 0 0 8
12 0 0 8
12 0 0 9
12 0 0 12
12 0 0 18
12 0 0 11
12 0 0 10
12 0 0 9
12 0 0 8
12 0 0 8
12 0 0 9
12 0 0 12
12 0 0 19
12 0 0 10
12 0 0 8
12 0 0 8
12 0 0 10
12 0 0 9
12 0 0 8
12 0 0 10
12 0 0 8
12 0 0 10
12 0 0 8
12 0 0 8
12 0 0 9
12 0 0 9
12 0 0 25
12 0 0 13
12 0 0 11
12 0 0 9
12 0 0 8
12 0 0 29
12 0 0 9
12 0 0 9
12 0 0 11
12 0 0 11
12 0 0 9
12 0 0 16
12 0 0 11
12 0 0 8
12 0 0 8
12 0 0 12
12 0 0 14
12 0 0 15
12 0 0 12
12 0 0 14
12 0 0 9
12 0 0 10
12 0 0 8
12 0 0 10
12 0 0 8
12 0 0 8
12 0 0 9
12 0 0 12
12 0 0 9
12 0 0 29
13 0 0 9
13 0 0 32
13 0 0 11
13 0 0 8
13 0 0 9
13 0 0 8
13 0 0 9
13 0 0 8
13 0 0 12
13 0 0 13
13 0 0 9
13 0 0 8
13 0 0 12
13 0 0 9
13 0 0 9
13 0 0 9
13 0 0 12
13 0 0 13
13 0 0 12
13 0 0 13
13 0 0 10
13 0 0 7
13 0 0 8
13 0 0 9
13 0 0 8
13 0 0 9
13 0 0 9
13 0 0 12
13 0 0 9
13 0 0 9
13 0 0 15
13 0 0 9
13 0 0 12
13 0 0 9
13 0 0 8
13 0 0 9
13 0 0 8
13 0 0 17
13 0 0 12
13 0 0 9
13 0 0 10
13 0 0 13
13 0 0 10
13 0 0 9
13 0 0 8
13 0 0 8
13 0 0 11
13 0 0 11
13 0 0 8
13 0 0 10
13 0 0 10
13 0 0 8
13 0 0 9
13 0 0 8
13 0 0 12
13 0 0 10
13 0 0 11
13 0 0 8
13 0 0 8
13 0 0 7
13 0 0 10
13 0 0 9
13 0 0 9
13 0 0 8
13 0 0 9
13 0 0 8
13 0 0 9
13 0 0 8
13 0 0 8
13 0 0 23
13 0 0 26
13 0 0 8
13 0 0 24
13 0 0 9
13 0 0 8
13 0 0 10
13 0 0 12
13 0 0 10
13 0 0 9
13 0 0 8
13 0 0 9
13 0 0 9
13 0 0 9
13 0 0 24
13 0 0 9
13 0 0 8
13 0 0 9
13 0 0 8
13 0 0 8
13 0 0 22
13 0 0 14
13 0 0 9
13 0 0 8
13 0 0 9
13 0 0 9
13 0 0 9
13 0 0 9
13 0 0 10
13 0 0 10
13 0 0 9
14 0 0 9
14 0 0 9
14 0 0 9
14 0 0 9
14 0 0 8
14 0 0 13
14 0 0 20
14 0 0 19
14 0 0 19
14 0 0 10
14 0 0 17
14 0 0 10
14 0 0 10
14 0 0 23
14 0 0 8
14 0 0 8
14 0 0 8
14 0 0 7
14 0 0 19
14 0 0 15
14 0 0 10
14 0 0 8
14 0 0 8
14 0 0 8
14 0 0 11
14 0 0 12
14 0 0 9
14 0 0 8
14 0 0 9
14 0 0 9
14 0 0 10
14 0 0 9
14 0 0 12
14 0 0 9
14 0 0 9
14 0 0 9
14 0 0 8
14 0 0 8
14 0 0 9
14 0 0 18
14 0 0 10
14 0 0 26
14 0 0 9
14 0 0 24
14 0 0 8
14 0 0 9
14 0 0 8
14 0 0 8
14 0 0 8
14 0 0 13
14 0 0 22
14 0 0 9
14 0 0 19
14 0 0 8
14 0 0 8
14 0 0 8
14 0 0 8
14 0 0 9
14 0 0 9
14 0 0 9
14 0 0 10
14 0 0 7
14 0 0 12
14 0 0 15
14 0 0 8
14 0 0 11
14 0 0 12
14 0 0 11
14 0 0 8
14 0 0 15
14 0 0 9
14 0 0 9
14 0 0 14
14 0 0 13
14 0 0 10
14 0 0 9
14 0 0 9
14 0 0 8
14 0 0 11
14 0 0 8
14 0 0 13
14 0 0 9
14 0 0 12
14 0 0 9
14 0 0 8
14 0 0 9
14 0 0 13
14 0 0 12
14 0 0 13
14 0 0 13
14 0 0 12
14 0 0 9
14 0 0 10
14 0 0 9
14 0 0 8
14 0 0 8
14 0 0 9
14 0 0 8
14 0 0 9
14 0 0 17
15 0 0 9
15 0 0 8
15 0 0 19
15 0 0 8
15 0 0 9
15 0 0 11
15 0 0 17
15 0 0 8
15 0 0 8
15 0 0 11
15 0 0 9
15 0 0 8
15 0 0 9
15 0 0 21
15 0 0 8
15 0 0 10
15 0 0 24
15 0 0 8
15 0 0 8
15 0 0 9
15 0 0 9
15 0 0 9
15 0 0 10
15 0 0 9
15 0 0 9
15 0 0 10
15 0 0 10
15 0 0 10
15 0 0 8
15 0 0 9
15 0 0 9
15 0 0 9
15 0 0 31
15 0 0 8
15 0 0 24
15 0 0 9
15 0 0 8
15 0 0 13
15 0 0 8
15 0 0 8
15 0 0 11
15 0 0 8
15 0 0 10
15 0 0 13
15 0 0 11
15 0 0 16
15 0 0 10
15 0 0 9
15 0 0 11
15 0 0 10
15 0 0 12
15 0 0 15
15 0 0 8
15 0 0 14
15 0 0 8
15 0 0 8
15 0 0 8
15 0 0 8
15 0 0 22
15 0 0 8
15 0 0 9
15 0 0 19
15 0 0 8
15 0 0 8
15 0 0 9
15 0 0 12
15 0 0 13
15 0 0 13
15 0 0 9
15 0 0 9
15 0 0 9
15 0 0 9
15 0 0 8
15 0 0 8
15 0 0 13
15 0 0 9
15 0 0 9
15 0 0 9
15 0 0 25
15 0 0 8
15 0 0 9
15 0 0 8
15 0 0 9
15 0 0 9
15 0 0 8
15 0 0 9
15 0 0 12
15 0 0 11
15 0 0 11
15 0 0 9
15 0 0 10
15 0 0 12
15 0 0 15
15 0 0 20
15 0 0 8
15 0 0 19
15 0 0 8
15 0 0 8
15 0 0 8
15 0 0 12
16 0 0 13
16 0 0 13
16 0 0 9
16 0 0 18
16 0 0 8
16 0 0 13
16 0 0 13
16 0 0 12
16 0 0 12
16 0 0 10
16 0 0 9
16 0 0 12
16 0 0 9
16 0 0 9
16 0 0 8
16 0 0 9
16 0 0 10
16 0 0 9
16 0 0 8
16 0 0 15
16 0 0 11
16 0 0 10
16 0 0 11
16 0 0 19
16 0 0 11
16 0 0 8
16 0 0 8
16 0 0 10
16 0 0 14
16 0 0 9
16 0 0 13
16 0 0 13
16 0 0 13
16 0 0 13
16 0 0 12
16 0 0 11
16 0 0 12
16 0 0 12
16 0 0 13
16 0 0 12
16 0 0 10
16 0 0 8
16 0 0 9
16 0 0 8
16 0 0 9
16 0 0 8
16 0 0 14
16 0 0 10
16 0 0 9
16 0 0 10
16 0 0 10
16 0 0 9
16 0 0 8
16 0 0 8
16 0 0 9
16 0 0 9
16 0 0 8
16 0 0 8
16 0 0 9
16 0 0 9
16 0 0 9
16 0 0 9
16 0 0 8
16 0 0 8
16 0 0 8
16 0 0 9
16 0 0 8
16 0 0 8
16 0 0 8
16 0 0 8
16 0 0 13
16 0 0 9
16 0 0 13
16 0 0 8
16 0 0 12
16 0 0 7
16 0 0 17
16 0 0 9
16 0 0 16
16 0 0 9
16 0 0 10
16 0 0 9
16 0 0 21
16 0 0 9
16 0 0 8
16 0 0 8
16 0 0 8
16 0 0 9
16 0 0 8
16 0 0 19
16 0 0 21
16 0 0 18
16 0 0 11
16 0 0 17
16 0 0 10
16 0 0 9
16 0 0 9
16 0 0 9
16 0 0 17
16 0 0 10
17 0 0 10
17 0 0 8
17 0 0 8
17 0 0 8
17 0 0 8
17 0 0 12
17 0 0 10
17 0 0 20
17 0 0 8
17 0 0 8
17 0 0 9
17 0 0 7
17 0 0 18
17 0 0 10
17 0 0 10
17 0 0 8
17 0 0 8
17 0 0 8
17 0 0 8
17 0 0 8
17 0 0 9
17 0 0 10
17 0 0 9
17 0 0 8
17 0 0 8
17 0 0 8
17 0 0 9
17 0 0 8
17 0 0 8
17 0 0 20
17 0 0 26
17 0 0 11
17 0 0 8
17 0 0 8
17 0 0 10
17 0 0 8
17 0 0 26
17 0 0 10
17 0 0 16
17 0 0 10
17 0 0 9
17 0 0 13
17 0 0 9
17 0 0 13
17 0 0 12
17 0 0 17
17 0 0 17
17 0 0 13
17 0 0 13
17 0 0 13
17 0 0 13
17 0 0 12
17 0 0 13
17 0 0 12
17 0 0 9
17 0 0 10
17 0 0 12
17 0 0 12
17 0 0 9
17 0 0 8
17 0 0 9
17 0 0 14
17 0 0 26
17 0 0 9
17 0 0 9
17 0 0 9
17 0 0 13
17 0 0 21
17 0 0 16
17 0 0 11
17 0 0 14
17 0 0 14
17 0 0 12
17 0 0 12
17 0 0 12
17 0 0 12
17 0 0 12
17 0 0 14
17 0 0 13
17 0 0 13
17 0 0 10
17 0 0 13
17 0 0 28
17 0 0 9
17 0 0 11
17 0 0 9
17 0 0 11
17 0 0 9
17 0 0 11
17 0 0 11
17 0 0 14
17 0 0 12
17 0 0 10
17 0 0 24
17 0 0 10
17 0 0 9
17 0 0 10
17 0 0 10
17 0 0 9
17 0 0 10
18 0 0 20
18 0 0 13
18 0 0 12
18 0 0 14
18 0 0 9
18 0 0 8
18 0 0 12
18 0 0 12
18 0 0 10
18 0 0 9
18 0 0 10
18 0 0 8
18 0 0 11
18 0 0 15
18 0 0 10
18 0 0 9
18 0 0 9
18 0 0 8
18 0 0 9
18 0 0 9
18 0 0 13
18 0 0 13
18 0 0 12
18 0 0 9
18 0 0 16
18 0 0 9
18 0 0 9
18 0 0 9
18 0 0 8
18 0 0 9
18 0 0 12
18 0 0 10
18 0 0 9
18 0 0 9
18 0 0 10
18 0 0 10
18 0 0 9
18 0 0 9
18 0 0 10
18 0 0 10
18 0 0 9
18 0 0 9
18 0 0 10
18 0 0 9
18 0 0 12
18 0 0 15
18 0 0 8
18 0 0 14
18 0 0 15
18 0 0 17
18 0 0 13
18 0 0 14
18 0 0 13
18 0 0 13
18 0 0 9
18 0 0 8
18 0 0 9
18 0 0 9
18 0 0 11
18 0 0 11
18 0 0 9
18 0 0 9
18 0 0 9
18 0 0 8
18 0 0 9
18 0 0 8
18 0 0 8
18 0 0 9
18 0 0 8
18 0 0 9
18 0 0 10
18 0 0 10
18 0 0 14
18 0 0 14
18 0 0 14
18 0 0 12
18 0 0 14
18 0 0 12
18 0 0 13
18 0 0 12
18 0 0 10
18 0 0 11
18 0 0 24
18 0 0 13
18 0 0 12
18 0 0 12
18 0 0 10
18 0 0 10
18 0 0 10
18 0 0 9
18 0 0 10
18 0 0 11
18 0 0 13
18 0 0 9
18 0 0 11
18 0 0 12
18 0 0 10
18 0 0 11
18 0 0 10
18 0 0 11
19 0 0 25
19 0 0 9
19 0 0 9
19 0 0 11
19 0 0 9
19 0 0 12
19 0 0 8
19 0 0 12
19 0 0 13
19 0 0 12
19 0 0 15
19 0 0 10
19 0 0 13
19 0 0 11
19 0 0 14
19 0 0 15
19 0 0 10
19 0 0 11
19 0 0 9
19 0 0 10
19 0 0 10
19 0 0 10
19 0 0 10
19 0 0 9
19 0 0 9
19 0 0 9
19 0 0 9
19 0 0 9
19 0 0 10
19 0 0 10
19 0 0 10
19 0 0 8
19 0 0 8
19 0 0 9
19 0 0 9
19 0 0 9
19 0 0 8
19 0 0 8
19 0 0 13
19 0 0 14
19 0 0 15
19 0 0 8
19 0 0 19
19 0 0 8
19 0 0 8
19 0 0 18
19 0 0 9
19 0 0 9
19 0 0 9
19 0 0 8
19 0 0 9
19 0 0 10
19 0 0 10
19 0 0 10
19 0 0 9
19 0 0 9
19 0 0 8
19 0 0 9
19 0 0 8
19 0 0 12
19 0 0 10
19 0 0 9
19 0 0 13
19 0 0 12
19 0 0 12
19 0 0 12
19 0 0 9
19 0 0 9
19 0 0 16
19 0 0 10
19 0 0 9
19 0 0 8
19 0 0 9
19 0 0 9
19 0 0 8
19 0 0 9
19 0 0 8
19 0 0 8
19 0 0 8
19 0 0 9
19 0 0 18
19 0 0 8
19 0 0 16
19 0 0 9
19 0 0 9
19 0 0 9
19 0 0 8
19 0 0 14
19 0 0 9
19 0 0 9
19 0 0 9
19 0 0 8
19 0 0 8
19 0 0 13
19 0 0 12
19 0 0 9
19 0 0 11
19 0 0 16
19 0 0 17
19 0 0 12
20 0 0 27
20 0 0 12
20 0 0 16
20 0 0 9
20 0 0 11
20 0 0 10
20 0 0 14
20 0 0 14
20 0 0 9
20 0 0 9
20 0 0 10
20 0 0 9
20 0 0 9
20 0 0 13
20 0 0 10
20 0 0 11
20 0 0 8
20 0 0 11
20 0 0 8
20 0 0 11
20 0 0 10
20 0 0 9
20 0 0 9
20 0 0 9
20 0 0 8
20 0 0 9
20 0 0 9
20 0 0 9
20 0 0 8
20 0 0 10
20 0 0 10
20 0 0 9
20 0 0 8
20 0 0 8
20 0 0 8
20 0 0 9
20 0 0 8
20 0 0 8
20 0 0 8
20 0 0 22
20 0 0 17
20 0 0 20
20 0 0 10
20 0 0 19
20 0 0 8
20 0 0 8
20 0 0 9
20 0 0 9
20 0 0 10
20 0 0 9
20 0 0 10
20 0 0 8
20 0 0 8
20 0 0 9
20 0 0 13
20 0 0 10
20 0 0 9
20 0 0 10
20 0 0 9
20 0 0 10
20 0 0 9
20 0 0 9
20 0 0 8
20 0 0 10
20 0 0 14
20 0 0 12
20 0 0 14
20 0 0 13
20 0 0 13
20 0 0 15
20 0 0 9
20 0 0 11
20 0 0 11
20 0 0 11
20 0 0 11
20 0 0 10
20 0 0 10
20 0 0 9
20 0 0 8
20 0 0 9
20 0 0 10
20 0 0 8
20 0 0 11
20 0 0 8
20 0 0 11
20 0 0 10
20 0 0 12
20 0 0 8
20 0 0 9
20 0 0 14
20 0 0 13
20 0 0 9
20 0 0 8
20 0 0 12
20 0 0 8
20 0 0 8
20 0 0 12
20 0 0 10
20 0 0 8
20 0 0 9
21 0 0 10
21 0 0 9
21 0 0 8
21 0 0 9
21 0 0 9
21 0 0 13
21 0 0 9
21 0 0 10
21 0 0 10
21 0 0 9
21 0 0 11
21 0 0 13
21 0 0 10
21 0 0 9
21 0 0 9
21 0 0 10
21 0 0 12
21 0 0 9
21 0 0 11
21 0 0 14
21 0 0 11
21 0 0 12
21 0 0 13
21 0 0 11
21 0 0 9
21 0 0 13
21 0 0 10
21 0 0 9
21 0 0 8
21 0 0 9
21 0 0 13
21 0 0 13
21 0 0 12
21 0 0 13
21 0 0 12
21 0 0 11
21 0 0 12
21 0 0 12
21 0 0 13
21 0 0 14
21 0 0 14
21 0 0 10
21 0 0 10
21 0 0 9
21 0 0 10
21 0 0 9
21 0 0 9
21 0 0 10
21 0 0 8
21 0 0 9
21 0 0 11
21 0 0 9
21 0 0 9
21 0 0 24
21 0 0 13
21 0 0 10
21 0 0 10
21 0 0 9
21 0 0 8
21 0 0 8
21 0 0 11
21 0 0 11
21 0 0 11
21 0 0 9
21 0 0 9
21 0 0 8
21 0 0 8
21 0 0 9
21 0 0 8
21 0 0 9
21 0 0 15
21 0 0 8
21 0 0 10
21 0 0 26
21 0 0 9
21 0 0 9
21 0 0 8
21 0 0 17
21 0 0 14
21 0 0 9
21 0 0 27
21 0 0 9
21 0 0 9
21 0 0 9
21 0 0 13
21 0 0 17
21 0 0 9
21 0 0 8
21 0 0 9
21 0 0 8
21 0 0 13
21 0 0 10
21 0 0 9
21 0 0 10
21 0 0 8
21 0 0 8
21 0 0 9
21 0 0 8
21 0 0 9
21 0 0 9
22 0 0 9
22 0 0 12
22 0 0 12
22 0 0 9
22 0 0 9
22 0 0 8
22 0 0 9
22 0 0 9
22 0 0 27
22 0 0 9
22 0 0 10
22 0 0 10
22 0 0 9
22 0 0 8
22 0 0 8
22 0 0 8
22 0 0 12
22 0 0 9
22 0 0 9
22 0 0 9
22 0 0 9
22 0 0 7
22 0 0 14
22 0 0 10
22 0 0 12
22 0 0 8
22 0 0 12
22 0 0 8
22 0 0 8
22 0 0 8
22 0 0 9
22 0 0 9
22 0 0 10
22 0 0 9
22 0 0 8
22 0 0 10
22 0 0 9
22 0 0 9
22 0 0 8
22 0 0 21
22 0 0 13
22 0 0 10
22 0 0 11
22 0 0 9
22 0 0 10
22 0 0 9
22 0 0 8
22 0 0 9
22 0 0 25
22 0 0 9
22 0 0 10
22 0 0 11
22 0 0 8
22 0 0 9
22 0 0 9
22 0 0 12
22 0 0 12
22 0 0 15
22 0 0 9
22 0 0 19
22 0 0 10
22 0 0 9
22 0 0 9
22 0 0 11
22 0 0 10
22 0 0 9
22 0 0 12
22 0 0 15
22 0 0 12
22 0 0 14
22 0 0 10
22 0 0 9
22 0 0 9
22 0 0 8
22 0 0 15
22 0 0 12
22 0 0 18
22 0 0 9
22 0 0 17
22 0 0 11
22 0 0 10
22 0 0 10
22 0 0 9
22 0 0 13
22 0 0 14
22 0 0 13
22 0 0 14
22 0 0 12
22 0 0 13
22 0 0 9
22 0 0 13
22 0 0 13
22 0 0 13
22 0 0 13
22 0 0 11
22 0 0 9
22 0 0 9
22 0 0 8
22 0 0 9
22 0 0 9
23 0 0 10
23 0 0 16
23 0 0 12
23 0 0 14
23 0 0 10
23 0 0 8
23 0 0 9
23 0 0 9
23 0 0 12
23 0 0 9
23 0 0 13
23 0 0 9
23 0 0 9
23 0 0 9
23 0 0 8
23 0 0 9
23 0 0 19
23 0 0 13
23 0 0 23
23 0 0 17
23 0 0 10
23 0 0 8
23 0 0 9
23 0 0 8
23 0 0 12
23 0 0 9
23 0 0 9
23 0 0 9
23 0 0 9
23 0 0 8
23 0 0 11
23 0 0 9
23 0 0 9
23 0 0 10
23 0 0 9
23 0 0 9
23 0 0 9
23 0 0 9
23 0 0 9
23 0 0 8
23 0 0 10
23 0 0 10
23 0 0 12
23 0 0 10
23 0 0 9
23 0 0 8
23 0 0 8
23 0 0 9
23 0 0 23
23 0 0 18
23 0 0 10
23 0 0 9
23 0 0 10
23 0 0 24
23 0 0 16
23 0 0 24
23 0 0 9
23 0 0 8
23 0 0 24
23 0 0 9
23 0 0 10
23 0 0 10
23 0 0 9
23 0 0 9
23 0 0 9
23 0 0 9
23 0 0 14
23 0 0 9
23 0 0 12
23 0 0 10
23 0 0 9
23 0 0 9
23 0 0 8
23 0 0 16
23 0 0 15
23 0 0 9
23 0 0 14
23 0 0 9
23 0 0 8
23 0 0 9
23 0 0 10
23 0 0 9
23 0 0 10
23 0 0 14
23 0 0 10
23 0 0 9
23 0 0 26
23 0 0 17
23 0 0 17
23 0 0 24
23 0 0 14
23 0 0 9
23 0 0 9
23 0 0 9
23 0 0 9
23 0 0 8
23 0 0 8
23 0 0 11
23 0 0 9
23 0 0 13
24 0 0 26
24 0 0 13
24 0 0 12
24 0 0 24
24 0 0 9
24 0 0 9
24 0 0 9
24 0 0 9
24 0 0 8
24 0 0 12
24 0 0 13
24 0 0 9
24 0 0 10
24 0 0 9
24 0 0 10
24 0 0 10
24 0 0 9
24 0 0 9
24 0 0 9
24 0 0 15
24 0 0 13
24 0 0 13
24 0 0 13
24 0 0 9
24 0 0 10
24 0 0 9
24 0 0 10
24 0 0 11
24 0 0 10
24 0 0 9
24 0 0 10
24 0 0 12
24 0 0 15
24 0 0 10
24 0 0 10
24 0 0 10
24 0 0 14
24 0 0 14
24 0 0 16
24 0 0 12
24 0 0 23
24 0 0 12
24 0 0 13
24 0 0 12
24 0 0 14
24 0 0 13
24 0 0 13
24 0 0 12
24 0 0 13
24 0 0 13
24 0 0 13
24 0 0 12
24 0 0 14
24 0 0 10
24 0 0 9
24 0 0 9
24 0 0 9
24 0 0 9
24 0 0 8
24 0 0 8
24 0 0 10
24 0 0 9
24 0 0 9
24 0 0 9
24 0 0 9
24 0 0 12
24 0 0 9
24 0 0 13
24 0 0 8
24 0 0 9
24 0 0 13
24 0 0 10
24 0 0 9
24 0 0 9
24 0 0 9
24 0 0 9
24 0 0 8
24 0 0 13
24 0 0 12
24 0 0 10
24 0 0 9
24 0 0 17
24 0 0 8
24 0 0 9
24 0 0 9
24 0 0 8
24 0 0 8
24 0 0 9
24 0 0 13
24 0 0 9
24 0 0 9
24 0 0 14
24 0 0 18
24 0 0 12
24 0 0 12
24 0 0 19
24 0 0 8
24 0 0 9
24 0 0 11
24 0 0 26
25 0 0 12
25 0 0 12
25 0 0 12
25 0 0 14
25 0 0 13
25 0 0 14
25 0 0 12
25 0 0 14
25 0 0 12
25 0 0 14
25 0 0 13
25 0 0 13
25 0 0 15
25 0 0 13
25 0 0 14
25 0 0 14
25 0 0 18
25 0 0 12
25 0 0 13
25 0 0 28
25 0 0 10
25 0 0 19
25 0 0 14
25 0 0 16
25 0 0 15
25 0 0 15
25 0 0 9
25 0 0 9
25 0 0 13
25 0 0 13
25 0 0 10
25 0 0 10
25 0 0 24
25 0 0 12
25 0 0 9
25 0 0 36
25 0 0 22
25 0 0 9
25 0 0 9
25 0 0 8
25 0 0 10
25 0 0 8
25 0 0 9
25 0 0 9
25 0 0 14
25 0 0 9
25 0 0 9
25 0 0 9
25 0 0 9
25 0 0 8
25 0 0 10
25 0 0 9
25 0 0 9
25 0 0 9
25 0 0 9
25 0 0 17
25 0 0 8
25 0 0 9
25 0 0 9
25 0 0 8
25 0 0 10
25 0 0 14
25 0 0 10
25 0 0 14
25 0 0 20
25 0 0 9
25 0 0 15
25 0 0 8
25 0 0 9
25 0 0 8
25 0 0 9
25 0 0 10
25 0 0 14
25 0 0 13
25 0 0 11
25 0 0 9
25 0 0 19
25 0 0 15
25 0 0 18
25 0 0 13
25 0 0 13
25 0 0 13
25 0 0 12
25 0 0 9
25 0 0 13
25 0 0 10
25 0 0 9
25 0 0 10
25 0 0 9
25 0 0 10
25 0 0 10
25 0 0 9
25 0 0 9
25 0 0 9
25 0 0 8
25 0 0 9
25 0 0 10
25 0 0 9
25 0 0 9
25 0 0 9
26 0 0 10
26 0 0 8
26 0 0 8
26 0 0 9
26 0 0 10
26 0 0 10
26 0 0 10
26 0 0 11
26 0 0 9
26 0 0 10
26 0 0 10
26 0 0 9
26 0 0 9
26 0 0 10
26 0 0 9
26 0 0 9
26 0 0 9
26 0 0 9
26 0 0 9
26 0 0 8
26 0 0 27
26 0 0 11
26 0 0 9
26 0 0 9
26 0 0 9
26 0 0 11
26 0 0 9
26 0 0 8
26 0 0 11
26 0 0 23
26 0 0 13
26 0 0 25
26 0 0 9
26 0 0 27
26 0 0 8
26 0 0 11
26 0 0 9
26 0 0 12
26 0 0 9
26 0 0 9
26 0 0 12
26 0 0 14
26 0 0 9
26 0 0 13
26 0 0 11
26 0 0 13
26 0 0 10
26 0 0 9
26 0 0 14
26 0 0 13
26 0 0 10
26 0 0 14
26 0 0 15
26 0 0 16
26 0 0 28
26 0 0 14
26 0 0 24
26 0 0 10
26 0 0 12
26 0 0 13
26 0 0 14
26 0 0 15
26 0 0 13
26 0 0 13
26 0 0 14
26 0 0 15
26 0 0 14
26 0 0 13
26 0 0 14
26 0 0 47
26 0 0 10
26 0 0 10
26 0 0 10
26 0 0 10
26 0 0 10
26 0 0 9
26 0 0 10
26 0 0 12
26 0 0 9
26 0 0 14
26 0 0 13
26 0 0 12
26 0 0 12
26 0 0 9
26 0 0 14
26 0 0 15
26 0 0 14
26 0 0 11
26 0 0 14
26 0 0 10
26 0 0 10
26 0 0 9
26 0 0 8
26 0 0 9
26 0 0 9
26 0 0 9
26 0 0 9
26 0 0 9
26 0 0 10
26 0 0 9
27 0 0 10
27 0 0 9
27 0 0 9
27 0 0 8
27 0 0 9
27 0 0 9
27 0 0 10
27 0 0 9
27 0 0 9
27 0 0 9
27 0 0 13
27 0 0 10
27 0 0 12
27 0 0 14
27 0 0 9
27 0 0 13
27 0 0 13
27 0 0 13
27 0 0 16
27 0 0 12
27 0 0 11
27 0 0 9
27 0 0 10
27 0 0 10
27 0 0 19
27 0 0 10
27 0 0 9
27 0 0 9
27 0 0 9
27 0 0 10
27 0 0 19
27 0 0 9
27 0 0 9
27 0 0 12
27 0 0 12
27 0 0 9
27 0 0 14
27 0 0 13
27 0 0 13
27 0 0 13
27 0 0 9
27 0 0 12
27 0 0 9
27 0 0 9
27 0 0 9
27 0 0 9
27 0 0 9
27 0 0 18
27 0 0 15
27 0 0 16
27 0 0 15
27 0 0 13
27 0 0 14
27 0 0 13
27 0 0 10
27 0 0 10
27 0 0 13
27 0 0 14
27 0 0 10
27 0 0 14
27 0 0 14
27 0 0 10
27 0 0 10
27 0 0 9
27 0 0 31
27 0 0 25
27 0 0 15
27 0 0 10
27 0 0 10
27 0 0 16
27 0 0 15
27 0 0 32
27 0 0 13
27 0 0 13
27 0 0 13
27 0 0 12
27 0 0 12
27 0 0 14
27 0 0 14
27 0 0 14
27 0 0 11
27 0 0 10
27 0 0 9
27 0 0 9
27 0 0 10
27 0 0 10
27 0 0 10
27 0 0 10
27 0 0 14
27 0 0 10
27 0 0 14
27 0 0 15
27 0 0 15
27 0 0 13
27 0 0 14
27 0 0 13
27 0 0 13
27 0 0 14
27 0 0 13
27 0 0 13
28 0 0 10
28 0 0 9
28 0 0 10
28 0 0 9
28 0 0 9
28 0 0 9
28 0 0 9
28 0 0 16
28 0 0 9
28 0 0 9
28 0 0 10
28 0 0 10
28 0 0 10
28 0 0 9
28 0 0 15
28 0 0 27
28 0 0 27
28 0 0 16
28 0 0 13
28 0 0 14
28 0 0 20
28 0 0 9
28 0 0 9
28 0 0 9
28 0 0 15
28 0 0 11
28 0 0 9
28 0 0 9
28 0 0 9
28 0 0 12
28 0 0 10
28 0 0 9
28 0 0 9
28 0 0 13
28 0 0 12
28 0 0 10
28 0 0 9
28 0 0 9
28 0 0 9
28 0 0 9
28 0 0 10
28 0 0 10
28 0 0 9
28 0 0 10
28 0 0 9
28 0 0 9
28 0 0 8
28 0 0 8
28 0 0 9
28 0 0 16
28 0 0 16
28 0 0 12
28 0 0 27
28 0 0 12
28 0 0 15
28 0 0 10
28 0 0 26
28 0 0 11
28 0 0 26
28 0 0 9
28 0 0 10
28 0 0 13
28 0 0 26
28 0 0 13
28 0 0 26
28 0 0 9
28 0 0 9
28 0 0 9
28 0 0 9
28 0 0 9
28 0 0 9
28 0 0 10
28 0 0 11
28 0 0 9
28 0 0 12
28 0 0 9
28 0 0 8
28 0 0 12
28 0 0 9
28 0 0 17
28 0 0 10
28 0 0 10
28 0 0 9
28 0 0 9
28 0 0 12
28 0 0 12
28 0 0 11
28 0 0 11
28 0 0 12
28 0 0 13
28 0 0 9
28 0 0 11
28 0 0 8
28 0 0 13
28 0 0 8
28 0 0 12
28 0 0 9
28 0 0 10
28 0 0 10
28 0 0 11
29 0 0 21
29 0 0 10
29 0 0 10
29 0 0 14
29 0 0 9
29 0 0 14
29 0 0 15
29 0 0 9
29 0 0 12
29 0 0 13
29 0 0 10
29 0 0 13
29 0 0 14
29 0 0 10
29 0 0 10
29 0 0 9
29 0 0 10
29 0 0 10
29 0 0 8
29 0 0 9
29 0 0 11
29 0 0 11
29 0 0 10
29 0 0 22
29 0 0 13
29 0 0 12
29 0 0 14
29 0 0 22
29 0 0 10
29 0 0 26
29 0 0 10
29 0 0 10
29 0 0 9
29 0 0 9
29 0 0 10
29 0 0 30
29 0 0 14
29 0 0 10
29 0 0 10
29 0 0 12
29 0 0 18
29 0 0 10
29 0 0 10
29 0 0 10
29 0 0 10
29 0 0 8
29 0 0 10
29 0 0 10
29 0 0 13
29 0 0 9
29 0 0 10
29 0 0 9
29 0 0 9
29 0 0 9
29 0 0 8
29 0 0 9
29 0 0 11
29 0 0 17
29 0 0 14
29 0 0 12
29 0 0 10
29 0 0 10
29 0 0 8
29 0 0 9
29 0 0 9
29 0 0 13
29 0 0 27
29 0 0 9
29 0 0 25
29 0 0 25
29 0 0 9
29 0 0 9
29 0 0 12
29 0 0 11
29 0 0 11
29 0 0 11
29 0 0 11
29 0 0 10
29 0 0 10
29 0 0 9
29 0 0 10
29 0 0 9
29 0 0 10
29 0 0 10
29 0 0 12
29 0 0 10
29 0 0 13
29 0 0 10
29 0 0 9
29 0 0 11
29 0 0 14
29 0 0 9
29 0 0 10
29 0 0 9
29 0 0 10
29 0 0 31
29 0 0 15
29 0 0 13
29 0 0 11
29 0 0 11
30 0 0 16
30 0 0 13
30 0 0 10
30 0 0 15
30 0 0 30
30 0 0 14
30 0 0 13
30 0 0 40
30 0 0 10
30 0 0 14
30 0 0 10
30 0 0 10
30 0 0 28
30 0 0 15
30 0 0 13
30 0 0 17
30 0 0 9
30 0 0 10
30 0 0 12
30 0 0 10
30 0 0 13
30 0 0 9
30 0 0 10
30 0 0 10
30 0 0 11
30 0 0 10
30 0 0 27
30 0 0 11
30 0 0 11
30 0 0 14
30 0 0 13
30 0 0 10
30 0 0 12
30 0 0 10
30 0 0 10
30 0 0 9
30 0 0 10
30 0 0 9
30 0 0 8
30 0 0 21
30 0 0 13
30 0 0 11
30 0 0 9
30 0 0 9
30 0 0 9
30 0 0 15
30 0 0 9
30 0 0 15
30 0 0 29
30 0 0 11
30 0 0 22
30 0 0 9
30 0 0 9
30 0 0 10
30 0 0 9
30 0 0 9
30 0 0 9
30 0 0 9
30 0 0 9
30 0 0 9
30 0 0 17
30 0 0 9
30 0 0 15
30 0 0 9
30 0 0 10
30 0 0 9
30 0 0 9
30 0 0 21
30 0 0 9
30 0 0 9
30 0 0 10
30 0 0 10
30 0 0 13
30 0 0 12
30 0 0 9
30 0 0 17
30 0 0 9
30 0 0 12
30 0 0 12
30 0 0 12
30 0 0 14
30 0 0 16
30 0 0 15
30 0 0 37
30 0 0 14
30 0 0 14
30 0 0 16
30 0 0 14
30 0 0 16
30 0 0 26
30 0 0 10
30 0 0 9
30 0 0 10
30 0 0 9
30 0 0 9
30 0 0 9
30 0 0 8
30 0 0 8
30 0 0 12
30 0 0 12
31 0 0 9
31 0 0 9
31 0 0 9
31 0 0 9
31 0 0 16
31 0 0 10
31 0 0 9
31 0 0 9
31 0 0 16
31 0 0 10
31 0 0 22
31 0 0 9
31 0 0 9
31 0 0 9
31 0 0 10
31 0 0 11
31 0 0 9
31 0 0 9
31 0 0 9
31 0 0 9
31 0 0 9
31 0 0 10
31 0 0 17
31 0 0 9
31 0 0 18
31 0 0 10
31 0 0 9
31 0 0 10
31 0 0 9
31 0 0 9
31 0 0 11
31 0 0 10
31 0 0 10
31 0 0 10
31 0 0 12
31 0 0 10
31 0 0 13
31 0 0 27
31 0 0 12
31 0 0 9
31 0 0 10
31 0 0 12
31 0 0 40
31 0 0 11
31 0 0 9
31 0 0 15
31 0 0 12
31 0 0 17
31 0 0 12
31 0 0 15
31 0 0 13
31 0 0 13
31 0 0 12
31 0 0 9
31 0 0 14
31 0 0 14
31 0 0 21
31 0 0 14
31 0 0 40
31 0 0 18
31 0 0 11
31 0 0 10
31 0 0 9
31 0 0 27
31 0 0 11
31 0 0 9
31 0 0 10
31 0 0 11
31 0 0 10
31 0 0 23
31 0 0 25
31 0 0 14
31 0 0 13
31 0 0 15
31 0 0 21
31 0 0 10
31 0 0 22
31 0 0 10
31 0 0 28
31 0 0 14
31 0 0 30
31 0 0 14
31 0 0 14
31 0 0 14
31 0 0 13
31 0 0 14
31 0 0 9
31 0 0 15
31 0 0 13
31 0 0 14
31 0 0 18
31 0 0 11
31 0 0 10
31 0 0 9
31 0 0 12
31 0 0 9
31 0 0 17
31 0 0 17
31 0 0 10
31 0 0 17
32 0 0 9
32 0 0 39
32 0 0 10
32 0 0 10
32 0 0 9
32 0 0 24
32 0 0 9
32 0 0 13
32 0 0 12
32 0 0 11
32 0 0 10
32 0 0 10
32 0 0 9
32 0 0 9
32 0 0 13
32 0 0 11
32 0 0 10
32 0 0 12
32 0 0 9
32 0 0 11
32 0 0 11
32 0 0 13
32 0 0 10
32 0 0 9
32 0 0 10
32 0 0 9
32 0 0 10
32 0 0 10
32 0 0 9
32 0 0 10
32 0 0 9
32 0 0 26
32 0 0 9
32 0 0 9
32 0 0 9
32 0 0 9
32 0 0 9
32 0 0 8
32 0 0 17
32 0 0 13
32 0 0 18
32 0 0 11
32 0 0 38
32 0 0 10
32 0 0 26
32 0 0 34
32 0 0 10
32 0 0 9
32 0 0 12
32 0 0 9
32 0 0 11
32 0 0 9
32 0 0 9
32 0 0 9
32 0 0 27
32 0 0 9
32 0 0 9
32 0 0 9
32 0 0 9
32 0 0 11
32 0 0 16
32 0 0 9
32 0 0 9
32 0 0 8
32 0 0 9
32 0 0 9
32 0 0 8
32 0 0 13
32 0 0 14
32 0 0 18
32 0 0 10
32 0 0 9
32 0 0 9
32 0 0 8
32 0 0 9
32 0 0 9
32 0 0 14
32 0 0 14
32 0 0 13
32 0 0 13
32 0 0 10
32 0 0 8
32 0 0 25
32 0 0 12
32 0 0 9
32 0 0 9
32 0 0 12
32 0 0 11
32 0 0 12
32 0 0 37
32 0 0 10
32 0 0 9
32 0 0 9
32 0 0 9
32 0 0 9
32 0 0 10
32 0 0 9
32 0 0 17
32 0 0 13
32 0 0 13
33 0 0 27
33 0 0 9
33 0 0 9
33 0 0 9
33 0 0 9
33 0 0 10
33 0 0 21
33 0 0 12
33 0 0 12
33 0 0 11
33 0 0 10
33 0 0 9
33 0 0 9
33 0 0 15
33 0 0 10
33 0 0 11
33 0 0 11
33 0 0 12
33 0 0 15
33 0 0 11
33 0 0 10
33 0 0 9
33 0 0 15
33 0 0 13
33 0 0 13
33 0 0 10
33 0 0 10
33 0 0 11
33 0 0 10
33 0 0 11
33 0 0 11
33 0 0 14
33 0 0 13
33 0 0 14
33 0 0 9
33 0 0 9
33 0 0 8
33 0 0 9
33 0 0 9
33 0 0 15
33 0 0 11
33 0 0 9
33 0 0 9
33 0 0 9
33 0 0 9
33 0 0 10
33 0 0 9
33 0 0 14
33 0 0 34
33 0 0 14
33 0 0 13
33 0 0 9
33 0 0 9
33 0 0 9
33 0 0 9
33 0 0 9
33 0 0 10
33 0 0 13
33 0 0 11
33 0 0 13
33 0 0 10
33 0 0 9
33 0 0 8
33 0 0 8
33 0 0 9
33 0 0 18
33 0 0 13
33 0 0 10
33 0 0 14
33 0 0 9
33 0 0 10
33 0 0 9
33 0 0 10
33 0 0 14
33 0 0 10
33 0 0 10
33 0 0 13
33 0 0 10
33 0 0 13
33 0 0 9
33 0 0 10
33 0 0 13
33 0 0 9
33 0 0 13
33 0 0 9
33 0 0 9
33 0 0 10
33 0 0 9
33 0 0 9
33 0 0 9
33 0 0 14
33 0 0 13
33 0 0 8
33 0 0 9
33 0 0 9
33 0 0 9
33 0 0 10
33 0 0 8
33 0 0 25
33 0 0 17
34 0 0 10
34 0 0 9
34 0 0 14
34 0 0 9
34 0 0 13
34 0 0 9
34 0 0 13
34 0 0 13
34 0 0 13
34 0 0 12
34 0 0 10
34 0 0 9
34 0 0 8
34 0 0 9
34 0 0 9
34 0 0 12
34 0 0 13
34 0 0 9
34 0 0 9
34 0 0 11
34 0 0 10
34 0 0 9
34 0 0 8
34 0 0 10
34 0 0 38
34 0 0 9
34 0 0 10
34 0 0 10
34 0 0 12
34 0 0 8
34 0 0 9
34 0 0 9
34 0 0 9
34 0 0 8
34 0 0 9
34 0 0 9
34 0 0 9
34 0 0 13
34 0 0 13
34 0 0 9
34 0 0 10
34 0 0 9
34 0 0 9
34 0 0 8
34 0 0 13
34 0 0 10
34 0 0 19
34 0 0 10
34 0 0 9
34 0 0 15
34 0 0 10
34 0 0 9
34 0 0 9
34 0 0 9
34 0 0 35
34 0 0 19
34 0 0 9
34 0 0 10
34 0 0 9
34 0 0 9
34 0 0 18
34 0 0 10
34 0 0 26
34 0 0 13
34 0 0 10
34 0 0 10
34 0 0 11
34 0 0 11
34 0 0 10
34 0 0 11
34 0 0 11
34 0 0 11
34 0 0 14
34 0 0 10
34 0 0 9
34 0 0 9
34 0 0 9
34 0 0 10
34 0 0 9
34 0 0 10
34 0 0 10
34 0 0 14
34 0 0 15
34 0 0 13
34 0 0 13
34 0 0 11
34 0 0 11
34 0 0 10
34 0 0 10
34 0 0 14
34 0 0 10
34 0 0 9
34 0 0 9
34 0 0 10
34 0 0 9
34 0 0 10
34 0 0 10
34 0 0 9
34 0 0 12
34 0 0 11
35 0 0 10
35 0 0 16
35 0 0 9
35 0 0 13
35 0 0 11
35 0 0 9
35 0 0 12
35 0 0 10
35 0 0 12
35 0 0 9
35 0 0 10
35 0 0 9
35 0 0 9
35 0 0 13
35 0 0 9
35 0 0 12
35 0 0 8
35 0 0 25
35 0 0 26
35 0 0 9
35 0 0 11
35 0 0 10
35 0 0 9
35 0 0 10
35 0 0 10
35 0 0 9
35 0 0 9
35 0 0 9
35 0 0 9
35 0 0 9
35 0 0 10
35 0 0 9
35 0 0 10
35 0 0 11
35 0 0 10
35 0 0 9
35 0 0 11
35 0 0 16
35 0 0 11
35 0 0 16
35 0 0 10
35 0 0 9
35 0 0 35
35 0 0 10
35 0 0 10
35 0 0 8
35 0 0 10
35 0 0 9
35 0 0 12
35 0 0 9
35 0 0 16
35 0 0 12
35 0 0 9
35 0 0 9
35 0 0 9
35 0 0 9
35 0 0 27
35 0 0 10
35 0 0 10
35 0 0 9
35 0 0 10
35 0 0 9
35 0 0 13
35 0 0 10
35 0 0 10
35 0 0 10
35 0 0 10
35 0 0 9
35 0 0 9
35 0 0 10
35 0 0 10
35 0 0 24
35 0 0 10
35 0 0 11
35 0 0 9
35 0 0 9
35 0 0 9
35 0 0 9
35 0 0 9
35 0 0 9
35 0 0 11
35 0 0 9
35 0 0 35
35 0 0 16
35 0 0 14
35 0 0 16
35 0 0 17
35 0 0 13
35 0 0 13
35 0 0 13
35 0 0 10
35 0 0 18
35 0 0 17
35 0 0 10
35 0 0 19
35 0 0 10
35 0 0 14
35 0 0 14
35 0 0 9
35 0 0 12
36 0 0 19
36 0 0 11
36 0 0 10
36 0 0 9
36 0 0 14
36 0 0 14
36 0 0 14
36 0 0 14
36 0 0 16
36 0 0 11
36 0 0 17
36 0 0 14
36 0 0 16
36 0 0 16
36 0 0 30
36 0 0 13
36 0 0 15
36 0 0 21
36 0 0 11
36 0 0 9
36 0 0 14
36 0 0 14
36 0 0 14
36 0 0 15
36 0 0 15
36 0 0 13
36 0 0 14
36 0 0 14
36 0 0 14
36 0 0 14
36 0 0 10
36 0 0 10
36 0 0 9
36 0 0 10
36 0 0 9
36 0 0 9
36 0 0 10
36 0 0 13
36 0 0 10
36 0 0 9
36 0 0 10
36 0 0 9
36 0 0 9
36 0 0 9
36 0 0 9
36 0 0 13
36 0 0 17
36 0 0 13
36 0 0 9
36 0 0 9
36 0 0 10
36 0 0 27
36 0 0 13
36 0 0 9
36 0 0 17
36 0 0 9
36 0 0 9
36 0 0 10
36 0 0 9
36 0 0 10
36 0 0 14
36 0 0 10
36 0 0 10
36 0 0 9
36 0 0 10
36 0 0 10
36 0 0 10
36 0 0 10
36 0 0 8
36 0 0 9
36 0 0 10
36 0 0 9
36 0 0 9
36 0 0 9
36 0 0 9
36 0 0 9
36 0 0 9
36 0 0 10
36 0 0 9
36 0 0 9
36 0 0 10
36 0 0 10
36 0 0 10
36 0 0 10
36 0 0 9
36 0 0 9
36 0 0 9
36 0 0 13
36 0 0 8
36 0 0 8
36 0 0 14
36 0 0 14
36 0 0 14
36 0 0 16
36 0 0 15
36 0 0 14
36 0 0 16
36 0 0 15
36 0 0 15
36 0 0 15
37 0 0 11
37 0 0 9
37 0 0 10
37 0 0 10
37 0 0 22
37 0 0 9
37 0 0 9
37 0 0 10
37 0 0 9
37 0 0 9
37 0 0 15
37 0 0 11
37 0 0 9
37 0 0 10
37 0 0 10
37 0 0 10
37 0 0 9
37 0 0 11
37 0 0 10
37 0 0 10
37 0 0 10
37 0 0 13
37 0 0 10
37 0 0 10
37 0 0 10
37 0 0 9
37 0 0 9
37 0 0 9
37 0 0 9
37 0 0 17
37 0 0 10
37 0 0 10
37 0 0 10
37 0 0 9
37 0 0 9
37 0 0 9
37 0 0 9
37 0 0 12
37 0 0 9
37 0 0 22
37 0 0 14
37 0 0 13
37 0 0 15
37 0 0 14
37 0 0 14
37 0 0 9
37 0 0 10
37 0 0 16
37 0 0 10
37 0 0 15
37 0 0 12
37 0 0 21
37 0 0 10
37 0 0 11
37 0 0 10
37 0 0 10
37 0 0 17
37 0 0 12
37 0 0 14
37 0 0 11
37 0 0 10
37 0 0 13
37 0 0 10
37 0 0 10
37 0 0 13
37 0 0 10
37 0 0 14
37 0 0 15
37 0 0 13
37 0 0 12
37 0 0 13
37 0 0 12
37 0 0 15
37 0 0 12
37 0 0 15
37 0 0 13
37 0 0 9
37 0 0 10
37 0 0 16
37 0 0 17
37 0 0 14
37 0 0 14
37 0 0 10
37 0 0 11
37 0 0 9
37 0 0 9
37 0 0 9
37 0 0 9
37 0 0 10
37 0 0 9
37 0 0 11
37 0 0 9
37 0 0 22
37 0 0 15
37 0 0 15
37 0 0 11
37 0 0 10
37 0 0 10
37 0 0 11
37 0 0 10
38 0 0 10
38 0 0 10
38 0 0 9
38 0 0 16
38 0 0 17
38 0 0 17
38 0 0 16
38 0 0 18
38 0 0 13
38 0 0 17
38 0 0 23
38 0 0 10
38 0 0 31
38 0 0 9
38 0 0 12
38 0 0 9
38 0 0 12
38 0 0 9
38 0 0 9
38 0 0 13
38 0 0 9
38 0 0 10
38 0 0 9
38 0 0 10
38 0 0 12
38 0 0 12
38 0 0 12
38 0 0 24
38 0 0 12
38 0 0 8
38 0 0 11
38 0 0 10
38 0 0 10
38 0 0 9
38 0 0 9
38 0 0 9
38 0 0 9
38 0 0 9
38 0 0 10
38 0 0 10
38 0 0 30
38 0 0 15
38 0 0 11
38 0 0 15
38 0 0 9
38 0 0 12
38 0 0 10
38 0 0 12
38 0 0 12
38 0 0 12
38 0 0 14
38 0 0 14
38 0 0 15
38 0 0 14
38 0 0 14
38 0 0 14
38 0 0 15
38 0 0 10
38 0 0 9
38 0 0 11
38 0 0 11
38 0 0 13
38 0 0 15
38 0 0 14
38 0 0 13
38 0 0 10
38 0 0 21
38 0 0 16
38 0 0 9
38 0 0 15
38 0 0 27
38 0 0 22
38 0 0 13
38 0 0 9
38 0 0 10
38 0 0 9
38 0 0 10
38 0 0 8
38 0 0 11
38 0 0 13
38 0 0 21
38 0 0 12
38 0 0 20
38 0 0 9
38 0 0 12
38 0 0 13
38 0 0 10
38 0 0 17
38 0 0 23
38 0 0 16
38 0 0 16
38 0 0 28
38 0 0 9
38 0 0 9
38 0 0 11
38 0 0 10
38 0 0 15
38 0 0 15
38 0 0 10
38 0 0 9
39 0 0 14
39 0 0 21
39 0 0 10
39 0 0 9
39 0 0 9
39 0 0 10
39 0 0 11
39 0 0 9
39 0 0 9
39 0 0 9
39 0 0 11
39 0 0 9
39 0 0 9
39 0 0 9
39 0 0 40
39 0 0 10
39 0 0 10
39 0 0 16
39 0 0 11
39 0 0 12
39 0 0 17
39 0 0 15
39 0 0 12
39 0 0 10
39 0 0 11
39 0 0 11
39 0 0 10
39 0 0 9
39 0 0 12
39 0 0 10
39 0 0 15
39 0 0 13
39 0 0 32
39 0 0 11
39 0 0 10
39 0 0 10
39 0 0 9
39 0 0 10
39 0 0 12
39 0 0 10
39 0 0 12
39 0 0 29
39 0 0 13
39 0 0 11
39 0 0 26
39 0 0 15
39 0 0 16
39 0 0 9
39 0 0 15
39 0 0 9
39 0 0 29
39 0 0 13
39 0 0 10
39 0 0 19
39 0 0 12
39 0 0 18
39 0 0 11
39 0 0 10
39 0 0 10
39 0 0 10
39 0 0 27
39 0 0 16
39 0 0 16
39 0 0 13
39 0 0 13
39 0 0 9
39 0 0 10
39 0 0 20
39 0 0 15
39 0 0 11
39 0 0 21
39 0 0 10
39 0 0 15
39 0 0 13
39 0 0 14
39 0 0 14
39 0 0 31
39 0 0 15
39 0 0 14
39 0 0 14
39 0 0 14
39 0 0 23
39 0 0 14
39 0 0 26
39 0 0 16
39 0 0 10
39 0 0 13
39 0 0 16
39 0 0 14
39 0 0 17
39 0 0 14
39 0 0 30
39 0 0 16
39 0 0 15
39 0 0 14
39 0 0 16
39 0 0 10
39 0 0 13
39 0 0 26
39 0 0 13
40 0 0 15
40 0 0 17
40 0 0 14
40 0 0 15
40 0 0 17
40 0 0 13
40 0 0 16
40 0 0 15
40 0 0 17
40 0 0 14
40 0 0 14
40 0 0 14
40 0 0 16
40 0 0 14
40 0 0 15
40 0 0 14
40 0 0 14
40 0 0 13
40 0 0 13
40 0 0 16
40 0 0 13
40 0 0 15
40 0 0 13
40 0 0 14
40 0 0 14
40 0 0 14
40 0 0 10
40 0 0 13
40 0 0 13
40 0 0 13
40 0 0 11
40 0 0 10
40 0 0 10
40 0 0 9
40 0 0 10
40 0 0 9
40 0 0 14
40 0 0 10
40 0 0 13
40 0 0 14
40 0 0 13
40 0 0 10
40 0 0 14
40 0 0 13
40 0 0 13
40 0 0 11
40 0 0 14
40 0 0 13
40 0 0 15
40 0 0 15
40 0 0 14
40 0 0 14
40 0 0 14
40 0 0 14
40 0 0 10
40 0 0 11
40 0 0 10
40 0 0 10
40 0 0 15
40 0 0 10
40 0 0 11
40 0 0 14
40 0 0 11
40 0 0 25
40 0 0 22
40 0 0 16
40 0 0 10
40 0 0 10
40 0 0 15
40 0 0 14
40 0 0 9
40 0 0 10
40 0 0 10
40 0 0 11
40 0 0 9
40 0 0 15
40 0 0 11
40 0 0 28
40 0 0 12
40 0 0 17
40 0 0 16
40 0 0 17
40 0 0 14
40 0 0 19
40 0 0 10
40 0 0 11
40 0 0 10
40 0 0 15
40 0 0 10
40 0 0 11
40 0 0 14
40 0 0 12
40 0 0 14
40 0 0 10
40 0 0 10
40 0 0 14
40 0 0 9
40 0 0 9
40 0 0 9
40 0 0 12
41 0 0 15
41 0 0 15
41 0 0 14
41 0 0 15
41 0 0 16
41 0 0 39
41 0 0 20
41 0 0 19
41 0 0 26
41 0 0 14
41 0 0 11
41 0 0 10
41 0 0 21
41 0 0 15
41 0 0 14
41 0 0 15
41 0 0 13
41 0 0 15
41 0 0 14
41 0 0 14
41 0 0 10
41 0 0 11
41 0 0 22
41 0 0 10
41 0 0 13
41 0 0 10
41 0 0 12
41 0 0 9
41 0 0 12
41 0 0 9
41 0 0 12
41 0 0 9
41 0 0 12
41 0 0 14
41 0 0 15
41 0 0 21
41 0 0 9
41 0 0 14
41 0 0 9
41 0 0 13
41 0 0 14
41 0 0 29
41 0 0 10
41 0 0 14
41 0 0 18
41 0 0 10
41 0 0 12
41 0 0 9
41 0 0 12
41 0 0 10
41 0 0 9
41 0 0 13
41 0 0 14
41 0 0 20
41 0 0 17
41 0 0 13
41 0 0 13
41 0 0 9
41 0 0 13
41 0 0 12
41 0 0 12
41 0 0 15
41 0 0 14
41 0 0 15
41 0 0 14
41 0 0 15
41 0 0 14
41 0 0 13
41 0 0 10
41 0 0 17
41 0 0 15
41 0 0 13
41 0 0 16
41 0 0 13
41 0 0 15
41 0 0 13
41 0 0 13
41 0 0 16
41 0 0 10
41 0 0 18
41 0 0 10
41 0 0 21
41 0 0 10
41 0 0 10
41 0 0 10
41 0 0 10
41 0 0 10
41 0 0 20
41 0 0 18
41 0 0 19
41 0 0 15
41 0 0 22
41 0 0 18
41 0 0 15
41 0 0 16
41 0 0 14
41 0 0 14
41 0 0 12
41 0 0 15
41 0 0 14
42 0 0 10
42 0 0 10
42 0 0 11
42 0 0 9
42 0 0 28
42 0 0 10
42 0 0 10
42 0 0 13
42 0 0 10
42 0 0 13
42 0 0 12
42 0 0 12
42 0 0 9
42 0 0 11
42 0 0 12
42 0 0 13
42 0 0 10
42 0 0 10
42 0 0 11
42 0 0 10
42 0 0 37
42 0 0 14
42 0 0 28
42 0 0 28
42 0 0 10
42 0 0 13
42 0 0 9
42 0 0 14
42 0 0 9
42 0 0 12
42 0 0 11
42 0 0 17
42 0 0 11
42 0 0 14
42 0 0 16
42 0 0 10
42 0 0 9
42 0 0 9
42 0 0 9
42 0 0 9
42 0 0 27
42 0 0 27
42 0 0 39
42 0 0 12
42 0 0 9
42 0 0 10
42 0 0 9
42 0 0 9
42 0 0 10
42 0 0 12
42 0 0 11
42 0 0 13
42 0 0 13
42 0 0 9
42 0 0 10
42 0 0 10
42 0 0 9
42 0 0 9
42 0 0 10
42 0 0 18
42 0 0 15
42 0 0 14
42 0 0 13
42 0 0 13
42 0 0 14
42 0 0 14
42 0 0 13
42 0 0 10
42 0 0 9
42 0 0 9
42 0 0 16
42 0 0 17
42 0 0 18
42 0 0 16
42 0 0 16
42 0 0 16
42 0 0 9
42 0 0 9
42 0 0 13
42 0 0 9
42 0 0 11
42 0 0 16
42 0 0 29
42 0 0 9
42 0 0 9
42 0 0 10
42 0 0 10
42 0 0 9
42 0 0 9
42 0 0 11
42 0 0 11
42 0 0 28
42 0 0 16
42 0 0 23
42 0 0 12
42 0 0 9
42 0 0 9
42 0 0 9
42 0 0 12
42 0 0 9
43 0 0 11
43 0 0 10
43 0 0 15
43 0 0 11
43 0 0 13
43 0 0 11
43 0 0 15
43 0 0 13
43 0 0 10
43 0 0 14
43 0 0 11
43 0 0 12
43 0 0 9
43 0 0 10
43 0 0 19
43 0 0 37
43 0 0 18
43 0 0 17
43 0 0 17
43 0 0 10
43 0 0 10
43 0 0 12
43 0 0 12
43 0 0 15
43 0 0 11
43 0 0 14
43 0 0 14
43 0 0 14
43 0 0 13
43 0 0 11
43 0 0 10
43 0 0 10
43 0 0 10
43 0 0 8
43 0 0 9
43 0 0 9
43 0 0 9
43 0 0 10
43 0 0 19
43 0 0 16
43 0 0 23
43 0 0 9
43 0 0 9
43 0 0 9
43 0 0 10
43 0 0 9
43 0 0 10
43 0 0 16
43 0 0 21
43 0 0 21
43 0 0 14
43 0 0 22
43 0 0 11
43 0 0 9
43 0 0 14
43 0 0 11
43 0 0 13
43 0 0 19
43 0 0 13
43 0 0 12
43 0 0 11
43 0 0 9
43 0 0 63
43 0 0 10
43 0 0 11
43 0 0 9
43 0 0 9
43 0 0 9
43 0 0 9
43 0 0 10
43 0 0 11
43 0 0 11
43 0 0 10
43 0 0 14
43 0 0 13
43 0 0 11
43 0 0 13
43 0 0 17
43 0 0 12
43 0 0 12
43 0 0 22
43 0 0 15
43 0 0 13
43 0 0 9
43 0 0 18
43 0 0 13
43 0 0 18
43 0 0 9
43 0 0 9
43 0 0 10
43 0 0 9
43 0 0 38
43 0 0 11
43 0 0 10
43 0 0 11
43 0 0 10
43 0 0 10
43 0 0 10
43 0 0 10
43 0 0 10
44 0 0 20
44 0 0 15
44 0 0 10
44 0 0 9
44 0 0 9
44 0 0 16
44 0 0 11
44 0 0 10
44 0 0 10
44 0 0 10
44 0 0 15
44 0 0 10
44 0 0 10
44 0 0 9
44 0 0 16
44 0 0 11
44 0 0 11
44 0 0 10
44 0 0 9
44 0 0 10
44 0 0 11
44 0 0 13
44 0 0 10
44 0 0 33
44 0 0 10
44 0 0 11
44 0 0 11
44 0 0 10
44 0 0 16
44 0 0 11
44 0 0 10
44 0 0 9
44 0 0 10
44 0 0 9
44 0 0 17
44 0 0 10
44 0 0 14
44 0 0 11
44 0 0 12
44 0 0 10
44 0 0 11
44 0 0 10
44 0 0 9
44 0 0 10
44 0 0 14
44 0 0 10
44 0 0 9
44 0 0 9
44 0 0 9
44 0 0 9
44 0 0 13
44 0 0 10
44 0 0 24
44 0 0 18
44 0 0 15
44 0 0 9
44 0 0 13
44 0 0 14
44 0 0 16
44 0 0 17
44 0 0 14
44 0 0 11
44 0 0 10
44 0 0 10
44 0 0 10
44 0 0 10
44 0 0 9
44 0 0 9
44 0 0 9
44 0 0 15
44 0 0 10
44 0 0 10
44 0 0 10
44 0 0 10
44 0 0 10
44 0 0 9
44 0 0 13
44 0 0 10
44 0 0 10
44 0 0 18
44 0 0 11
44 0 0 11
44 0 0 14
44 0 0 14
44 0 0 20
44 0 0 14
44 0 0 14
44 0 0 10
44 0 0 9
44 0 0 15
44 0 0 13
44 0 0 15
44 0 0 12
44 0 0 15
44 0 0 12
44 0 0 11
44 0 0 22
44 0 0 11
44 0 0 9
44 0 0 10
45 0 0 11
45 0 0 9
45 0 0 14
45 0 0 10
45 0 0 10
45 0 0 9
45 0 0 9
45 0 0 9
45 0 0 9
45 0 0 9
45 0 0 13
45 0 0 10
45 0 0 10
45 0 0 10
45 0 0 9
45 0 0 9
45 0 0 10
45 0 0 9
45 0 0 19
45 0 0 15
45 0 0 11
45 0 0 14
45 0 0 20
45 0 0 15
45 0 0 14
45 0 0 10
45 0 0 11
45 0 0 11
45 0 0 16
45 0 0 11
45 0 0 11
45 0 0 10
45 0 0 9
45 0 0 10
45 0 0 10
45 0 0 10
45 0 0 10
45 0 0 10
45 0 0 23
45 0 0 11
45 0 0 10
45 0 0 11
45 0 0 9
45 0 0 28
45 0 0 10
45 0 0 20
45 0 0 10
45 0 0 13
45 0 0 9
45 0 0 12
45 0 0 11
45 0 0 13
45 0 0 13
45 0 0 11
45 0 0 28
45 0 0 13
45 0 0 17
45 0 0 9
45 0 0 18
45 0 0 12
45 0 0 11
45 0 0 13
45 0 0 9
45 0 0 14
45 0 0 12
45 0 0 11
45 0 0 10
45 0 0 10
45 0 0 10
45 0 0 9
45 0 0 11
45 0 0 9
45 0 0 13
45 0 0 14
45 0 0 9
45 0 0 10
45 0 0 9
45 0 0 10
45 0 0 9
45 0 0 9
45 0 0 10
45 0 0 41
45 0 0 10
45 0 0 10
45 0 0 10
45 0 0 11
45 0 0 10
45 0 0 10
45 0 0 10
45 0 0 10
45 0 0 11
45 0 0 10
45 0 0 11
45 0 0 14
45 0 0 10
45 0 0 10
45 0 0 9
45 0 0 9
45 0 0 9
45 0 0 9
46 0 0 12
46 0 0 9
46 0 0 10
46 0 0 14
46 0 0 13
46 0 0 10
46 0 0 10
46 0 0 9
46 0 0 9
46 0 0 9
46 0 0 11
46 0 0 14
46 0 0 19
46 0 0 9
46 0 0 19
46 0 0 13
46 0 0 18
46 0 0 9
46 0 0 9
46 0 0 9
46 0 0 11
46 0 0 11
46 0 0 10
46 0 0 10
46 0 0 12
46 0 0 9
46 0 0 11
46 0 0 12
46 0 0 12
46 0 0 11
46 0 0 10
46 0 0 10
46 0 0 11
46 0 0 9
46 0 0 10
46 0 0 10
46 0 0 9
46 0 0 10
46 0 0 10
46 0 0 10
46 0 0 11
46 0 0 10
46 0 0 29
46 0 0 11
46 0 0 9
46 0 0 9
46 0 0 10
46 0 0 10
46 0 0 9
46 0 0 10
46 0 0 10
46 0 0 10
46 0 0 9
46 0 0 11
46 0 0 9
46 0 0 11
46 0 0 10
46 0 0 12
46 0 0 10
46 0 0 10
46 0 0 11
46 0 0 10
46 0 0 10
46 0 0 10
46 0 0 10
46 0 0 10
46 0 0 12
46 0 0 10
46 0 0 14
46 0 0 10
46 0 0 10
46 0 0 39
46 0 0 48
46 0 0 10
46 0 0 9
46 0 0 10
46 0 0 9
46 0 0 12
46 0 0 22
46 0 0 10
46 0 0 11
46 0 0 9
46 0 0 12
46 0 0 11
46 0 0 17
46 0 0 15
46 0 0 10
46 0 0 10
46 0 0 10
46 0 0 10
46 0 0 12
46 0 0 17
46 0 0 13
46 0 0 13
46 0 0 10
46 0 0 12
46 0 0 23
46 0 0 23
46 0 0 10
46 0 0 10
47 0 0 10
47 0 0 10
47 0 0 24
47 0 0 9
47 0 0 9
47 0 0 23
47 0 0 13
47 0 0 12
47 0 0 12
47 0 0 12
47 0 0 10
47 0 0 10
47 0 0 9
47 0 0 9
47 0 0 13
47 0 0 11
47 0 0 10
47 0 0 14
47 0 0 12
47 0 0 13
47 0 0 11
47 0 0 9
47 0 0 29
47 0 0 11
47 0 0 16
47 0 0 9
47 0 0 16
47 0 0 9
47 0 0 16
47 0 0 10
47 0 0 11
47 0 0 13
47 0 0 13
47 0 0 11
47 0 0 13
47 0 0 9
47 0 0 10
47 0 0 9
47 0 0 9
47 0 0 9
47 0 0 14
47 0 0 11
47 0 0 15
47 0 0 15
47 0 0 11
47 0 0 11
47 0 0 10
47 0 0 10
47 0 0 10
47 0 0 10
47 0 0 15
47 0 0 10
47 0 0 37
47 0 0 10
47 0 0 10
47 0 0 10
47 0 0 10
47 0 0 9
47 0 0 10
47 0 0 10
47 0 0 10
47 0 0 9
47 0 0 10
47 0 0 14
47 0 0 13
47 0 0 14
47 0 0 14
47 0 0 14
47 0 0 15
47 0 0 14
47 0 0 15
47 0 0 13
47 0 0 15
47 0 0 15
47 0 0 15
47 0 0 15
47 0 0 17
47 0 0 10
47 0 0 10
47 0 0 10
47 0 0 11
47 0 0 11
47 0 0 11
47 0 0 10
47 0 0 13
47 0 0 10
47 0 0 12
47 0 0 10
47 0 0 14
47 0 0 9
47 0 0 11
47 0 0 12
47 0 0 11
47 0 0 10
47 0 0 13
47 0 0 10
47 0 0 11
47 0 0 9
47 0 0 9
47 0 0 9
48 0 0 11
48 0 0 10
48 0 0 14
48 0 0 11
48 0 0 11
48 0 0 11
48 0 0 11
48 0 0 11
48 0 0 11
48 0 0 11
48 0 0 16
48 0 0 11
48 0 0 16
48 0 0 30
48 0 0 12
48 0 0 9
48 0 0 10
48 0 0 9
48 0 0 9
48 0 0 12
48 0 0 13
48 0 0 14
48 0 0 9
48 0 0 10
48 0 0 9
48 0 0 10
48 0 0 9
48 0 0 10
48 0 0 10
48 0 0 10
48 0 0 22
48 0 0 10
48 0 0 9
48 0 0 9
48 0 0 13
48 0 0 10
48 0 0 12
48 0 0 13
48 0 0 13
48 0 0 13
48 0 0 11
48 0 0 10
48 0 0 11
48 0 0 10
48 0 0 11
48 0 0 11
48 0 0 10
48 0 0 10
48 0 0 11
48 0 0 21
48 0 0 15
48 0 0 15
48 0 0 12
48 0 0 10
48 0 0 10
48 0 0 10
48 0 0 10
48 0 0 9
48 0 0 15
48 0 0 12
48 0 0 30
48 0 0 14
48 0 0 10
48 0 0 12
48 0 0 10
48 0 0 13
48 0 0 11
48 0 0 13
48 0 0 26
48 0 0 11
48 0 0 11
48 0 0 31
48 0 0 10
48 0 0 10
48 0 0 9
48 0 0 9
48 0 0 9
48 0 0 11
48 0 0 9
48 0 0 15
48 0 0 13
48 0 0 39
48 0 0 15
48 0 0 9
48 0 0 14
48 0 0 10
48 0 0 9
48 0 0 9
48 0 0 10
48 0 0 10
48 0 0 15
48 0 0 10
48 0 0 10
48 0 0 11
48 0 0 11
48 0 0 10
48 0 0 10
48 0 0 10
48 0 0 10
48 0 0 11
49 0 0 28
49 0 0 14
49 0 0 10
49 0 0 28
49 0 0 25
49 0 0 10
49 0 0 9
49 0 0 9
49 0 0 9
49 0 0 14
49 0 0 15
49 0 0 14
49 0 0 14
49 0 0 15
49 0 0 14
49 0 0 14
49 0 0 14
49 0 0 16
49 0 0 17
49 0 0 12
49 0 0 10
49 0 0 13
49 0 0 10
49 0 0 10
49 0 0 13
49 0 0 12
49 0 0 11
49 0 0 41
49 0 0 11
49 0 0 9
49 0 0 11
49 0 0 10
49 0 0 9
49 0 0 9
49 0 0 10
49 0 0 9
49 0 0 10
49 0 0 12
49 0 0 18
49 0 0 10
49 0 0 14
49 0 0 11
49 0 0 14
49 0 0 11
49 0 0 12
49 0 0 9
49 0 0 10
49 0 0 10
49 0 0 10
49 0 0 14
49 0 0 30
49 0 0 10
49 0 0 10
49 0 0 10
49 0 0 9
49 0 0 9
49 0 0 9
49 0 0 12
49 0 0 10
49 0 0 16
49 0 0 17
49 0 0 9
49 0 0 13
49 0 0 9
49 0 0 14
49 0 0 11
49 0 0 10
49 0 0 10
49 0 0 10
49 0 0 15
49 0 0 30
49 0 0 9
49 0 0 14
49 0 0 17
49 0 0 10
49 0 0 16
49 0 0 10
49 0 0 15
49 0 0 9
49 0 0 10
49 0 0 11
49 0 0 10
49 0 0 14
49 0 0 11
49 0 0 11
49 0 0 11
49 0 0 11
49 0 0 11
49 0 0 10
49 0 0 10
49 0 0 11
49 0 0 9
49 0 0 11
49 0 0 11
49 0 0 10
49 0 0 11
49 0 0 11
49 0 0 13
49 0 0 10
49 0 0 13
50 0 0 11
50 0 0 15
50 0 0 11
50 0 0 11
50 0 0 16
50 0 0 12
50 0 0 15
50 0 0 17
50 0 0 13
50 0 0 14
50 0 0 11
50 0 0 9
50 0 0 10
50 0 0 29
50 0 0 19
50 0 0 27
50 0 0 12
50 0 0 19
50 0 0 19
50 0 0 10
50 0 0 16
50 0 0 10
50 0 0 9
50 0 0 10
50 0 0 9
50 0 0 12
50 0 0 14
50 0 0 10
50 0 0 10
50 0 0 10
50 0 0 17
50 0 0 16
50 0 0 10
50 0 0 11
50 0 0 10
50 0 0 11
50 0 0 9
50 0 0 10
50 0 0 10
50 0 0 10
50 0 0 12
50 0 0 40
50 0 0 14
50 0 0 14
50 0 0 14
50 0 0 15
50 0 0 31
50 0 0 11
50 0 0 10
50 0 0 11
50 0 0 10
50 0 0 9
50 0 0 9
50 0 0 11
50 0 0 10
50 0 0 15
50 0 0 10
50 0 0 10
50 0 0 23
50 0 0 9
50 0 0 14
50 0 0 11
50 0 0 10
50 0 0 14
50 0 0 10
50 0 0 11
50 0 0 18
50 0 0 10
50 0 0 10
50 0 0 9
50 0 0 11
50 0 0 10
50 0 0 10
50 0 0 10
50 0 0 10
50 0 0 11
50 0 0 11
50 0 0 10
50 0 0 17
50 0 0 10
50 0 0 11
50 0 0 11
50 0 0 10
50 0 0 9
50 0 0 9
50 0 0 10
50 0 0 10
50 0 0 9
50 0 0 14
50 0 0 23
50 0 0 16
50 0 0 11
50 0 0 10
50 0 0 9
50 0 0 12
50 0 0 11
50 0 0 12
50 0 0 12
50 0 0 10
50 0 0 10
51 0 0 11
51 0 0 16
51 0 0 15
51 0 0 14
51 0 0 14
51 0 0 14
51 0 0 15
51 0 0 15
51 0 0 14
51 0 0 14
51 0 0 14
51 0 0 10
51 0 0 13
51 0 0 10
51 0 0 12
51 0 0 10
51 0 0 10
51 0 0 10
51 0 0 10
51 0 0 9
51 0 0 11
51 0 0 15
51 0 0 11
51 0 0 10
51 0 0 10
51 0 0 10
51 0 0 10
51 0 0 10
51 0 0 31
51 0 0 24
51 0 0 11
51 0 0 14
51 0 0 15
51 0 0 11
51 0 0 10
51 0 0 12
51 0 0 10
51 0 0 11
51 0 0 11
51 0 0 10
51 0 0 14
51 0 0 15
51 0 0 11
51 0 0 14
51 0 0 10
51 0 0 10
51 0 0 9
51 0 0 11
51 0 0 9
51 0 0 16
51 0 0 15
51 0 0 10
51 0 0 9
51 0 0 9
51 0 0 10
51 0 0 9
51 0 0 14
51 0 0 10
51 0 0 10
51 0 0 15
51 0 0 11
51 0 0 15
51 0 0 14
51 0 0 13
51 0 0 10
51 0 0 13
51 0 0 9
51 0 0 13
51 0 0 10
51 0 0 12
51 0 0 15
51 0 0 13
51 0 0 16
51 0 0 19
51 0 0 14
51 0 0 18
51 0 0 17
51 0 0 12
51 0 0 10
51 0 0 18
51 0 0 14
51 0 0 11
51 0 0 10
51 0 0 15
51 0 0 15
51 0 0 13
51 0 0 15
51 0 0 11
51 0 0 13
51 0 0 11
51 0 0 14
51 0 0 14
51 0 0 10
51 0 0 19
51 0 0 20
51 0 0 14
51 0 0 15
51 0 0 10
51 0 0 15
51 0 0 13
52 0 0 11
52 0 0 10
52 0 0 9
52 0 0 9
52 0 0 10
52 0 0 9
52 0 0 10
52 0 0 34
52 0 0 17
52 0 0 11
52 0 0 11
52 0 0 23
52 0 0 10
52 0 0 9
52 0 0 9
52 0 0 9
52 0 0 10
52 0 0 10
52 0 0 10
52 0 0 10
52 0 0 11
52 0 0 31
52 0 0 11
52 0 0 13
52 0 0 10
52 0 0 10
52 0 0 9
52 0 0 10
52 0 0 10
52 0 0 13
52 0 0 11
52 0 0 14
52 0 0 10
52 0 0 10
52 0 0 10
52 0 0 10
52 0 0 10
52 0 0 9
52 0 0 11
52 0 0 10
52 0 0 17
52 0 0 11
52 0 0 10
52 0 0 9
52 0 0 11
52 0 0 11
52 0 0 14
52 0 0 10
52 0 0 10
52 0 0 10
52 0 0 10
52 0 0 12
52 0 0 10
52 0 0 12
52 0 0 33
52 0 0 23
52 0 0 30
52 0 0 10
52 0 0 9
52 0 0 12
52 0 0 11
52 0 0 15
52 0 0 14
52 0 0 16
52 0 0 9
52 0 0 13
52 0 0 10
52 0 0 10
52 0 0 27
52 0 0 10
52 0 0 10
52 0 0 15
52 0 0 12
52 0 0 12
52 0 0 16
52 0 0 13
52 0 0 16
52 0 0 13
52 0 0 10
52 0 0 9
52 0 0 11
52 0 0 20
52 0 0 10
52 0 0 13
52 0 0 10
52 0 0 13
52 0 0 13
52 0 0 12
52 0 0 10
52 0 0 14
52 0 0 10
52 0 0 11
52 0 0 13
52 0 0 10
52 0 0 10
52 0 0 10
52 0 0 11
52 0 0 10
52 0 0 11
52 0 0 11
53 0 0 11
53 0 0 14
53 0 0 10
53 0 0 10
53 0 0 9
53 0 0 10
53 0 0 14
53 0 0 11
53 0 0 10
53 0 0 11
53 0 0 11
53 0 0 11
53 0 0 11
53 0 0 14
53 0 0 9
53 0 0 13
53 0 0 10
53 0 0 14
53 0 0 10
53 0 0 15
53 0 0 11
53 0 0 10
53 0 0 13
53 0 0 13
53 0 0 14
53 0 0 13
53 0 0 13
53 0 0 10
53 0 0 14
53 0 0 11
53 0 0 11
53 0 0 41
53 0 0 11
53 0 0 19
53 0 0 14
53 0 0 9
53 0 0 14
53 0 0 11
53 0 0 13
53 0 0 10
53 0 0 11
53 0 0 16
53 0 0 23
53 0 0 21
53 0 0 16
53 0 0 10
53 0 0 14
53 0 0 10
53 0 0 13
53 0 0 9
53 0 0 10
53 0 0 41
53 0 0 11
53 0 0 29
53 0 0 10
53 0 0 10
53 0 0 10
53 0 0 9
53 0 0 10
53 0 0 23
53 0 0 17
53 0 0 16
53 0 0 10
53 0 0 10
53 0 0 12
53 0 0 17
53 0 0 11
53 0 0 15
53 0 0 11
53 0 0 14
53 0 0 11
53 0 0 13
53 0 0 41
53 0 0 11
53 0 0 20
53 0 0 11
53 0 0 15
53 0 0 10
53 0 0 9
53 0 0 14
53 0 0 11
53 0 0 10
53 0 0 11
53 0 0 20
53 0 0 10
53 0 0 19
53 0 0 10
53 0 0 10
53 0 0 11
53 0 0 10
53 0 0 10
53 0 0 10
53 0 0 23
53 0 0 11
53 0 0 10
53 0 0 10
53 0 0 10
53 0 0 10
53 0 0 10
53 0 0 9
54 0 0 11
54 0 0 11
54 0 0 15
54 0 0 15
54 0 0 11
54 0 0 12
54 0 0 10
54 0 0 11
54 0 0 10
54 0 0 10
54 0 0 11
54 0 0 11
54 0 0 10
54 0 0 14
54 0 0 17
54 0 0 13
54 0 0 16
54 0 0 13
54 0 0 16
54 0 0 10
54 0 0 11
54 0 0 11
54 0 0 10
54 0 0 9
54 0 0 14
54 0 0 11
54 0 0 10
54 0 0 11
54 0 0 10
54 0 0 10
54 0 0 11
54 0 0 10
54 0 0 10
54 0 0 11
54 0 0 11
54 0 0 10
54 0 0 9
54 0 0 10
54 0 0 10
54 0 0 10
54 0 0 17
54 0 0 10
54 0 0 11
54 0 0 13
54 0 0 10
54 0 0 13
54 0 0 17
54 0 0 22
54 0 0 13
54 0 0 11
54 0 0 10
54 0 0 10
54 0 0 14
54 0 0 31
54 0 0 11
54 0 0 11
54 0 0 11
54 0 0 10
54 0 0 11
54 0 0 10
54 0 0 11
54 0 0 10
54 0 0 11
54 0 0 10
54 0 0 10
54 0 0 15
54 0 0 18
54 0 0 15
54 0 0 19
54 0 0 9
54 0 0 11
54 0 0 10
54 0 0 10
54 0 0 13
54 0 0 13
54 0 0 11
54 0 0 12
54 0 0 10
54 0 0 9
54 0 0 9
54 0 0 11
54 0 0 9
54 0 0 10
54 0 0 9
54 0 0 26
54 0 0 11
54 0 0 10
54 0 0 10
54 0 0 10
54 0 0 10
54 0 0 11
54 0 0 16
54 0 0 30
54 0 0 14
54 0 0 14
54 0 0 10
54 0 0 13
54 0 0 13
54 0 0 13
54 0 0 14
55 0 0 11
55 0 0 13
55 0 0 10
55 0 0 11
55 0 0 10
55 0 0 14
55 0 0 10
55 0 0 14
55 0 0 10
55 0 0 13
55 0 0 12
55 0 0 13
55 0 0 14
55 0 0 16
55 0 0 21
55 0 0 21
55 0 0 16
55 0 0 16
55 0 0 11
55 0 0 11
55 0 0 29
55 0 0 16
55 0 0 14
55 0 0 10
55 0 0 20
55 0 0 10
55 0 0 10
55 0 0 10
55 0 0 10
55 0 0 10
55 0 0 13
55 0 0 10
55 0 0 10
55 0 0 9
55 0 0 9
55 0 0 9
55 0 0 10
55 0 0 10
55 0 0 9
55 0 0 10
55 0 0 10
55 0 0 11
55 0 0 10
55 0 0 14
55 0 0 9
55 0 0 14
55 0 0 13
55 0 0 10
55 0 0 14
55 0 0 10
55 0 0 10
55 0 0 10
55 0 0 14
55 0 0 14
55 0 0 10
55 0 0 12
55 0 0 9
55 0 0 13
55 0 0 10
55 0 0 9
55 0 0 10
55 0 0 41
55 0 0 11
55 0 0 10
55 0 0 9
55 0 0 11
55 0 0 9
55 0 0 10
55 0 0 10
55 0 0 10
55 0 0 11
55 0 0 11
55 0 0 12
55 0 0 9
55 0 0 10
55 0 0 10
55 0 0 25
55 0 0 10
55 0 0 9
55 0 0 9
55 0 0 12
55 0 0 15
55 0 0 10
55 0 0 19
55 0 0 9
55 0 0 15
55 0 0 10
55 0 0 18
55 0 0 10
55 0 0 11
55 0 0 12
55 0 0 10
55 0 0 13
55 0 0 10
55 0 0 13
55 0 0 10
55 0 0 13
55 0 0 10
55 0 0 13
55 0 0 20
56 0 0 16
56 0 0 20
56 0 0 15
56 0 0 20
56 0 0 15
56 0 0 9
56 0 0 13
56 0 0 10
56 0 0 10
56 0 0 12
56 0 0 31
56 0 0 9
56 0 0 10
56 0 0 17
56 0 0 10
56 0 0 16
56 0 0 10
56 0 0 9
56 0 0 24
56 0 0 12
56 0 0 11
56 0 0 11
56 0 0 10
56 0 0 10
56 0 0 11
56 0 0 13
56 0 0 11
56 0 0 11
56 0 0 11
56 0 0 24
56 0 0 15
56 0 0 16
56 0 0 34
56 0 0 10
56 0 0 11
56 0 0 9
56 0 0 14
56 0 0 13
56 0 0 9
56 0 0 14
56 0 0 12
56 0 0 10
56 0 0 41
56 0 0 11
56 0 0 10
56 0 0 12
56 0 0 12
56 0 0 11
56 0 0 17
56 0 0 11
56 0 0 11
56 0 0 10
56 0 0 30
56 0 0 16
56 0 0 29
56 0 0 10
56 0 0 10
56 0 0 9
56 0 0 10
56 0 0 9
56 0 0 11
56 0 0 10
56 0 0 15
56 0 0 12
56 0 0 11
56 0 0 10
56 0 0 12
56 0 0 10
56 0 0 12
56 0 0 12
56 0 0 11
56 0 0 10
56 0 0 10
56 0 0 13
56 0 0 11
56 0 0 11
56 0 0 11
56 0 0 12
56 0 0 10
56 0 0 10
56 0 0 11
56 0 0 10
56 0 0 10
56 0 0 10
56 0 0 14
56 0 0 10
56 0 0 12
56 0 0 12
56 0 0 11
56 0 0 13
56 0 0 10
56 0 0 10
56 0 0 12
56 0 0 11
56 0 0 11
56 0 0 10
56 0 0 10
56 0 0 10
56 0 0 17
56 0 0 14
57 0 0 11
57 0 0 9
57 0 0 10
57 0 0 11
57 0 0 12
57 0 0 11
57 0 0 11
57 0 0 10
57 0 0 9
57 0 0 10
57 0 0 16
57 0 0 16
57 0 0 11
57 0 0 10
57 0 0 10
57 0 0 10
57 0 0 10
57 0 0 9
57 0 0 10
57 0 0 10
57 0 0 15
57 0 0 10
57 0 0 11
57 0 0 9
57 0 0 11
57 0 0 10
57 0 0 9
57 0 0 25
57 0 0 11
57 0 0 11
57 0 0 11
57 0 0 10
57 0 0 10
57 0 0 11
57 0 0 11
57 0 0 10
57 0 0 10
57 0 0 10
57 0 0 10
57 0 0 15
57 0 0 11
57 0 0 10
57 0 0 16
57 0 0 10
57 0 0 17
57 0 0 10
57 0 0 10
57 0 0 10
57 0 0 13
57 0 0 15
57 0 0 41
57 0 0 10
57 0 0 11
57 0 0 11
57 0 0 10
57 0 0 9
57 0 0 10
57 0 0 9
57 0 0 9
57 0 0 10
57 0 0 10
57 0 0 15
57 0 0 15
57 0 0 15
57 0 0 17
57 0 0 16
57 0 0 20
57 0 0 10
57 0 0 9
57 0 0 10
57 0 0 16
57 0 0 15
57 0 0 11
57 0 0 10
57 0 0 10
57 0 0 9
57 0 0 14
57 0 0 16
57 0 0 10
57 0 0 10
57 0 0 11
57 0 0 10
57 0 0 10
57 0 0 10
57 0 0 10
57 0 0 10
57 0 0 15
57 0 0 17
57 0 0 10
57 0 0 17
57 0 0 11
57 0 0 10
57 0 0 9
57 0 0 10
57 0 0 10
57 0 0 19
57 0 0 14
57 0 0 11
57 0 0 13
57 0 0 9
58 0 0 11
58 0 0 10
58 0 0 13
58 0 0 10
58 0 0 20
58 0 0 10
58 0 0 11
58 0 0 20
58 0 0 10
58 0 0 10
58 0 0 21
58 0 0 10
58 0 0 11
58 0 0 10
58 0 0 11
58 0 0 10
58 0 0 10
58 0 0 11
58 0 0 10
58 0 0 13
58 0 0 11
58 0 0 10
58 0 0 10
58 0 0 10
58 0 0 15
58 0 0 11
58 0 0 22
58 0 0 10
58 0 0 15
58 0 0 10
58 0 0 15
58 0 0 15
58 0 0 14
58 0 0 15
58 0 0 14
58 0 0 11
58 0 0 10
58 0 0 9
58 0 0 10
58 0 0 9
58 0 0 11
58 0 0 9
58 0 0 10
58 0 0 10
58 0 0 21
58 0 0 11
58 0 0 18
58 0 0 11
58 0 0 10
58 0 0 10
58 0 0 11
58 0 0 10
58 0 0 9
58 0 0 10
58 0 0 10
58 0 0 16
58 0 0 10
58 0 0 11
58 0 0 11
58 0 0 10
58 0 0 10
58 0 0 15
58 0 0 15
58 0 0 14
58 0 0 11
58 0 0 15
58 0 0 10
58 0 0 15
58 0 0 15
58 0 0 15
58 0 0 12
58 0 0 10
58 0 0 10
58 0 0 10
58 0 0 10
58 0 0 10
58 0 0 21
58 0 0 10
58 0 0 16
58 0 0 17
58 0 0 18
58 0 0 29
58 0 0 11
58 0 0 11
58 0 0 10
58 0 0 11
58 0 0 15
58 0 0 11
58 0 0 10
58 0 0 11
58 0 0 20
58 0 0 10
58 0 0 9
58 0 0 9
58 0 0 10
58 0 0 9
58 0 0 10
58 0 0 10
58 0 0 12
58 0 0 14
59 0 0 17
59 0 0 16
59 0 0 17
59 0 0 15
59 0 0 15
59 0 0 16
59 0 0 14
59 0 0 12
59 0 0 11
59 0 0 11
59 0 0 15
59 0 0 16
59 0 0 11
59 0 0 30
59 0 0 31
59 0 0 20
59 0 0 10
59 0 0 10
59 0 0 10
59 0 0 10
59 0 0 17
59 0 0 14
59 0 0 11
59 0 0 12
59 0 0 14
59 0 0 14
59 0 0 13
59 0 0 15
59 0 0 16
59 0 0 15
59 0 0 15
59 0 0 15
59 0 0 16
59 0 0 16
59 0 0 15
59 0 0 22
59 0 0 15
59 0 0 16
59 0 0 15
59 0 0 16
59 0 0 10
59 0 0 10
59 0 0 10
59 0 0 10
59 0 0 18
59 0 0 20
59 0 0 10
59 0 0 10
59 0 0 10
59 0 0 10
59 0 0 11
59 0 0 10
59 0 0 29
59 0 0 10
59 0 0 29
59 0 0 19
59 0 0 12
59 0 0 12
59 0 0 12
59 0 0 11
59 0 0 11
59 0 0 10
59 0 0 9
59 0 0 9
59 0 0 15
59 0 0 14
59 0 0 13
59 0 0 14
59 0 0 13
59 0 0 11
59 0 0 11
59 0 0 12
59 0 0 11
59 0 0 11
59 0 0 11
59 0 0 11
59 0 0 10
59 0 0 11
59 0 0 10
59 0 0 9
59 0 0 11
59 0 0 10
59 0 0 11
59 0 0 11
59 0 0 10
59 0 0 10
59 0 0 10
59 0 0 10
59 0 0 10
59 0 0 10
59 0 0 16
59 0 0 14
59 0 0 16
59 0 0 10
59 0 0 11
59 0 0 10
59 0 0 12
59 0 0 25
59 0 0 22
59 0 0 23
60 0 0 16
60 0 0 14
60 0 0 17
60 0 0 15
60 0 0 16
60 0 0 12
60 0 0 10
60 0 0 10
60 0 0 10
60 0 0 10
60 0 0 11
60 0 0 10
60 0 0 14
60 0 0 42
60 0 0 11
60 0 0 13
60 0 0 10
60 0 0 10
60 0 0 14
60 0 0 9
60 0 0 11
60 0 0 11
60 0 0 11
60 0 0 42
60 0 0 11
60 0 0 20
60 0 0 11
60 0 0 11
60 0 0 11
60 0 0 11
60 0 0 15
60 0 0 17
60 0 0 12
60 0 0 12
60 0 0 11
60 0 0 11
60 0 0 12
60 0 0 21
60 0 0 11
60 0 0 12
60 0 0 11
60 0 0 10
60 0 0 10
60 0 0 10
60 0 0 9
60 0 0 10
60 0 0 11
60 0 0 18
60 0 0 17
60 0 0 18
60 0 0 11
60 0 0 10
60 0 0 10
60 0 0 9
60 0 0 10
60 0 0 10
60 0 0 15
60 0 0 11
60 0 0 11
60 0 0 15
60 0 0 16
60 0 0 15
60 0 0 14
60 0 0 17
60 0 0 11
60 0 0 11
60 0 0 11
60 0 0 11
60 0 0 11
60 0 0 11
60 0 0 19
60 0 0 10
60 0 0 17
60 0 0 10
60 0 0 10
60 0 0 22
60 0 0 11
60 0 0 14
60 0 0 16
60 0 0 15
60 0 0 12
60 0 0 11
60 0 0 10
60 0 0 10
60 0 0 10
60 0 0 11
60 0 0 10
60 0 0 10
60 0 0 11
60 0 0 10
60 0 0 16
60 0 0 16
60 0 0 17
60 0 0 16
60 0 0 15
60 0 0 16
60 0 0 37
60 0 0 15
60 0 0 15
60 0 0 16
61 0 0 17
61 0 0 17
61 0 0 16
61 0 0 20
61 0 0 17
61 0 0 15
61 0 0 17
61 0 0 15
61 0 0 11
61 0 0 11
61 0 0 11
61 0 0 15
61 0 0 14
61 0 0 12
61 0 0 16
61 0 0 21
61 0 0 19
61 0 0 20
61 0 0 19
61 0 0 10
61 0 0 11
61 0 0 10
61 0 0 11
61 0 0 12
61 0 0 11
61 0 0 12
61 0 0 15
61 0 0 11
61 0 0 17
61 0 0 15
61 0 0 17
61 0 0 17
61 0 0 13
61 0 0 11
61 0 0 10
61 0 0 13
61 0 0 10
61 0 0 9
61 0 0 9
61 0 0 20
61 0 0 11
61 0 0 20
61 0 0 16
61 0 0 27
61 0 0 16
61 0 0 17
61 0 0 17
61 0 0 17
61 0 0 15
61 0 0 16
61 0 0 17
61 0 0 17
61 0 0 16
61 0 0 16
61 0 0 16
61 0 0 17
61 0 0 12
61 0 0 12
61 0 0 11
61 0 0 10
61 0 0 11
61 0 0 11
61 0 0 11
61 0 0 11
61 0 0 10
61 0 0 11
61 0 0 11
61 0 0 9
61 0 0 15
61 0 0 16
61 0 0 14
61 0 0 16
61 0 0 18
61 0 0 16
61 0 0 17
61 0 0 16
61 0 0 16
61 0 0 15
61 0 0 14
61 0 0 16
61 0 0 15
61 0 0 16
61 0 0 15
61 0 0 13
61 0 0 12
61 0 0 11
61 0 0 11
61 0 0 12
61 0 0 11
61 0 0 11
61 0 0 17
61 0 0 18
61 0 0 17
61 0 0 15
61 0 0 15
61 0 0 16
61 0 0 12
61 0 0 11
61 0 0 11
61 0 0 11
62 0 0 11
62 0 0 12
62 0 0 11
62 0 0 11
62 0 0 15
62 0 0 15
62 0 0 17
62 0 0 15
62 0 0 17
62 0 0 17
62 0 0 16
62 0 0 15
62 0 0 18
62 0 0 18
62 0 0 11
62 0 0 15
62 0 0 15
62 0 0 15
62 0 0 16
62 0 0 15
62 0 0 15
62 0 0 16
62 0 0 15
62 0 0 15
62 0 0 16
62 0 0 17
62 0 0 15
62 0 0 11
62 0 0 15
62 0 0 12
62 0 0 18
62 0 0 15
62 0 0 16
62 0 0 14
62 0 0 17
62 0 0 15
62 0 0 15
62 0 0 16
62 0 0 28
62 0 0 11
62 0 0 32
62 0 0 11
62 0 0 16
62 0 0 16
62 0 0 15
62 0 0 18
62 0 0 16
62 0 0 15
62 0 0 15
62 0 0 16
62 0 0 11
62 0 0 11
62 0 0 10
62 0 0 11
62 0 0 11
62 0 0 16
62 0 0 21
62 0 0 17
62 0 0 16
62 0 0 14
62 0 0 18
62 0 0 11
62 0 0 10
62 0 0 11
62 0 0 10
62 0 0 10
62 0 0 10
62 0 0 10
62 0 0 10
62 0 0 11
62 0 0 30
62 0 0 11
62 0 0 10
62 0 0 11
62 0 0 10
62 0 0 10
62 0 0 10
62 0 0 17
62 0 0 14
62 0 0 15
62 0 0 11
62 0 0 14
62 0 0 16
62 0 0 19
62 0 0 11
62 0 0 16
62 0 0 11
62 0 0 15
62 0 0 15
62 0 0 11
62 0 0 18
62 0 0 19
62 0 0 17
62 0 0 15
62 0 0 14
62 0 0 14
62 0 0 15
62 0 0 14
62 0 0 15
62 0 0 16
63 0 0 16
63 0 0 10
63 0 0 12
63 0 0 15
63 0 0 19
63 0 0 15
63 0 0 16
63 0 0 11
63 0 0 12
63 0 0 12
63 0 0 14
63 0 0 16
63 0 0 15
63 0 0 11
63 0 0 13
63 0 0 11
63 0 0 12
63 0 0 9
63 0 0 10
63 0 0 11
63 0 0 19
63 0 0 11
63 0 0 17
63 0 0 10
63 0 0 17
63 0 0 10
63 0 0 10
63 0 0 11
63 0 0 10
63 0 0 9
63 0 0 11
63 0 0 11
63 0 0 10
63 0 0 11
63 0 0 10
63 0 0 9
63 0 0 9
63 0 0 11
63 0 0 11
63 0 0 10
63 0 0 16
63 0 0 11
63 0 0 10
63 0 0 10
63 0 0 11
63 0 0 10
63 0 0 9
63 0 0 10
63 0 0 9
63 0 0 25
63 0 0 11
63 0 0 11
63 0 0 14
63 0 0 19
63 0 0 12
63 0 0 13
63 0 0 12
63 0 0 12
63 0 0 22
63 0 0 11
63 0 0 16
63 0 0 11
63 0 0 10
63 0 0 10
63 0 0 13
63 0 0 16
63 0 0 16
63 0 0 16
63 0 0 11
63 0 0 12
63 0 0 12
63 0 0 17
63 0 0 10
63 0 0 17
63 0 0 10
63 0 0 10
63 0 0 10
63 0 0 12
63 0 0 15
63 0 0 10
63 0 0 15
63 0 0 18
63 0 0 11
63 0 0 11
63 0 0 14
63 0 0 14
63 0 0 14
63 0 0 14
63 0 0 15
63 0 0 14
63 0 0 11
63 0 0 10
63 0 0 10
63 0 0 10
63 0 0 11
63 0 0 17
63 0 0 11
63 0 0 35
63 0 0 11
63 0 0 17
64 0 0 11
64 0 0 11
64 0 0 11
64 0 0 10
64 0 0 12
64 0 0 14
64 0 0 12
64 0 0 11
64 0 0 10
64 0 0 10
64 0 0 12
64 0 0 12
64 0 0 10
64 0 0 10
64 0 0 18
64 0 0 12
64 0 0 10
64 0 0 14
64 0 0 10
64 0 0 13
64 0 0 12
64 0 0 10
64 0 0 10
64 0 0 32
64 0 0 12
64 0 0 14
64 0 0 14
64 0 0 14
64 0 0 14
64 0 0 10
64 0 0 11
64 0 0 10
64 0 0 10
64 0 0 15
64 0 0 12
64 0 0 21
64 0 0 13
64 0 0 19
64 0 0 15
64 0 0 15
64 0 0 11
64 0 0 10
64 0 0 14
64 0 0 12
64 0 0 12
64 0 0 10
64 0 0 12
64 0 0 11
64 0 0 12
64 0 0 10
64 0 0 11
64 0 0 10
64 0 0 10
64 0 0 11
64 0 0 15
64 0 0 16
64 0 0 11
64 0 0 11
64 0 0 11
64 0 0 10
64 0 0 15
64 0 0 16
64 0 0 12
64 0 0 14
64 0 0 11
64 0 0 10
64 0 0 10
64 0 0 14
64 0 0 11
64 0 0 14
64 0 0 11
64 0 0 14
64 0 0 11
64 0 0 11
64 0 0 15
64 0 0 14
64 0 0 10
64 0 0 15
64 0 0 10
64 0 0 13
64 0 0 11
64 0 0 10
64 0 0 14
64 0 0 15
64 0 0 15
64 0 0 10
64 0 0 13
64 0 0 14
64 0 0 13
64 0 0 13
64 0 0 15
64 0 0 10
64 0 0 10
64 0 0 10
64 0 0 10
64 0 0 16
64 0 0 11
64 0 0 11
64 0 0 10
64 0 0 10
65 0 0 11
65 0 0 10
65 0 0 10
65 0 0 10
65 0 0 28
65 0 0 12
65 0 0 10
65 0 0 15
65 0 0 13
65 0 0 11
65 0 0 11
65 0 0 10
65 0 0 10
65 0 0 11
65 0 0 10
65 0 0 11
65 0 0 10
65 0 0 15
65 0 0 12
65 0 0 14
65 0 0 18
65 0 0 11
65 0 0 23
65 0 0 14
65 0 0 10
65 0 0 14
65 0 0 10
65 0 0 14
65 0 0 11
65 0 0 11
65 0 0 11
65 0 0 30
65 0 0 10
65 0 0 11
65 0 0 10
65 0 0 10
65 0 0 11
65 0 0 10
65 0 0 14
65 0 0 12
65 0 0 31
65 0 0 10
65 0 0 24
65 0 0 12
65 0 0 10
65 0 0 11
65 0 0 15
65 0 0 22
65 0 0 14
65 0 0 20
65 0 0 33
65 0 0 24
65 0 0 11
65 0 0 10
65 0 0 14
65 0 0 11
65 0 0 14
65 0 0 11
65 0 0 11
65 0 0 20
65 0 0 18
65 0 0 11
65 0 0 18
65 0 0 11
65 0 0 11
65 0 0 14
65 0 0 11
65 0 0 9
65 0 0 20
65 0 0 22
65 0 0 15
65 0 0 11
65 0 0 11
65 0 0 10
65 0 0 11
65 0 0 10
65 0 0 11
65 0 0 10
65 0 0 10
65 0 0 25
65 0 0 12
65 0 0 15
65 0 0 14
65 0 0 11
65 0 0 10
65 0 0 11
65 0 0 10
65 0 0 11
65 0 0 11
65 0 0 14
65 0 0 15
65 0 0 11
65 0 0 12
65 0 0 11
65 0 0 15
65 0 0 31
65 0 0 10
65 0 0 29
65 0 0 11
65 0 0 10
66 0 0 11
66 0 0 11
66 0 0 14
66 0 0 10
66 0 0 10
66 0 0 10
66 0 0 16
66 0 0 17
66 0 0 20
66 0 0 10
66 0 0 22
66 0 0 11
66 0 0 12
66 0 0 11
66 0 0 11
66 0 0 10
66 0 0 12
66 0 0 15
66 0 0 11
66 0 0 11
66 0 0 11
66 0 0 10
66 0 0 10
66 0 0 10
66 0 0 10
66 0 0 10
66 0 0 10
66 0 0 19
66 0 0 11
66 0 0 29
66 0 0 21
66 0 0 13
66 0 0 15
66 0 0 13
66 0 0 21
66 0 0 13
66 0 0 11
66 0 0 14
66 0 0 10
66 0 0 10
66 0 0 11
66 0 0 10
66 0 0 11
66 0 0 14
66 0 0 11
66 0 0 11
66 0 0 17
66 0 0 14
66 0 0 11
66 0 0 16
66 0 0 11
66 0 0 10
66 0 0 10
66 0 0 11
66 0 0 10
66 0 0 16
66 0 0 15
66 0 0 10
66 0 0 20
66 0 0 26
66 0 0 12
66 0 0 10
66 0 0 11
66 0 0 10
66 0 0 10
66 0 0 16
66 0 0 11
66 0 0 25
66 0 0 10
66 0 0 11
66 0 0 16
66 0 0 11
66 0 0 11
66 0 0 17
66 0 0 16
66 0 0 11
66 0 0 11
66 0 0 11
66 0 0 10
66 0 0 11
66 0 0 11
66 0 0 10
66 0 0 14
66 0 0 11
66 0 0 13
66 0 0 10
66 0 0 20
66 0 0 27
66 0 0 18
66 0 0 10
66 0 0 32
66 0 0 11
66 0 0 10
66 0 0 10
66 0 0 10
66 0 0 10
66 0 0 12
66 0 0 20
66 0 0 17
66 0 0 13
67 0 0 26
67 0 0 11
67 0 0 23
67 0 0 10
67 0 0 10
67 0 0 14
67 0 0 11
67 0 0 23
67 0 0 17
67 0 0 11
67 0 0 31
67 0 0 16
67 0 0 17
67 0 0 31
67 0 0 11
67 0 0 10
67 0 0 10
67 0 0 10
67 0 0 11
67 0 0 10
67 0 0 12
67 0 0 12
67 0 0 15
67 0 0 15
67 0 0 14
67 0 0 20
67 0 0 20
67 0 0 20
67 0 0 15
67 0 0 14
67 0 0 17
67 0 0 16
67 0 0 14
67 0 0 16
67 0 0 11
67 0 0 10
67 0 0 11
67 0 0 10
67 0 0 10
67 0 0 10
67 0 0 11
67 0 0 11
67 0 0 9
67 0 0 12
67 0 0 11
67 0 0 10
67 0 0 11
67 0 0 15
67 0 0 15
67 0 0 15
67 0 0 33
67 0 0 12
67 0 0 11
67 0 0 11
67 0 0 12
67 0 0 11
67 0 0 11
67 0 0 12
67 0 0 11
67 0 0 11
67 0 0 11
67 0 0 13
67 0 0 74
67 0 0 11
67 0 0 10
67 0 0 10
67 0 0 10
67 0 0 10
67 0 0 14
67 0 0 10
67 0 0 12
67 0 0 10
67 0 0 11
67 0 0 11
67 0 0 15
67 0 0 11
67 0 0 10
67 0 0 12
67 0 0 11
67 0 0 11
67 0 0 11
67 0 0 11
67 0 0 10
67 0 0 15
67 0 0 11
67 0 0 10
67 0 0 23
67 0 0 11
67 0 0 17
67 0 0 10
67 0 0 17
67 0 0 12
67 0 0 30
67 0 0 11
67 0 0 10
67 0 0 9
67 0 0 10
67 0 0 10
67 0 0 10
67 0 0 11
68 0 0 11
68 0 0 16
68 0 0 11
68 0 0 11
68 0 0 11
68 0 0 12
68 0 0 11
68 0 0 15
68 0 0 12
68 0 0 10
68 0 0 12
68 0 0 15
68 0 0 16
68 0 0 11
68 0 0 11
68 0 0 10
68 0 0 10
68 0 0 10
68 0 0 10
68 0 0 11
68 0 0 11
68 0 0 10
68 0 0 14
68 0 0 17
68 0 0 10
68 0 0 12
68 0 0 12
68 0 0 13
68 0 0 10
68 0 0 15
68 0 0 12
68 0 0 12
68 0 0 11
68 0 0 10
68 0 0 10
68 0 0 10
68 0 0 10
68 0 0 10
68 0 0 10
68 0 0 10
68 0 0 11
68 0 0 10
68 0 0 11
68 0 0 16
68 0 0 17
68 0 0 11
68 0 0 15
68 0 0 10
68 0 0 14
68 0 0 15
68 0 0 11
68 0 0 10
68 0 0 11
68 0 0 11
68 0 0 12
68 0 0 30
68 0 0 10
68 0 0 31
68 0 0 11
68 0 0 11
68 0 0 15
68 0 0 12
68 0 0 11
68 0 0 11
68 0 0 10
68 0 0 12
68 0 0 12
68 0 0 14
68 0 0 13
68 0 0 14
68 0 0 14
68 0 0 16
68 0 0 15
68 0 0 30
68 0 0 10
68 0 0 10
68 0 0 10
68 0 0 10
68 0 0 11
68 0 0 11
68 0 0 11
68 0 0 10
68 0 0 17
68 0 0 11
68 0 0 12
68 0 0 13
68 0 0 13
68 0 0 13
68 0 0 20
68 0 0 13
68 0 0 11
68 0 0 10
68 0 0 11
68 0 0 12
68 0 0 22
68 0 0 11
68 0 0 20
68 0 0 14
68 0 0 10
68 0 0 14
69 0 0 16
69 0 0 12
69 0 0 10
69 0 0 11
69 0 0 11
69 0 0 12
69 0 0 12
69 0 0 14
69 0 0 10
69 0 0 15
69 0 0 11
69 0 0 12
69 0 0 12
69 0 0 11
69 0 0 10
69 0 0 11
69 0 0 11
69 0 0 10
69 0 0 13
69 0 0 13
69 0 0 11
69 0 0 11
69 0 0 11
69 0 0 11
69 0 0 14
69 0 0 10
69 0 0 24
69 0 0 19
69 0 0 11
69 0 0 15
69 0 0 26
69 0 0 12
69 0 0 24
69 0 0 13
69 0 0 31
69 0 0 11
69 0 0 12
69 0 0 11
69 0 0 10
69 0 0 11
69 0 0 11
69 0 0 11
69 0 0 10
69 0 0 12
69 0 0 16
69 0 0 24
69 0 0 11
69 0 0 15
69 0 0 21
69 0 0 12
69 0 0 11
69 0 0 11
69 0 0 11
69 0 0 10
69 0 0 10
69 0 0 11
69 0 0 15
69 0 0 15
69 0 0 10
69 0 0 12
69 0 0 12
69 0 0 11
69 0 0 11
69 0 0 10
69 0 0 9
69 0 0 30
69 0 0 28
69 0 0 30
69 0 0 11
69 0 0 10
69 0 0 14
69 0 0 12
69 0 0 11
69 0 0 10
69 0 0 12
69 0 0 11
69 0 0 10
69 0 0 10
69 0 0 10
69 0 0 11
69 0 0 12
69 0 0 10
69 0 0 11
69 0 0 11
69 0 0 11
69 0 0 10
69 0 0 12
69 0 0 11
69 0 0 21
69 0 0 15
69 0 0 11
69 0 0 11
69 0 0 11
69 0 0 11
69 0 0 12
69 0 0 15
69 0 0 12
69 0 0 15
69 0 0 12
69 0 0 15
70 0 0 16
70 0 0 11
70 0 0 11
70 0 0 15
70 0 0 10
70 0 0 15
70 0 0 10
70 0 0 14
70 0 0 11
70 0 0 10
70 0 0 16
70 0 0 16
70 0 0 17
70 0 0 12
70 0 0 11
70 0 0 10
70 0 0 11
70 0 0 10
70 0 0 10
70 0 0 14
70 0 0 11
70 0 0 16
70 0 0 10
70 0 0 11
70 0 0 14
70 0 0 10
70 0 0 10
70 0 0 10
70 0 0 11
70 0 0 10
70 0 0 11
70 0 0 10
70 0 0 11
70 0 0 11
70 0 0 15
70 0 0 14
70 0 0 12
70 0 0 30
70 0 0 12
70 0 0 10
70 0 0 31
70 0 0 10
70 0 0 37
70 0 0 11
70 0 0 11
70 0 0 11
70 0 0 14
70 0 0 10
70 0 0 14
70 0 0 11
70 0 0 11
70 0 0 10
70 0 0 18
70 0 0 10
70 0 0 10
70 0 0 16
70 0 0 15
70 0 0 12
70 0 0 14
70 0 0 12
70 0 0 31
70 0 0 11
70 0 0 12
70 0 0 14
70 0 0 11
70 0 0 14
70 0 0 14
70 0 0 15
70 0 0 15
70 0 0 14
70 0 0 15
70 0 0 11
70 0 0 16
70 0 0 15
70 0 0 10
70 0 0 15
70 0 0 10
70 0 0 15
70 0 0 10
70 0 0 14
70 0 0 12
70 0 0 14
70 0 0 11
70 0 0 16
70 0 0 11
70 0 0 12
70 0 0 11
70 0 0 10
70 0 0 10
70 0 0 11
70 0 0 17
70 0 0 11
70 0 0 11
70 0 0 10
70 0 0 10
70 0 0 11
70 0 0 18
70 0 0 13
70 0 0 11
70 0 0 10
71 0 0 11
71 0 0 11
71 0 0 10
71 0 0 11
71 0 0 10
71 0 0 22
71 0 0 15
71 0 0 13
71 0 0 11
71 0 0 11
71 0 0 11
71 0 0 11
71 0 0 11
71 0 0 10
71 0 0 10
71 0 0 12
71 0 0 11
71 0 0 10
71 0 0 15
71 0 0 12
71 0 0 12
71 0 0 10
71 0 0 11
71 0 0 11
71 0 0 15
71 0 0 15
71 0 0 17
71 0 0 11
71 0 0 18
71 0 0 20
71 0 0 26
71 0 0 10
71 0 0 16
71 0 0 16
71 0 0 16
71 0 0 22
71 0 0 12
71 0 0 10
71 0 0 15
71 0 0 10
71 0 0 33
71 0 0 10
71 0 0 10
71 0 0 12
71 0 0 10
71 0 0 10
71 0 0 10
71 0 0 10
71 0 0 25
71 0 0 22
71 0 0 13
71 0 0 10
71 0 0 11
71 0 0 11
71 0 0 10
71 0 0 16
71 0 0 31
71 0 0 11
71 0 0 42
71 0 0 15
71 0 0 12
71 0 0 11
71 0 0 23
71 0 0 15
71 0 0 14
71 0 0 15
71 0 0 14
71 0 0 10
71 0 0 14
71 0 0 16
71 0 0 11
71 0 0 45
71 0 0 31
71 0 0 28
71 0 0 10
71 0 0 28
71 0 0 14
71 0 0 11
71 0 0 15
71 0 0 15
71 0 0 12
71 0 0 14
71 0 0 10
71 0 0 11
71 0 0 10
71 0 0 11
71 0 0 11
71 0 0 10
71 0 0 10
71 0 0 10
71 0 0 16
71 0 0 13
71 0 0 11
71 0 0 17
71 0 0 16
71 0 0 16
71 0 0 12
71 0 0 11
71 0 0 16
71 0 0 25
72 0 0 12
72 0 0 15
72 0 0 15
72 0 0 11
72 0 0 14
72 0 0 11
72 0 0 10
72 0 0 11
72 0 0 10
72 0 0 10
72 0 0 16
72 0 0 16
72 0 0 14
72 0 0 11
72 0 0 13
72 0 0 16
72 0 0 11
72 0 0 11
72 0 0 15
72 0 0 11
72 0 0 33
72 0 0 10
72 0 0 10
72 0 0 10
72 0 0 11
72 0 0 11
72 0 0 12
72 0 0 11
72 0 0 11
72 0 0 11
72 0 0 32
72 0 0 16
72 0 0 11
72 0 0 11
72 0 0 11
72 0 0 10
72 0 0 23
72 0 0 14
72 0 0 11
72 0 0 16
72 0 0 12
72 0 0 11
72 0 0 11
72 0 0 11
72 0 0 10
72 0 0 11
72 0 0 11
72 0 0 11
72 0 0 13
72 0 0 11
72 0 0 15
72 0 0 11
72 0 0 11
72 0 0 10
72 0 0 12
72 0 0 12
72 0 0 11
72 0 0 24
72 0 0 10
72 0 0 10
72 0 0 12
72 0 0 11
72 0 0 12
72 0 0 12
72 0 0 13
72 0 0 11
72 0 0 10
72 0 0 10
72 0 0 17
72 0 0 11
72 0 0 11
72 0 0 11
72 0 0 11
72 0 0 10
72 0 0 17
72 0 0 12
72 0 0 11
72 0 0 11
72 0 0 10
72 0 0 16
72 0 0 18
72 0 0 16
72 0 0 12
72 0 0 12
72 0 0 10
72 0 0 11
72 0 0 12
72 0 0 13
72 0 0 11
72 0 0 17
72 0 0 12
72 0 0 11
72 0 0 11
72 0 0 15
72 0 0 15
72 0 0 11
72 0 0 12
72 0 0 10
72 0 0 11
72 0 0 26
73 0 0 16
73 0 0 16
73 0 0 12
73 0 0 10
73 0 0 17
73 0 0 12
73 0 0 13
73 0 0 12
73 0 0 14
73 0 0 13
73 0 0 13
73 0 0 10
73 0 0 10
73 0 0 11
73 0 0 10
73 0 0 24
73 0 0 13
73 0 0 21
73 0 0 11
73 0 0 20
73 0 0 16
73 0 0 15
73 0 0 32
73 0 0 16
73 0 0 10
73 0 0 15
73 0 0 11
73 0 0 15
73 0 0 11
73 0 0 21
73 0 0 15
73 0 0 12
73 0 0 11
73 0 0 11
73 0 0 11
73 0 0 11
73 0 0 11
73 0 0 24
73 0 0 11
73 0 0 11
73 0 0 31
73 0 0 10
73 0 0 32
73 0 0 14
73 0 0 10
73 0 0 10
73 0 0 11
73 0 0 11
73 0 0 10
73 0 0 15
73 0 0 11
73 0 0 11
73 0 0 10
73 0 0 15
73 0 0 11
73 0 0 10
73 0 0 11
73 0 0 11
73 0 0 10
73 0 0 11
73 0 0 12
73 0 0 11
73 0 0 14
73 0 0 21
73 0 0 22
73 0 0 12
73 0 0 14
73 0 0 14
73 0 0 15
73 0 0 10
73 0 0 11
73 0 0 11
73 0 0 14
73 0 0 10
73 0 0 23
73 0 0 17
73 0 0 14
73 0 0 14
73 0 0 14
73 0 0 15
73 0 0 12
73 0 0 10
73 0 0 10
73 0 0 16
73 0 0 31
73 0 0 11
73 0 0 11
73 0 0 11
73 0 0 10
73 0 0 10
73 0 0 16
73 0 0 15
73 0 0 11
73 0 0 11
73 0 0 20
73 0 0 10
73 0 0 10
73 0 0 10
73 0 0 11
73 0 0 11
74 0 0 12
74 0 0 11
74 0 0 10
74 0 0 11
74 0 0 11
74 0 0 20
74 0 0 11
74 0 0 10
74 0 0 13
74 0 0 13
74 0 0 12
74 0 0 11
74 0 0 11
74 0 0 11
74 0 0 10
74 0 0 11
74 0 0 10
74 0 0 12
74 0 0 11
74 0 0 11
74 0 0 12
74 0 0 15
74 0 0 11
74 0 0 15
74 0 0 11
74 0 0 14
74 0 0 14
74 0 0 14
74 0 0 15
74 0 0 14
74 0 0 11
74 0 0 11
74 0 0 15
74 0 0 12
74 0 0 12
74 0 0 11
74 0 0 18
74 0 0 18
74 0 0 14
74 0 0 11
74 0 0 13
74 0 0 11
74 0 0 11
74 0 0 31
74 0 0 31
74 0 0 11
74 0 0 14
74 0 0 11
74 0 0 15
74 0 0 11
74 0 0 11
74 0 0 10
74 0 0 16
74 0 0 24
74 0 0 12
74 0 0 11
74 0 0 11
74 0 0 11
74 0 0 10
74 0 0 11
74 0 0 11
74 0 0 11
74 0 0 15
74 0 0 18
74 0 0 11
74 0 0 12
74 0 0 10
74 0 0 10
74 0 0 11
74 0 0 16
74 0 0 15
74 0 0 13
74 0 0 12
74 0 0 14
74 0 0 13
74 0 0 13
74 0 0 12
74 0 0 26
74 0 0 11
74 0 0 11
74 0 0 17
74 0 0 11
74 0 0 11
74 0 0 13
74 0 0 22
74 0 0 13
74 0 0 11
74 0 0 10
74 0 0 10
74 0 0 11
74 0 0 11
74 0 0 11
74 0 0 12
74 0 0 11
74 0 0 11
74 0 0 16
74 0 0 12
74 0 0 12
74 0 0 11
74 0 0 11
75 0 0 12
75 0 0 12
75 0 0 47
75 0 0 23
75 0 0 24
75 0 0 15
75 0 0 11
75 0 0 11
75 0 0 11
75 0 0 10
75 0 0 11
75 0 0 11
75 0 0 42
75 0 0 11
75 0 0 11
75 0 0 11
75 0 0 11
75 0 0 10
75 0 0 11
75 0 0 12
75 0 0 11
75 0 0 17
75 0 0 11
75 0 0 11
75 0 0 10
75 0 0 11
75 0 0 10
75 0 0 10
75 0 0 10
75 0 0 10
75 0 0 16
75 0 0 12
75 0 0 12
75 0 0 15
75 0 0 14
75 0 0 15
75 0 0 10
75 0 0 15
75 0 0 10
75 0 0 15
75 0 0 12
75 0 0 11
75 0 0 11
75 0 0 12
75 0 0 15
75 0 0 15
75 0 0 15
75 0 0 12
75 0 0 11
75 0 0 17
75 0 0 11
75 0 0 11
75 0 0 13
75 0 0 12
75 0 0 11
75 0 0 13
75 0 0 11
75 0 0 11
75 0 0 10
75 0 0 11
75 0 0 12
75 0 0 34
75 0 0 16
75 0 0 11
75 0 0 15
75 0 0 14
75 0 0 14
75 0 0 15
75 0 0 15
75 0 0 15
75 0 0 12
75 0 0 15
75 0 0 11
75 0 0 11
75 0 0 11
75 0 0 13
75 0 0 13
75 0 0 13
75 0 0 12
75 0 0 13
75 0 0 12
75 0 0 11
75 0 0 15
75 0 0 11
75 0 0 15
75 0 0 11
75 0 0 16
75 0 0 11
75 0 0 11
75 0 0 11
75 0 0 12
75 0 0 21
75 0 0 15
75 0 0 11
75 0 0 15
75 0 0 15
75 0 0 15
75 0 0 13
75 0 0 12
75 0 0 15
76 0 0 13
76 0 0 16
76 0 0 11
76 0 0 15
76 0 0 10
76 0 0 11
76 0 0 10
76 0 0 15
76 0 0 11
76 0 0 15
76 0 0 19
76 0 0 12
76 0 0 15
76 0 0 15
76 0 0 16
76 0 0 15
76 0 0 11
76 0 0 10
76 0 0 17
76 0 0 32
76 0 0 12
76 0 0 32
76 0 0 11
76 0 0 62
76 0 0 10
76 0 0 11
76 0 0 16
76 0 0 14
76 0 0 13
76 0 0 11
76 0 0 33
76 0 0 10
76 0 0 11
76 0 0 10
76 0 0 11
76 0 0 10
76 0 0 10
76 0 0 11
76 0 0 12
76 0 0 12
76 0 0 14
76 0 0 11
76 0 0 10
76 0 0 11
76 0 0 10
76 0 0 10
76 0 0 11
76 0 0 11
76 0 0 10
76 0 0 24
76 0 0 33
76 0 0 35
76 0 0 12
76 0 0 12
76 0 0 11
76 0 0 11
76 0 0 12
76 0 0 11
76 0 0 11
76 0 0 11
76 0 0 12
76 0 0 14
76 0 0 11
76 0 0 16
76 0 0 11
76 0 0 11
76 0 0 11
76 0 0 10
76 0 0 10
76 0 0 14
76 0 0 32
76 0 0 16
76 0 0 26
76 0 0 24
76 0 0 14
76 0 0 15
76 0 0 15
76 0 0 11
76 0 0 14
76 0 0 11
76 0 0 12
76 0 0 10
76 0 0 10
76 0 0 31
76 0 0 11
76 0 0 11
76 0 0 12
76 0 0 11
76 0 0 11
76 0 0 11
76 0 0 12
76 0 0 15
76 0 0 11
76 0 0 11
76 0 0 11
76 0 0 15
76 0 0 15
76 0 0 11
76 0 0 10
76 0 0 11
77 0 0 19
77 0 0 12
77 0 0 10
77 0 0 10
77 0 0 11
77 0 0 13
77 0 0 14
77 0 0 14
77 0 0 14
77 0 0 14
77 0 0 13
77 0 0 11
77 0 0 10
77 0 0 11
77 0 0 11
77 0 0 10
77 0 0 15
77 0 0 12
77 0 0 18
77 0 0 11
77 0 0 27
77 0 0 12
77 0 0 12
77 0 0 11
77 0 0 11
77 0 0 11
77 0 0 12
77 0 0 10
77 0 0 21
77 0 0 12
77 0 0 13
77 0 0 11
77 0 0 11
77 0 0 44
77 0 0 15
77 0 0 13
77 0 0 13
77 0 0 13
77 0 0 14
77 0 0 13
77 0 0 12
77 0 0 10
77 0 0 11
77 0 0 10
77 0 0 11
77 0 0 22
77 0 0 22
77 0 0 10
77 0 0 31
77 0 0 12
77 0 0 12
77 0 0 11
77 0 0 11
77 0 0 11
77 0 0 11
77 0 0 11
77 0 0 21
77 0 0 16
77 0 0 12
77 0 0 15
77 0 0 15
77 0 0 15
77 0 0 31
77 0 0 11
77 0 0 10
77 0 0 12
77 0 0 11
77 0 0 13
77 0 0 16
77 0 0 15
77 0 0 12
77 0 0 16
77 0 0 17
77 0 0 15
77 0 0 19
77 0 0 11
77 0 0 11
77 0 0 16
77 0 0 14
77 0 0 16
77 0 0 12
77 0 0 11
77 0 0 11
77 0 0 15
77 0 0 10
77 0 0 21
77 0 0 11
77 0 0 11
77 0 0 17
77 0 0 12
77 0 0 15
77 0 0 11
77 0 0 11
77 0 0 11
77 0 0 11
77 0 0 10
77 0 0 11
77 0 0 11
77 0 0 11
77 0 0 16
78 0 0 12
78 0 0 12
78 0 0 11
78 0 0 11
78 0 0 11
78 0 0 11
78 0 0 11
78 0 0 11
78 0 0 11
78 0 0 16
78 0 0 30
78 0 0 12
78 0 0 16
78 0 0 11
78 0 0 10
78 0 0 11
78 0 0 11
78 0 0 10
78 0 0 11
78 0 0 10
78 0 0 11
78 0 0 12
78 0 0 16
78 0 0 14
78 0 0 14
78 0 0 11
78 0 0 11
78 0 0 11
78 0 0 10
78 0 0 11
78 0 0 12
78 0 0 10
78 0 0 11
78 0 0 16
78 0 0 16
78 0 0 11
78 0 0 18
78 0 0 12
78 0 0 12
78 0 0 11
78 0 0 12
78 0 0 13
78 0 0 12
78 0 0 12
78 0 0 33
78 0 0 11
78 0 0 15
78 0 0 11
78 0 0 10
78 0 0 11
78 0 0 26
78 0 0 11
78 0 0 12
78 0 0 15
78 0 0 12
78 0 0 10
78 0 0 10
78 0 0 12
78 0 0 23
78 0 0 12
78 0 0 12
78 0 0 11
78 0 0 12
78 0 0 11
78 0 0 16
78 0 0 16
78 0 0 12
78 0 0 18
78 0 0 17
78 0 0 19
78 0 0 18
78 0 0 18
78 0 0 13
78 0 0 11
78 0 0 11
78 0 0 11
78 0 0 15
78 0 0 10
78 0 0 16
78 0 0 17
78 0 0 12
78 0 0 17
78 0 0 12
78 0 0 17
78 0 0 12
78 0 0 11
78 0 0 11
78 0 0 15
78 0 0 24
78 0 0 14
78 0 0 16
78 0 0 12
78 0 0 15
78 0 0 16
78 0 0 60
78 0 0 11
78 0 0 16
78 0 0 20
78 0 0 19
78 0 0 15
79 0 0 18
79 0 0 15
79 0 0 17
79 0 0 17
79 0 0 17
79 0 0 17
79 0 0 13
79 0 0 17
79 0 0 11
79 0 0 11
79 0 0 18
79 0 0 17
79 0 0 24
79 0 0 12
79 0 0 11
79 0 0 13
79 0 0 13
79 0 0 13
79 0 0 11
79 0 0 11
79 0 0 12
79 0 0 12
79 0 0 12
79 0 0 30
79 0 0 11
79 0 0 11
79 0 0 15
79 0 0 16
79 0 0 11
79 0 0 12
79 0 0 12
79 0 0 12
79 0 0 12
79 0 0 11
79 0 0 11
79 0 0 11
79 0 0 10
79 0 0 12
79 0 0 11
79 0 0 13
79 0 0 17
79 0 0 13
79 0 0 13
79 0 0 12
79 0 0 16
79 0 0 17
79 0 0 14
79 0 0 11
79 0 0 11
79 0 0 11
79 0 0 12
79 0 0 11
79 0 0 20
79 0 0 19
79 0 0 16
79 0 0 25
79 0 0 12
79 0 0 16
79 0 0 14
79 0 0 17
79 0 0 16
79 0 0 11
79 0 0 33
79 0 0 17
79 0 0 16
79 0 0 18
79 0 0 11
79 0 0 10
79 0 0 10
79 0 0 12
79 0 0 23
79 0 0 31
79 0 0 12
79 0 0 17
79 0 0 11
79 0 0 13
79 0 0 13
79 0 0 11
79 0 0 12
79 0 0 12
79 0 0 11
79 0 0 16
79 0 0 12
79 0 0 11
79 0 0 11
79 0 0 11
79 0 0 11
79 0 0 11
79 0 0 11
79 0 0 13
79 0 0 12
79 0 0 11
79 0 0 12
79 0 0 13
79 0 0 16
79 0 0 20
79 0 0 18
79 0 0 22
79 0 0 25
79 0 0 11
80 0 0 12
80 0 0 12
80 0 0 47
80 0 0 12
80 0 0 45
80 0 0 11
80 0 0 18
80 0 0 18
80 0 0 12
80 0 0 17
80 0 0 12
80 0 0 15
80 0 0 15
80 0 0 11
80 0 0 14
80 0 0 11
80 0 0 11
80 0 0 11
80 0 0 11
80 0 0 15
80 0 0 12
80 0 0 12
80 0 0 12
80 0 0 11
80 0 0 21
80 0 0 12
80 0 0 14
80 0 0 11
80 0 0 11
80 0 0 11
80 0 0 11
80 0 0 12
80 0 0 11
80 0 0 12
80 0 0 11
80 0 0 12
80 0 0 12
80 0 0 12
80 0 0 16
80 0 0 11
80 0 0 12
80 0 0 12
80 0 0 16
80 0 0 18
80 0 0 16
80 0 0 16
80 0 0 16
80 0 0 16
80 0 0 17
80 0 0 16
80 0 0 15
80 0 0 17
80 0 0 17
80 0 0 12
80 0 0 15
80 0 0 18
80 0 0 12
80 0 0 11
80 0 0 11
80 0 0 11
80 0 0 11
80 0 0 11
80 0 0 17
80 0 0 16
80 0 0 15
80 0 0 17
80 0 0 18
80 0 0 18
80 0 0 17
80 0 0 18
80 0 0 17
80 0 0 17
80 0 0 18
80 0 0 16
80 0 0 17
80 0 0 12
80 0 0 17
80 0 0 18
80 0 0 15
80 0 0 17
80 0 0 19
80 0 0 16
80 0 0 12
80 0 0 16
80 0 0 13
80 0 0 17
80 0 0 15
80 0 0 18
80 0 0 15
80 0 0 17
80 0 0 16
80 0 0 17
80 0 0 79
80 0 0 11
80 0 0 32
80 0 0 17
80 0 0 16
80 0 0 17
80 0 0 15
80 0 0 16
81 0 0 17
81 0 0 12
81 0 0 17
81 0 0 17
81 0 0 12
81 0 0 12
81 0 0 11
81 0 0 11
81 0 0 11
81 0 0 11
81 0 0 16
81 0 0 17
81 0 0 16
81 0 0 16
81 0 0 16
81 0 0 16
81 0 0 17
81 0 0 16
81 0 0 18
81 0 0 18
81 0 0 12
81 0 0 12
81 0 0 12
81 0 0 11
81 0 0 13
81 0 0 11
81 0 0 18
81 0 0 18
81 0 0 17
81 0 0 17
81 0 0 19
81 0 0 12
81 0 0 15
81 0 0 29
81 0 0 18
81 0 0 18
81 0 0 13
81 0 0 11
81 0 0 12
81 0 0 11
81 0 0 12
81 0 0 11
81 0 0 11
81 0 0 12
81 0 0 11
81 0 0 13
81 0 0 12
81 0 0 11
81 0 0 26
81 0 0 26
81 0 0 17
81 0 0 16
81 0 0 16
81 0 0 17
81 0 0 15
81 0 0 16
81 0 0 16
81 0 0 16
81 0 0 12
81 0 0 16
81 0 0 16
81 0 0 18
81 0 0 17
81 0 0 18
81 0 0 16
81 0 0 17
81 0 0 13
81 0 0 12
81 0 0 12
81 0 0 12
81 0 0 12
81 0 0 16
81 0 0 29
81 0 0 12
81 0 0 11
81 0 0 11
81 0 0 11
81 0 0 11
81 0 0 11
81 0 0 13
81 0 0 19
81 0 0 18
81 0 0 18
81 0 0 18
81 0 0 13
81 0 0 30
81 0 0 16
81 0 0 18
81 0 0 16
81 0 0 17
81 0 0 17
81 0 0 17
81 0 0 16
81 0 0 15
81 0 0 16
81 0 0 12
81 0 0 18
81 0 0 17
81 0 0 27
81 0 0 18
82 0 0 15
82 0 0 12
82 0 0 11
82 0 0 11
82 0 0 11
82 0 0 11
82 0 0 11
82 0 0 16
82 0 0 17
82 0 0 17
82 0 0 12
82 0 0 11
82 0 0 11
82 0 0 11
82 0 0 11
82 0 0 11
82 0 0 11
82 0 0 12
82 0 0 16
82 0 0 10
82 0 0 33
82 0 0 14
82 0 0 19
82 0 0 17
82 0 0 16
82 0 0 17
82 0 0 15
82 0 0 35
82 0 0 12
82 0 0 11
82 0 0 17
82 0 0 18
82 0 0 13
82 0 0 13
82 0 0 12
82 0 0 12
82 0 0 11
82 0 0 11
82 0 0 10
82 0 0 11
82 0 0 36
82 0 0 16
82 0 0 16
82 0 0 16
82 0 0 17
82 0 0 16
82 0 0 12
82 0 0 11
82 0 0 16
82 0 0 16
82 0 0 16
82 0 0 19
82 0 0 19
82 0 0 11
82 0 0 17
82 0 0 17
82 0 0 16
82 0 0 16
82 0 0 18
82 0 0 17
82 0 0 12
82 0 0 11
82 0 0 11
82 0 0 12
82 0 0 11
82 0 0 16
82 0 0 17
82 0 0 24
82 0 0 16
82 0 0 12
82 0 0 12
82 0 0 31
82 0 0 22
82 0 0 32
82 0 0 12
82 0 0 10
82 0 0 10
82 0 0 11
82 0 0 11
82 0 0 12
82 0 0 12
82 0 0 15
82 0 0 15
82 0 0 14
82 0 0 12
82 0 0 12
82 0 0 11
82 0 0 12
82 0 0 11
82 0 0 15
82 0 0 18
82 0 0 16
82 0 0 16
82 0 0 12
82 0 0 11
82 0 0 12
82 0 0 10
82 0 0 11
82 0 0 10
82 0 0 10
83 0 0 12
83 0 0 11
83 0 0 11
83 0 0 11
83 0 0 17
83 0 0 32
83 0 0 11
83 0 0 12
83 0 0 11
83 0 0 11
83 0 0 12
83 0 0 11
83 0 0 12
83 0 0 11
83 0 0 11
83 0 0 17
83 0 0 12
83 0 0 10
83 0 0 15
83 0 0 11
83 0 0 12
83 0 0 11
83 0 0 11
83 0 0 11
83 0 0 10
83 0 0 11
83 0 0 16
83 0 0 12
83 0 0 13
83 0 0 23
83 0 0 12
83 0 0 11
83 0 0 11
83 0 0 11
83 0 0 11
83 0 0 11
83 0 0 11
83 0 0 12
83 0 0 20
83 0 0 15
83 0 0 16
83 0 0 12
83 0 0 11
83 0 0 11
83 0 0 11
83 0 0 11
83 0 0 10
83 0 0 11
83 0 0 11
83 0 0 11
83 0 0 11
83 0 0 11
83 0 0 12
83 0 0 12
83 0 0 10
83 0 0 11
83 0 0 11
83 0 0 11
83 0 0 10
83 0 0 12
83 0 0 12
83 0 0 11
83 0 0 11
83 0 0 13
83 0 0 23
83 0 0 22
83 0 0 21
83 0 0 12
83 0 0 11
83 0 0 24
83 0 0 12
83 0 0 18
83 0 0 12
83 0 0 11
83 0 0 15
83 0 0 16
83 0 0 16
83 0 0 11
83 0 0 12
83 0 0 15
83 0 0 12
83 0 0 12
83 0 0 14
83 0 0 12
83 0 0 12
83 0 0 12
83 0 0 12
83 0 0 12
83 0 0 12
83 0 0 12
83 0 0 17
83 0 0 16
83 0 0 17
83 0 0 16
83 0 0 16
83 0 0 16
83 0 0 16
83 0 0 17
83 0 0 18
83 0 0 16
84 0 0 11
84 0 0 13
84 0 0 16
84 0 0 12
84 0 0 14
84 0 0 11
84 0 0 14
84 0 0 22
84 0 0 11
84 0 0 11
84 0 0 12
84 0 0 17
84 0 0 11
84 0 0 11
84 0 0 10
84 0 0 15
84 0 0 11
84 0 0 15
84 0 0 11
84 0 0 17
84 0 0 11
84 0 0 18
84 0 0 17
84 0 0 17
84 0 0 16
84 0 0 16
84 0 0 16
84 0 0 35
84 0 0 16
84 0 0 12
84 0 0 12
84 0 0 12
84 0 0 11
84 0 0 12
84 0 0 10
84 0 0 16
84 0 0 17
84 0 0 17
84 0 0 16
84 0 0 13
84 0 0 17
84 0 0 16
84 0 0 17
84 0 0 16
84 0 0 16
84 0 0 17
84 0 0 18
84 0 0 16
84 0 0 17
84 0 0 17
84 0 0 16
84 0 0 17
84 0 0 18
84 0 0 17
84 0 0 17
84 0 0 16
84 0 0 16
84 0 0 17
84 0 0 16
84 0 0 16
84 0 0 16
84 0 0 16
84 0 0 17
84 0 0 13
84 0 0 16
84 0 0 16
84 0 0 16
84 0 0 16
84 0 0 17
84 0 0 16
84 0 0 12
84 0 0 11
84 0 0 12
84 0 0 11
84 0 0 13
84 0 0 12
84 0 0 12
84 0 0 12
84 0 0 12
84 0 0 12
84 0 0 12
84 0 0 16
84 0 0 16
84 0 0 16
84 0 0 16
84 0 0 16
84 0 0 17
84 0 0 16
84 0 0 17
84 0 0 15
84 0 0 17
84 0 0 16
84 0 0 18
84 0 0 16
84 0 0 18
84 0 0 16
84 0 0 16
84 0 0 16
84 0 0 16
84 0 0 16
85 0 0 19
85 0 0 18
85 0 0 19
85 0 0 18
85 0 0 17
85 0 0 18
85 0 0 17
85 0 0 17
85 0 0 19
85 0 0 16
85 0 0 13
85 0 0 18
85 0 0 24
85 0 0 17
85 0 0 17
85 0 0 20
85 0 0 28
85 0 0 18
85 0 0 16
85 0 0 17
85 0 0 17
85 0 0 18
85 0 0 17
85 0 0 17
85 0 0 17
85 0 0 17
85 0 0 18
85 0 0 17
85 0 0 17
85 0 0 19
85 0 0 17
85 0 0 33
85 0 0 18
85 0 0 17
85 0 0 17
85 0 0 16
85 0 0 25
85 0 0 11
85 0 0 11
85 0 0 16
85 0 0 13
85 0 0 13
85 0 0 13
85 0 0 17
85 0 0 26
85 0 0 11
85 0 0 12
85 0 0 12
85 0 0 11
85 0 0 17
85 0 0 12
85 0 0 16
85 0 0 17
85 0 0 17
85 0 0 17
85 0 0 16
85 0 0 18
85 0 0 12
85 0 0 29
85 0 0 18
85 0 0 13
85 0 0 12
85 0 0 12
85 0 0 12
85 0 0 12
85 0 0 11
85 0 0 19
85 0 0 17
85 0 0 17
85 0 0 16
85 0 0 36
85 0 0 16
85 0 0 18
85 0 0 16
85 0 0 21
85 0 0 21
85 0 0 22
85 0 0 17
85 0 0 12
85 0 0 10
85 0 0 13
85 0 0 11
85 0 0 12
85 0 0 12
85 0 0 12
85 0 0 16
85 0 0 14
85 0 0 14
85 0 0 13
85 0 0 13
85 0 0 12
85 0 0 33
85 0 0 12
85 0 0 11
85 0 0 11
85 0 0 11
85 0 0 11
85 0 0 10
85 0 0 11
85 0 0 15
86 0 0 13
86 0 0 11
86 0 0 10
86 0 0 11
86 0 0 19
86 0 0 18
86 0 0 29
86 0 0 12
86 0 0 18
86 0 0 12
86 0 0 13
86 0 0 12
86 0 0 12
86 0 0 16
86 0 0 12
86 0 0 15
86 0 0 11
86 0 0 15
86 0 0 12
86 0 0 15
86 0 0 17
86 0 0 18
86 0 0 15
86 0 0 18
86 0 0 17
86 0 0 14
86 0 0 16
86 0 0 16
86 0 0 11
86 0 0 14
86 0 0 12
86 0 0 12
86 0 0 11
86 0 0 16
86 0 0 11
86 0 0 16
86 0 0 11
86 0 0 16
86 0 0 11
86 0 0 16
86 0 0 12
86 0 0 14
86 0 0 14
86 0 0 16
86 0 0 15
86 0 0 15
86 0 0 13
86 0 0 15
86 0 0 15
86 0 0 16
86 0 0 13
86 0 0 11
86 0 0 11
86 0 0 12
86 0 0 12
86 0 0 26
86 0 0 15
86 0 0 16
86 0 0 17
86 0 0 12
86 0 0 13
86 0 0 34
86 0 0 11
86 0 0 29
86 0 0 17
86 0 0 13
86 0 0 25
86 0 0 20
86 0 0 17
86 0 0 17
86 0 0 12
86 0 0 15
86 0 0 15
86 0 0 12
86 0 0 11
86 0 0 11
86 0 0 11
86 0 0 15
86 0 0 11
86 0 0 20
86 0 0 33
86 0 0 17
86 0 0 12
86 0 0 13
86 0 0 13
86 0 0 12
86 0 0 11
86 0 0 13
86 0 0 13
86 0 0 15
86 0 0 12
86 0 0 16
86 0 0 17
86 0 0 12
86 0 0 33
86 0 0 15
86 0 0 11
86 0 0 16
86 0 0 11
86 0 0 10
87 0 0 12
87 0 0 12
87 0 0 11
87 0 0 12
87 0 0 13
87 0 0 12
87 0 0 12
87 0 0 18
87 0 0 13
87 0 0 17
87 0 0 12
87 0 0 11
87 0 0 11
87 0 0 11
87 0 0 11
87 0 0 11
87 0 0 17
87 0 0 12
87 0 0 12
87 0 0 11
87 0 0 33
87 0 0 11
87 0 0 12
87 0 0 11
87 0 0 11
87 0 0 17
87 0 0 13
87 0 0 31
87 0 0 16
87 0 0 12
87 0 0 12
87 0 0 12
87 0 0 12
87 0 0 12
87 0 0 11
87 0 0 11
87 0 0 11
87 0 0 11
87 0 0 11
87 0 0 12
87 0 0 12
87 0 0 16
87 0 0 15
87 0 0 13
87 0 0 14
87 0 0 14
87 0 0 12
87 0 0 12
87 0 0 12
87 0 0 11
87 0 0 15
87 0 0 18
87 0 0 21
87 0 0 18
87 0 0 18
87 0 0 35
87 0 0 18
87 0 0 13
87 0 0 12
87 0 0 12
87 0 0 12
87 0 0 12
87 0 0 23
87 0 0 16
87 0 0 22
87 0 0 12
87 0 0 21
87 0 0 11
87 0 0 12
87 0 0 13
87 0 0 12
87 0 0 11
87 0 0 16
87 0 0 11
87 0 0 12
87 0 0 12
87 0 0 12
87 0 0 11
87 0 0 29
87 0 0 12
87 0 0 11
87 0 0 12
87 0 0 11
87 0 0 13
87 0 0 11
87 0 0 14
87 0 0 13
87 0 0 12
87 0 0 11
87 0 0 25
87 0 0 12
87 0 0 11
87 0 0 18
87 0 0 15
87 0 0 16
87 0 0 15
87 0 0 14
87 0 0 15
87 0 0 15
87 0 0 11
88 0 0 12
88 0 0 34
88 0 0 17
88 0 0 34
88 0 0 16
88 0 0 15
88 0 0 11
88 0 0 15
88 0 0 12
88 0 0 16
88 0 0 17
88 0 0 11
88 0 0 15
88 0 0 18
88 0 0 18
88 0 0 12
88 0 0 18
88 0 0 13
88 0 0 17
88 0 0 13
88 0 0 17
88 0 0 12
88 0 0 15
88 0 0 11
88 0 0 17
88 0 0 13
88 0 0 16
88 0 0 11
88 0 0 17
88 0 0 11
88 0 0 12
88 0 0 11
88 0 0 11
88 0 0 11
88 0 0 11
88 0 0 11
88 0 0 18
88 0 0 17
88 0 0 12
88 0 0 16
88 0 0 13
88 0 0 17
88 0 0 12
88 0 0 12
88 0 0 10
88 0 0 11
88 0 0 11
88 0 0 11
88 0 0 11
88 0 0 12
88 0 0 12
88 0 0 13
88 0 0 13
88 0 0 32
88 0 0 11
88 0 0 11
88 0 0 11
88 0 0 11
88 0 0 11
88 0 0 11
88 0 0 12
88 0 0 11
88 0 0 11
88 0 0 17
88 0 0 12
88 0 0 11
88 0 0 11
88 0 0 12
88 0 0 16
88 0 0 12
88 0 0 13
88 0 0 12
88 0 0 12
88 0 0 12
88 0 0 11
88 0 0 11
88 0 0 12
88 0 0 11
88 0 0 17
88 0 0 22
88 0 0 17
88 0 0 12
88 0 0 11
88 0 0 13
88 0 0 11
88 0 0 12
88 0 0 11
88 0 0 11
88 0 0 12
88 0 0 11
88 0 0 13
88 0 0 12
88 0 0 11
88 0 0 14
88 0 0 17
88 0 0 11
88 0 0 11
88 0 0 11
88 0 0 12
88 0 0 11
89 0 0 13
89 0 0 11
89 0 0 11
89 0 0 11
89 0 0 11
89 0 0 16
89 0 0 16
89 0 0 15
89 0 0 14
89 0 0 15
89 0 0 18
89 0 0 12
89 0 0 16
89 0 0 11
89 0 0 11
89 0 0 12
89 0 0 22
89 0 0 24
89 0 0 11
89 0 0 11
89 0 0 12
89 0 0 35
89 0 0 33
89 0 0 12
89 0 0 16
89 0 0 11
89 0 0 15
89 0 0 12
89 0 0 15
89 0 0 11
89 0 0 12
89 0 0 12
89 0 0 13
89 0 0 13
89 0 0 13
89 0 0 12
89 0 0 12
89 0 0 17
89 0 0 17
89 0 0 18
89 0 0 12
89 0 0 12
89 0 0 11
89 0 0 11
89 0 0 12
89 0 0 12
89 0 0 16
89 0 0 17
89 0 0 18
89 0 0 13
89 0 0 18
89 0 0 18
89 0 0 17
89 0 0 13
89 0 0 11
89 0 0 11
89 0 0 11
89 0 0 11
89 0 0 11
89 0 0 11
89 0 0 12
89 0 0 11
89 0 0 16
89 0 0 11
89 0 0 13
89 0 0 17
89 0 0 16
89 0 0 12
89 0 0 15
89 0 0 12
89 0 0 16
89 0 0 11
89 0 0 12
89 0 0 11
89 0 0 15
89 0 0 16
89 0 0 15
89 0 0 12
89 0 0 12
89 0 0 12
89 0 0 12
89 0 0 12
89 0 0 11
89 0 0 11
89 0 0 11
89 0 0 11
89 0 0 11
89 0 0 12
89 0 0 26
89 0 0 17
89 0 0 12
89 0 0 16
89 0 0 17
89 0 0 12
89 0 0 11
89 0 0 17
89 0 0 11
89 0 0 13
89 0 0 12
89 0 0 12
90 0 0 13
90 0 0 11
90 0 0 12
90 0 0 11
90 0 0 11
90 0 0 11
90 0 0 12
90 0 0 11
90 0 0 13
90 0 0 12
90 0 0 18
90 0 0 12
90 0 0 16
90 0 0 11
90 0 0 16
90 0 0 11
90 0 0 12
90 0 0 11
90 0 0 13
90 0 0 15
90 0 0 17
90 0 0 16
90 0 0 13
90 0 0 17
90 0 0 18
90 0 0 12
90 0 0 16
90 0 0 11
90 0 0 16
90 0 0 11
90 0 0 12
90 0 0 12
90 0 0 12
90 0 0 13
90 0 0 12
90 0 0 16
90 0 0 12
90 0 0 10
90 0 0 11
90 0 0 13
90 0 0 12
90 0 0 11
90 0 0 12
90 0 0 11
90 0 0 11
90 0 0 15
90 0 0 17
90 0 0 11
90 0 0 18
90 0 0 11
90 0 0 13
90 0 0 16
90 0 0 15
90 0 0 11
90 0 0 14
90 0 0 17
90 0 0 10
90 0 0 24
90 0 0 11
90 0 0 12
90 0 0 14
90 0 0 11
90 0 0 13
90 0 0 12
90 0 0 16
90 0 0 11
90 0 0 16
90 0 0 22
90 0 0 23
90 0 0 11
90 0 0 19
90 0 0 12
90 0 0 12
90 0 0 11
90 0 0 10
90 0 0 16
90 0 0 11
90 0 0 18
90 0 0 11
90 0 0 11
90 0 0 12
90 0 0 12
90 0 0 12
90 0 0 12
90 0 0 11
90 0 0 12
90 0 0 11
90 0 0 16
90 0 0 19
90 0 0 18
90 0 0 19
90 0 0 12
90 0 0 12
90 0 0 11
90 0 0 12
90 0 0 12
90 0 0 12
90 0 0 12
90 0 0 12
90 0 0 13
91 0 0 13
91 0 0 18
91 0 0 29
91 0 0 23
91 0 0 12
91 0 0 16
91 0 0 12
91 0 0 15
91 0 0 18
91 0 0 13
91 0 0 11
91 0 0 34
91 0 0 17
91 0 0 12
91 0 0 12
91 0 0 13
91 0 0 12
91 0 0 12
91 0 0 13
91 0 0 17
91 0 0 17
91 0 0 18
91 0 0 27
91 0 0 13
91 0 0 18
91 0 0 13
91 0 0 17
91 0 0 12
91 0 0 11
91 0 0 11
91 0 0 12
91 0 0 11
91 0 0 11
91 0 0 17
91 0 0 18
91 0 0 17
91 0 0 16
91 0 0 36
91 0 0 17
91 0 0 12
91 0 0 12
91 0 0 16
91 0 0 16
91 0 0 17
91 0 0 22
91 0 0 21
91 0 0 12
91 0 0 16
91 0 0 18
91 0 0 23
91 0 0 34
91 0 0 11
91 0 0 13
91 0 0 19
91 0 0 22
91 0 0 21
91 0 0 18
91 0 0 13
91 0 0 12
91 0 0 12
91 0 0 13
91 0 0 11
91 0 0 12
91 0 0 11
91 0 0 17
91 0 0 11
91 0 0 17
91 0 0 12
91 0 0 12
91 0 0 12
91 0 0 12
91 0 0 12
91 0 0 12
91 0 0 11
91 0 0 16
91 0 0 11
91 0 0 16
91 0 0 12
91 0 0 16
91 0 0 12
91 0 0 13
91 0 0 11
91 0 0 1661
91 0 0 17
91 0 0 14
91 0 0 12
91 0 0 11
91 0 0 12
91 0 0 11
91 0 0 16
91 0 0 13
91 0 0 11
91 0 0 11
91 0 0 12
91 0 0 21
91 0 0 14
91 0 0 12
91 0 0 16
91 0 0 13
91 0 0 11
92 0 0 13
92 0 0 24
92 0 0 33
92 0 0 17
92 0 0 17
92 0 0 18
92 0 0 17
92 0 0 16
92 0 0 18
92 0 0 18
92 0 0 13
92 0 0 12
92 0 0 12
92 0 0 11
92 0 0 11
92 0 0 12
92 0 0 12
92 0 0 11
92 0 0 13
92 0 0 12
92 0 0 15
92 0 0 12
92 0 0 16
92 0 0 12
92 0 0 11
92 0 0 12
92 0 0 11
92 0 0 11
92 0 0 11
92 0 0 17
92 0 0 34
92 0 0 20
92 0 0 12
92 0 0 19
92 0 0 12
92 0 0 17
92 0 0 17
92 0 0 12
92 0 0 13
92 0 0 12
92 0 0 12
92 0 0 11
92 0 0 13
92 0 0 19
92 0 0 17
92 0 0 19
92 0 0 17
92 0 0 17
92 0 0 17
92 0 0 17
92 0 0 18
92 0 0 16
92 0 0 19
92 0 0 18
92 0 0 18
92 0 0 18
92 0 0 20
92 0 0 18
92 0 0 19
92 0 0 18
92 0 0 29
92 0 0 17
92 0 0 12
92 0 0 13
92 0 0 11
92 0 0 11
92 0 0 11
92 0 0 12
92 0 0 11
92 0 0 12
92 0 0 12
92 0 0 12
92 0 0 13
92 0 0 13
92 0 0 12
92 0 0 13
92 0 0 12
92 0 0 15
92 0 0 12
92 0 0 12
92 0 0 17
92 0 0 13
92 0 0 12
92 0 0 12
92 0 0 12
92 0 0 11
92 0 0 11
92 0 0 11
92 0 0 12
92 0 0 12
92 0 0 12
92 0 0 11
92 0 0 11
92 0 0 12
92 0 0 11
92 0 0 11
92 0 0 13
92 0 0 12
92 0 0 12
92 0 0 18
93 0 0 13
93 0 0 12
93 0 0 11
93 0 0 17
93 0 0 15
93 0 0 11
93 0 0 16
93 0 0 16
93 0 0 11
93 0 0 18
93 0 0 12
93 0 0 19
93 0 0 13
93 0 0 13
93 0 0 12
93 0 0 11
93 0 0 12
93 0 0 12
93 0 0 11
93 0 0 12
93 0 0 12
93 0 0 13
93 0 0 19
93 0 0 18
93 0 0 18
93 0 0 17
93 0 0 17
93 0 0 17
93 0 0 17
93 0 0 17
93 0 0 12
93 0 0 12
93 0 0 11
93 0 0 13
93 0 0 25
93 0 0 22
93 0 0 11
93 0 0 12
93 0 0 12
93 0 0 12
93 0 0 12
93 0 0 12
93 0 0 12
93 0 0 11
93 0 0 11
93 0 0 18
93 0 0 12
93 0 0 12
93 0 0 13
93 0 0 12
93 0 0 17
93 0 0 19
93 0 0 33
93 0 0 16
93 0 0 17
93 0 0 12
93 0 0 16
93 0 0 11
93 0 0 16
93 0 0 11
93 0 0 14
93 0 0 13
93 0 0 13
93 0 0 13
93 0 0 12
93 0 0 13
93 0 0 20
93 0 0 20
93 0 0 18
93 0 0 18
93 0 0 14
93 0 0 13
93 0 0 13
93 0 0 13
93 0 0 12
93 0 0 13
93 0 0 16
93 0 0 13
93 0 0 13
93 0 0 28
93 0 0 28
93 0 0 12
93 0 0 11
93 0 0 12
93 0 0 12
93 0 0 15
93 0 0 12
93 0 0 16
93 0 0 12
93 0 0 12
93 0 0 20
93 0 0 12
93 0 0 12
93 0 0 12
93 0 0 17
93 0 0 16
93 0 0 12
93 0 0 15
93 0 0 12
93 0 0 16
94 0 0 12
94 0 0 13
94 0 0 12
94 0 0 13
94 0 0 11
94 0 0 12
94 0 0 12
94 0 0 11
94 0 0 20
94 0 0 47
94 0 0 12
94 0 0 11
94 0 0 11
94 0 0 22
94 0 0 12
94 0 0 12
94 0 0 11
94 0 0 12
94 0 0 12
94 0 0 17
94 0 0 28
94 0 0 12
94 0 0 12
94 0 0 12
94 0 0 11
94 0 0 12
94 0 0 15
94 0 0 11
94 0 0 18
94 0 0 18
94 0 0 12
94 0 0 17
94 0 0 15
94 0 0 12
94 0 0 14
94 0 0 11
94 0 0 11
94 0 0 11
94 0 0 12
94 0 0 12
94 0 0 13
94 0 0 13
94 0 0 17
94 0 0 17
94 0 0 17
94 0 0 17
94 0 0 22
94 0 0 36
94 0 0 33
94 0 0 13
94 0 0 13
94 0 0 12
94 0 0 12
94 0 0 12
94 0 0 11
94 0 0 13
94 0 0 12
94 0 0 12
94 0 0 36
94 0 0 12
94 0 0 17
94 0 0 16
94 0 0 12
94 0 0 16
94 0 0 12
94 0 0 16
94 0 0 12
94 0 0 17
94 0 0 11
94 0 0 13
94 0 0 19
94 0 0 16
94 0 0 19
94 0 0 18
94 0 0 16
94 0 0 17
94 0 0 16
94 0 0 16
94 0 0 15
94 0 0 18
94 0 0 17
94 0 0 15
94 0 0 13
94 0 0 18
94 0 0 17
94 0 0 12
94 0 0 34
94 0 0 12
94 0 0 11
94 0 0 12
94 0 0 19
94 0 0 11
94 0 0 11
94 0 0 11
94 0 0 12
94 0 0 12
94 0 0 12
94 0 0 11
94 0 0 12
94 0 0 12
95 0 0 18
95 0 0 12
95 0 0 12
95 0 0 11
95 0 0 12
95 0 0 12
95 0 0 18
95 0 0 12
95 0 0 12
95 0 0 16
95 0 0 20
95 0 0 14
95 0 0 14
95 0 0 15
95 0 0 23
95 0 0 13
95 0 0 12
95 0 0 16
95 0 0 12
95 0 0 16
95 0 0 12
95 0 0 12
95 0 0 12
95 0 0 47
95 0 0 11
95 0 0 16
95 0 0 12
95 0 0 16
95 0 0 12
95 0 0 11
95 0 0 13
95 0 0 12
95 0 0 11
95 0 0 15
95 0 0 16
95 0 0 23
95 0 0 14
95 0 0 15
95 0 0 14
95 0 0 12
95 0 0 12
95 0 0 17
95 0 0 16
95 0 0 14
95 0 0 14
95 0 0 11
95 0 0 11
95 0 0 11
95 0 0 12
95 0 0 11
95 0 0 14
95 0 0 28
95 0 0 13
95 0 0 13
95 0 0 13
95 0 0 13
95 0 0 11
95 0 0 12
95 0 0 12
95 0 0 13
95 0 0 12
95 0 0 13
95 0 0 16
95 0 0 11
95 0 0 16
95 0 0 19
95 0 0 19
95 0 0 26
95 0 0 12
95 0 0 12
95 0 0 12
95 0 0 13
95 0 0 12
95 0 0 12
95 0 0 34
95 0 0 17
95 0 0 12
95 0 0 12
95 0 0 11
95 0 0 11
95 0 0 13
95 0 0 12
95 0 0 11
95 0 0 12
95 0 0 16
95 0 0 12
95 0 0 17
95 0 0 18
95 0 0 17
95 0 0 18
95 0 0 12
95 0 0 11
95 0 0 11
95 0 0 11
95 0 0 12
95 0 0 12
95 0 0 16
95 0 0 12
95 0 0 11
95 0 0 11
96 0 0 12
96 0 0 23
96 0 0 17
96 0 0 20
96 0 0 17
96 0 0 12
96 0 0 12
96 0 0 11
96 0 0 12
96 0 0 12
96 0 0 12
96 0 0 12
96 0 0 20
96 0 0 20
96 0 0 20
96 0 0 13
96 0 0 12
96 0 0 11
96 0 0 11
96 0 0 11
96 0 0 13
96 0 0 12
96 0 0 12
96 0 0 19
96 0 0 18
96 0 0 12
96 0 0 11
96 0 0 11
96 0 0 12
96 0 0 11
96 0 0 19
96 0 0 18
96 0 0 11
96 0 0 11
96 0 0 12
96 0 0 12
96 0 0 13
96 0 0 11
96 0 0 12
96 0 0 11
96 0 0 13
96 0 0 18
96 0 0 12
96 0 0 11
96 0 0 33
96 0 0 11
96 0 0 12
96 0 0 11
96 0 0 11
96 0 0 11
96 0 0 12
96 0 0 12
96 0 0 12
96 0 0 11
96 0 0 17
96 0 0 20
96 0 0 12
96 0 0 15
96 0 0 15
96 0 0 14
96 0 0 23
96 0 0 35
96 0 0 12
96 0 0 12
96 0 0 12
96 0 0 12
96 0 0 11
96 0 0 11
96 0 0 12
96 0 0 11
96 0 0 18
96 0 0 16
96 0 0 18
96 0 0 18
96 0 0 18
96 0 0 17
96 0 0 18
96 0 0 18
96 0 0 24
96 0 0 19
96 0 0 47
96 0 0 12
96 0 0 17
96 0 0 22
96 0 0 19
96 0 0 13
96 0 0 13
96 0 0 17
96 0 0 13
96 0 0 16
96 0 0 19
96 0 0 17
96 0 0 19
96 0 0 17
96 0 0 13
96 0 0 12
96 0 0 14
96 0 0 15
96 0 0 13
96 0 0 12
97 0 0 15
97 0 0 13
97 0 0 11
97 0 0 12
97 0 0 12
97 0 0 12
97 0 0 12
97 0 0 11
97 0 0 12
97 0 0 12
97 0 0 13
97 0 0 12
97 0 0 11
97 0 0 14
97 0 0 15
97 0 0 14
97 0 0 13
97 0 0 17
97 0 0 19
97 0 0 17
97 0 0 13
97 0 0 12
97 0 0 12
97 0 0 11
97 0 0 18
97 0 0 24
97 0 0 12
97 0 0 22
97 0 0 12
97 0 0 22
97 0 0 12
97 0 0 12
97 0 0 12
97 0 0 12
97 0 0 12
97 0 0 12
97 0 0 33
97 0 0 11
97 0 0 19
97 0 0 12
97 0 0 17
97 0 0 12
97 0 0 15
97 0 0 11
97 0 0 12
97 0 0 11
97 0 0 25
97 0 0 12
97 0 0 12
97 0 0 14
97 0 0 34
97 0 0 12
97 0 0 27
97 0 0 30
97 0 0 12
97 0 0 27
97 0 0 12
97 0 0 11
97 0 0 11
97 0 0 11
97 0 0 12
97 0 0 12
97 0 0 12
97 0 0 12
97 0 0 17
97 0 0 13
97 0 0 16
97 0 0 11
97 0 0 15
97 0 0 11
97 0 0 12
97 0 0 12
97 0 0 17
97 0 0 12
97 0 0 13
97 0 0 11
97 0 0 11
97 0 0 22
97 0 0 12
97 0 0 24
97 0 0 12
97 0 0 18
97 0 0 12
97 0 0 12
97 0 0 12
97 0 0 12
97 0 0 13
97 0 0 12
97 0 0 39
97 0 0 18
97 0 0 16
97 0 0 11
97 0 0 14
97 0 0 12
97 0 0 12
97 0 0 12
97 0 0 24
97 0 0 11
97 0 0 12
97 0 0 13
98 0 0 13
98 0 0 12
98 0 0 19
98 0 0 18
98 0 0 13
98 0 0 11
98 0 0 12
98 0 0 11
98 0 0 12
98 0 0 13
98 0 0 13
98 0 0 12
98 0 0 12
98 0 0 13
98 0 0 17
98 0 0 12
98 0 0 17
98 0 0 15
98 0 0 12
98 0 0 13
98 0 0 15
98 0 0 12
98 0 0 12
98 0 0 11
98 0 0 11
98 0 0 12
98 0 0 17
98 0 0 12
98 0 0 12
98 0 0 12
98 0 0 35
98 0 0 15
98 0 0 12
98 0 0 15
98 0 0 12
98 0 0 15
98 0 0 11
98 0 0 12
98 0 0 11
98 0 0 12
98 0 0 12
98 0 0 12
98 0 0 13
98 0 0 12
98 0 0 11
98 0 0 12
98 0 0 13
98 0 0 13
98 0 0 17
98 0 0 13
98 0 0 14
98 0 0 13
98 0 0 12
98 0 0 11
98 0 0 11
98 0 0 11
98 0 0 11
98 0 0 11
98 0 0 60
98 0 0 12
98 0 0 13
98 0 0 13
98 0 0 11
98 0 0 11
98 0 0 12
98 0 0 12
98 0 0 12
98 0 0 12
98 0 0 12
98 0 0 13
98 0 0 27
98 0 0 33
98 0 0 12
98 0 0 12
98 0 0 11
98 0 0 24
98 0 0 17
98 0 0 23
98 0 0 12
98 0 0 12
98 0 0 14
98 0 0 11
98 0 0 12
98 0 0 14
98 0 0 12
98 0 0 16
98 0 0 15
98 0 0 14
98 0 0 14
98 0 0 15
98 0 0 12
98 0 0 13
98 0 0 12
98 0 0 34
98 0 0 12
98 0 0 34
98 0 0 17
98 0 0 12
98 0 0 16
98 0 0 12
99 0 0 13
99 0 0 12
99 0 0 12
99 0 0 13
99 0 0 16
99 0 0 13
99 0 0 11
99 0 0 22
99 0 0 16
99 0 0 17
99 0 0 23
99 0 0 25
99 0 0 18
99 0 0 12
99 0 0 12
99 0 0 12
99 0 0 12
99 0 0 12
99 0 0 11
99 0 0 12
99 0 0 13
99 0 0 16
99 0 0 12
99 0 0 17
99 0 0 13
99 0 0 12
99 0 0 13
99 0 0 15
99 0 0 12
99 0 0 14
99 0 0 13
99 0 0 35
99 0 0 35
99 0 0 12
99 0 0 12
99 0 0 12
99 0 0 11
99 0 0 12
99 0 0 11
99 0 0 11
99 0 0 17
99 0 0 12
99 0 0 16
99 0 0 18
99 0 0 22
99 0 0 18
99 0 0 23
99 0 0 16
99 0 0 18
99 0 0 11
99 0 0 37
99 0 0 11
99 0 0 15
99 0 0 19
99 0 0 20
99 0 0 22
99 0 0 12
99 0 0 12
99 0 0 12
99 0 0 12
99 0 0 17
99 0 0 18
99 0 0 12
99 0 0 13
99 0 0 24
99 0 0 23
99 0 0 22
99 0 0 22
99 0 0 11
99 0 0 12
99 0 0 13
99 0 0 16
99 0 0 15
99 0 0 11
99 0 0 12
99 0 0 13
99 0 0 12
99 0 0 11
99 0 0 13
99 0 0 11
99 0 0 15
99 0 0 16
99 0 0 11
99 0 0 12
99 0 0 12
99 0 0 14
99 0 0 13
99 0 0 12
99 0 0 16
99 0 0 15
99 0 0 16
99 0 0 11
99 0 0 12
99 0 0 12
99 0 0 17
99 0 0 19
99 0 0 12
99 0 0 17
99 0 0 12
99 0 0 12
100 0 0 13
100 0 0 13
100 0 0 12
100 0 0 11
100 0 0 33
100 0 0 12
100 0 0 12
100 0 0 12
100 0 0 11
100 0 0 13
100 0 0 12
100 0 0 12
100 0 0 12
100 0 0 13
100 0 0 18
100 0 0 18
100 0 0 19
100 0 0 39
100 0 0 19
100 0 0 49
100 0 0 36
100 0 0 12
100 0 0 14
100 0 0 13
100 0 0 11
100 0 0 15
100 0 0 19
100 0 0 13
100 0 0 24
100 0 0 24
100 0 0 35
100 0 0 12
100 0 0 11
100 0 0 12
100 0 0 13
100 0 0 12
100 0 0 12
100 0 0 12
100 0 0 29
100 0 0 20
100 0 0 23
100 0 0 13
100 0 0 23
100 0 0 17
100 0 0 11
100 0 0 12
100 0 0 12
100 0 0 11
100 0 0 22
100 0 0 13
100 0 0 37
100 0 0 12
100 0 0 17
100 0 0 12
100 0 0 18
100 0 0 22
100 0 0 16
100 0 0 22
100 0 0 15
100 0 0 21
100 0 0 12
100 0 0 16
100 0 0 16
100 0 0 16
100 0 0 12
100 0 0 17
100 0 0 12
100 0 0 17
100 0 0 11
100 0 0 11
100 0 0 19
100 0 0 11
100 0 0 12
100 0 0 13
100 0 0 11
100 0 0 11
100 0 0 13
100 0 0 18
100 0 0 18
100 0 0 18
100 0 0 17
100 0 0 12
100 0 0 12
100 0 0 11
100 0 0 11
100 0 0 12
100 0 0 11
100 0 0 12
100 0 0 12
100 0 0 11
100 0 0 12
100 0 0 19
100 0 0 13
100 0 0 18
100 0 0 20
100 0 0 18
100 0 0 28
100 0 0 17
100 0 0 18
100 0 0 16
