4220
1547
1564
2764
2534
4227
1548
5062
1586
1709
3646
4607
3330
3458
3487
3606
3324
4658
3385
3411
5487
5330
7038
5797
8024
7707
5606
5211
5308
5190
7377
7306
7157
7100
7099
7192
7142
7242
8797
7388
9404
9311
9276
9143
9331
9354
9420
9658
9295
9188
11487
11537
11287
11324
11741
11531
11167
11201
11359
11466
13810
13188
13356
13545
13464
13727
13385
13144
13322
16129
15354
15524
15606
17986
15571
15510
15448
15790
15351
15379
18066
18344
17564
17315
17273
17471
17971
17701
17429
17387
22637
19671
19599
20555
19429
19506
19458
23201
19673
19660
21778
21937
21666
22035
22008
22821
22804
22159
21858
22802
23678
24153
24204
23936
25594
24786
24324
23700
23693
24590
26373
27936
25944
26874
26892
26517
26358
26447
26070
27469
28199
28262
28675
28215
28196
28094
28682
29048
28250
28192
31017
30725
31690
30663
30682
30365
33940
30287
31578
30265
32788
32754
32619
33545
33358
33134
33869
32478
33015
33937
34939
34932
35140
35899
36483
34768
34995
35528
35105
35764
38276
36832
36907
37999
38924
38024
41735
38151
37634
37786
39776
39585
40179
39971
39658
39719
39911
39234
40296
39859
41348
46372
41783
41825
41432
41665
41950
41918
43175
41526
44877
44431
45702
45071
44541
45673
44797
44548
44406
44291
45649
47572
47592
46651
46784
47743
46080
46095
46162
47253
48951
48894
50369
48537
48793
49100
48915
49161
49656
52548
50289
52306
51767
52765
53068
51053
50797
51004
51423
51403
54323
53907
54857
54016
53141
56230
54234
52834
55512
52711
57034
56586
57120
56348
56884
56112
65112
56065
56800
55588
59098
58826
57671
58963
59878
58525
58322
57816
58572
59578
62787
60520
61792
61753
60518
60915
61050
61738
61372
61499
62134
62285
62845
63674
63032
64325
64864
62245
63313
64264
64845
65108
65893
65588
66088
67612
65204
66458
65406
66695
67211
69600
67685
68776
68420
67577
68797
67654
68986
67404
69795
70348
71259
70509
70893
71134
69504
71320
76958
69652
70835
76293
74044
72197
72502
72636
72910
72475
74746
73093
74129
76084
75704
75129
75254
77518
74247
75679
75590
75662
75931
77495
78424
77066
77555
76142
77040
78222
76393
86618
79824
79258
80346
79130
78224
78741
79460
79328
78314
79291
81064
81947
81793
82801
86129
81809
80723
84229
80653
80794
83250
83385
85403
83747
83595
84566
83461
86430
84505
83526
85828
87324
86425
86005
87563
86650
86344
86464
86924
87553
87966
87819
88227
88777
89147
88225
88783
89206
88938
89282
91710
93205
91396
92095
91794
90946
89610
91382
89860
91295
92957
92921
103378
95820
92514
93004
92967
92709
93317
93022
94615
97475
94474
95035
97604
95248
97130
95169
95611
94933
97755
98507
98304
101844
100363
97132
97313
103598
105737
101837
103005
104349
104292
111700
103667
102274
105894
101269
111425
110819
116950
105220
106672
107094
112902
112205
105804
106309
120093
122893
109065
107703
108902
108857
114681
105044
111421
119146
119161
105991
108078
109369
111135
114400
108947
116355
108839
110325
113485
134307
127092
111771
125189
109255
112197
110920
109593
109018
108545
109792
118497
112122
113661
121546
115929
112840
119127
113633
111893
112194
114908
114596
115488
115464
115922
115040
115864
114786
115819
116503
119346
117556
121501
117546
118224
119327
116511
116730
117976
116304
118808
128824
121952
128344
128051
132330
130501
140877
130274
147103
123543
122186
136819
122477
123863
122618
122463
122446
121578
127607
127975
124954
123461
125806
124966
124724
123548
126903
124042
125788
128677
128164
133168
128674
130316
127170
126686
126762
127280
127102
129973
130207
131247
130116
133129
129696
129571
132902
130411
135513
132133
133678
133842
135317
141248
131824
138112
133510
133154
134203
133497
135175
133684
147692
134607
135505
135387
137414
133501
133901
140537
137156
137223
137123
141760
135837
136322
136256
139798
138382
137959
139881
140354
140929
140648
139811
139425
139324
141168
140535
142906
141291
157805
141484
141687
144854
145788
142992
145896
142741
146212
145198
146968
146393
146626
143824
146003
146142
149030
147781
146116
164171
150177
147756
148794
146909
146467
149376
147999
149067
154587
155656
155486
153466
151616
180943
151398
154799
147909
148659
152269
150411
155027
162855
151223
151896
153692
151535
153675
154023
154264
153761
154737
152936
152900
155892
154293
153774
157218
153941
155383
158224
154884
156627
158757
155147
156008
155632
156402
155830
159702
159370
159579
159460
159345
159213
159874
159631
160528
159538
163216
161867
160715
162651
161027
161512
161645
160881
163272
161643
166097
166890
163781
164304
180134
163685
164793
165615
164212
165856
164370
172601
165604
169282
169574
165932
167178
165835
176904
164569
169945
168423
175971
167976
168635
168877
167812
167914
167518
165947
172304
170237
187053
174766
171965
171052
177050
189565
174669
178004
173593
173726
173944
174370
176922
173642
172478
174867
175097
178212
188041
175972
178498
177068
178347
194384
174919
183324
174112
176326
178517
181481
180418
179465
180725
183851
182188
179218
179033
191195
181891
190242
199336
182193
189900
192525
181832
180668
181818
180372
189671
182940
185397
185401
197259
203604
182712
183292
186520
183401
188167
187272
190902
184770
188064
185440
188649
199256
185368
186895
186084
188751
188342
194225
194621
189068
192491
201515
188052
190859
192556
204517
190750
190376
188994
190034
196980
191903
193232
192200
196309
193150
200481
194242
200265
192917
233076
194219
193189
194579
196664
196946
198840
196960
196399
196999
197157
197426
195116
195171
196420
197085
200726
199545
200912
196752
199148
196947
197897
197058
200401
203333
202771
204210
200273
202338
201026
200701
211887
199752
206581
204412
204454
206208
206009
205869
211281
204508
203954
204260
206171
204957
209524
204287
206012
208633
207625
206338
208746
203866
205354
210478
209411
209098
209620
219209
207151
206891
207007
207262
208771
210350
208964
213426
210809
212119
215152
211548
211156
211872
231991
218423
213696
217906
221327
215152
218201
216543
222055
217331
247432
221509
219409
216577
220421
215700
215182
216885
219929
222148
237272
221382
221573
224719
251435
245349
235054
228524
311211
271833
221067
227703
227267
232593
231052
226566
224476
224900
224392
220988
227522
226150
224893
225682
225759
225650
221863
224147
221993
245242
229545
229971
225913
226720
229183
228396
228529
232003
224858
226869
233015
231730
232719
230323
232412
239116
226375
247992
231391
237377
234703
231065
229999
229783
232641
234139
233356
232819
233875
231591
235152
245521
232127
238614
237739
237670
236679
234142
234327
236126
234691
237615
238715
240115
238105
237791
236890
238203
236667
237305
