689
749
2118
2164
1016
962
696
685
850
838
1461
4231
2352
2111
1377
1366
1646
1668
1663
1672
2333
4509
2148
2202
5087
6506
2556
2098
2143
2126
3431
2914
2875
2871
2906
2901
2877
3433
2890
2939
4228
3677
3664
3633
3635
3683
3677
3935
3635
3638
4487
4454
4445
4498
4468
4424
4404
4702
4496
4509
5231
5306
5334
5300
5320
5204
6620
5307
5205
5272
6133
6208
6039
6118
6054
6054
6159
5981
6044
6026
7145
6779
6944
7055
6835
7571
7175
6847
6888
7217
8348
7636
7858
7607
7635
7724
7798
7942
8585
8183
8543
8656
8838
8441
8570
8726
8658
8670
8660
8651
15613
9457
9140
9202
9144
9225
10067
9317
9094
9166
10074
10611
10127
10127
10023
10032
10119
10052
10025
10031
10823
10827
11501
10805
10875
10823
10783
10935
10837
10921
13210
19050
11900
11732
12178
11641
12174
11730
11800
11611
12474
12421
12427
12393
12468
12474
12935
12676
12627
12670
13311
13296
13413
13237
13358
13238
13320
13484
13270
13422
14169
14182
14022
14274
14696
14096
14113
14203
14149
14080
14970
14978
14901
14994
15308
14984
15033
14936
15016
14914
16220
17128
15829
15760
15960
16375
17520
16035
15831
15863
16639
16741
17260
16785
16822
24912
18270
25414
16910
17152
18583
17861
17967
17954
17608
17625
18791
17464
18369
18475
18928
18541
18419
19496
24547
18942
27248
18813
28024
18989
28642
20083
19748
19057
19035
19943
19848
19759
19347
19940
20521
19861
20271
19795
20042
19904
19856
20243
19890
19948
20874
20828
21055
20804
20790
20963
21520
21022
20809
20825
21653
21890
21581
23243
22107
22050
21718
22598
23298
22269
23205
23463
22953
23277
22556
23509
22358
22529
23036
22770
23441
23247
23366
23516
23401
23356
23340
23570
23235
23375
24213
24192
24580
24171
25568
24135
24237
24305
24163
24347
25265
25677
25166
26364
25498
25355
25347
25114
25481
25680
26313
26001
26656
25895
26087
27469
25975
26395
26268
26021
26597
27200
26702
27513
26817
27833
27439
27668
28505
27494
28557
28373
27852
28510
29072
27921
27455
27852
27561
27859
28516
28341
28460
28406
28719
28545
28636
28453
28488
28741
29302
29295
29307
29364
29722
29051
29022
29258
29169
29869
29970
29874
30029
30361
30131
30068
29966
30166
30283
30174
31904
30957
30930
30864
31253
31022
31447
30911
30913
30902
32095
33896
31865
31545
31835
31718
31938
31703
31870
31818
32869
32618
32601
32976
32442
32792
32541
32581
32512
32535
33581
33328
33289
33235
33291
33163
33153
33009
37440
40440
37311
35416
42010
34908
36795
36103
34726
34809
34438
39995
53041
37780
44592
36029
36567
42573
51688
38363
35223
38783
38647
38725
36918
38853
36511
36314
37725
35928
36103
37433
37100
37068
40853
37562
37104
37548
39599
37505
38584
36798
37362
37887
37562
37616
37797
37744
41301
37857
38350
38207
38594
39392
39019
38699
38303
40199
38562
38793
38897
39002
40003
40165
39037
39996
39621
39335
39044
39435
39564
41723
40507
40491
40861
42552
40379
40360
40086
39899
40114
39859
41758
42653
41913
43036
61432
42672
61007
44159
41144
41346
43027
42386
42404
43060
43521
45682
42673
42474
45372
43023
44225
44141
45775
51030
43626
43738
45820
43658
43762
43308
46422
45297
44509
44460
45947
44321
44953
45203
44862
45286
47295
45226
45128
47838
45930
45920
46256
46562
45095
45379
48091
46167
46522
47279
46852
46760
46046
46128
45870
53929
47797
46455
46617
46807
46559
46382
46711
46615
47083
46701
47545
48268
50627
47969
47414
50715
48348
50729
48144
48904
48184
48785
49751
48808
48739
48908
48525
48557
48788
49745
49741
49172
51095
49679
49968
49853
49522
50130
49454
50145
50410
51886
50420
50201
50582
50811
50557
50376
50912
52062
51869
51817
52434
52379
51241
51479
52287
50912
50995
51392
52107
52984
52075
52083
52284
52372
52209
52446
52512
52139
53185
53189
53387
52943
53200
53820
52749
53765
52860
53335
55446
53943
53719
53385
55605
53505
55544
56294
53981
53945
54134
54378
53953
54416
54038
54642
56066
54396
54520
53815
56632
55634
55048
56334
55286
55353
55939
56766
55795
54983
60689
56090
56631
56430
57005
55684
55792
56173
56023
55490
56825
58237
57789
57809
57728
56956
56883
57094
58242
57111
58080
58259
57237
61148
57709
58800
61157
57477
58997
58947
59106
59890
62117
57881
58871
58601
59176
59073
59412
59282
59720
59432
60216
59823
59394
60419
60983
60029
60733
60839
60513
60356
60791
60030
64540
60597
61332
60612
60631
61866
62607
64320
61477
61551
61524
61945
61743
61321
62389
62106
61763
62940
63043
62108
62625
62205
61986
63659
62075
62043
63283
63551
63631
62811
63952
63304
66015
63190
63262
63592
63735
63471
64013
65634
64231
63635
63442
66728
66550
63690
67508
64461
66484
65805
81668
64908
64941
65136
64896
64998
65882
65131
66305
66843
65536
66040
65634
65061
68903
65400
68363
97783
67067
66454
67343
71341
67884
66678
65997
68748
66924
67575
67878
68293
67364
68003
68210
67792
67907
66819
67362
68316
69314
67707
69010
73382
67591
68908
70352
69476
76128
69782
71408
70755
68694
70143
68455
68929
68944
67819
69469
69909
73689
71159
72378
69944
105353
70513
70593
70212
109430
70450
70529
71646
70552
71066
70326
75073
70463
69702
70727
72855
71485
80168
71854
72267
72305
72184
73535
72446
71633
72833
72248
74844
71343
72871
72719
72494
73504
73989
72721
73307
72817
73402
73109
73020
75166
74046
75532
74516
81118
74886
73806
75401
75303
75178
75601
76752
74664
74441
75537
75207
80621
75058
77137
76151
76464
75262
75599
75937
79866
75846
76979
75660
76286
75352
79518
74941
75271
76138
77628
76470
76873
77066
81003
77132
78032
78660
78046
78472
81111
77554
78282
79556
77549
77830
79712
78781
77542
80131
78172
79388
78953
77719
78954
80085
82375
79571
85055
80574
79148
78878
82379
80037
80094
80755
118028
87955
80765
83447
84454
81688
79408
83502
81011
79960
83080
84571
80289
82316
81591
82135
82058
82508
81771
80534
80685
82294
81392
80110
82946
81077
83377
81124
82262
81812
83511
81705
89343
84300
84552
83316
83626
83038
85470
84173
84680
82497
83786
84163
84815
84039
84836
83802
83969
87157
84046
85271
92273
84212
84538
83184
85205
84761
84400
83913
83354
84066
83975
83146
