0.001731
0.00119
0.001666
0.001701
0.002118
0.001619
0.001668
0.001201
0.001696
0.001648
0.001025
0.00081
0.001117
0.000949
0.001091
0.001126
0.001034
0.001141
0.001147
0.000832
0.001134
0.001084
0.000986
0.001213
0.001128
0.000754
0.001065
0.001086
0.000845
0.001092
0.000722
0.000648
0.000724
0.000696
0.000467
0.000602
0.000784
0.000699
0.000716
0.000709
0.00068
0.000674
0.000732
0.000682
0.000763
0.000747
0.000484
0.000599
0.00078
0.000658
0.010457
0.010208
0.007258
0.01012
0.01037
0.00947
0.010189
0.032948
0.031324
0.032218
0.012218
0.009412
0.010922
0.00865
0.008046
0.008577
0.009706
0.009201
0.007681
0.012609
0.005077
0.00755
0.005032
0.007265
0.004279
0.004086
0.004632
0.007522
0.007424
0.004221
0.003743
0.005445
0.004268
0.00441
0.004095
0.00624
0.004262
0.004377
0.005966
0.004347
0.001389
0.00203
0.004345
0.001542
0.003214
0.001433
0.001385
0.001436
0.00324
0.003193
0.001593
0.001382
0.003073
0.001301
0.001396
0.001513
0.001353
0.001422
0.001425
0.001472
0.001337
0.001436
0.001411
0.001433
0.00135
0.001317
0.00128
0.001226
0.001432
0.001414
0.001334
0.001385
0.001381
0.001407
0.001363
0.001549
0.001542
0.001593
0.001531
0.0014
0.001543
0.001454
0.001363
0.001418
0.00137
0.001429
0.001524
0.001527
0.001532
0.001724
0.0016
0.001584
0.001765
0.001631
0.00164
0.001957
0.001524
0.001507
0.001711
0.002096
0.046093
0.037321
0.026802
0.026735
0.027257
0.027463
0.026825
0.026876
0.026612
0.033594
0.01299
0.014757
0.069577
0.012974
0.047666
0.021524
0.015986
0.0516
0.012222
0.010698
0.050599
0.026809
0.029092
0.008007
0.015625
0.015141
0.013828
0.034857
0.016508
0.00856
0.008422
0.008451
0.020731
0.016883
0.016979
0.020354
0.00639
0.011204
0.005573
0.009392
0.006408
0.006291
0.005314
0.009547
0.006495
0.005469
0.006419
0.006371
0.010039
0.008235
0.006023
0.006759
0.007405
0.002241
0.005438
0.006739
0.008332
0.01338
0.00714
0.004422
0.004888
0.00522
0.004461
0.006968
0.001695
0.006499
0.001483
0.001465
0.006543
0.004107
0.001528
0.001422
0.001779
0.004883
0.001732
0.00182
0.0018
0.000644
0.000511
0.001926
0.001536
0.000526
0.000566
0.000549
0.000503
0.000534
0.001681
0.000496
0.00054
0.000551
0.00062
0.000527
0.000711
0.000658
0.00074
0.000745
0.000711
0.000725
0.000722
0.000716
0.000636
0.000684
0.000744
0.000799
0.000678
0.000683
0.000729
0.000738
0.000718
0.000791
0.00076
0.000671
0.000689
0.001303
0.00239
0.002125
0.002265
0.002221
0.002072
0.002225
0.002265
0.001608
0.001617
0.001517
0.002103
0.002121
0.001472
0.001392
0.002026
0.001964
0.001162
0.001361
0.00155
0.001436
0.001451
0.002023
0.001407
0.001403
0.001411
0.001433
0.001203
0.001123
0.001646
0.001
0.0012
0.001392
0.001488
0.001564
0.001913
0.001465
0.001575
0.00199
0.002037
0.001833
0.001338
0.001392
0.00199
0.002172
0.001352
0.00179
0.001545
0.001013
0.001118
0.001167
0.000997
0.001013
0.001137
0.00114
0.00153
0.001002
0.066422
0.098789
0.071256
0.071214
0.095707
0.070082
0.071829
0.071585
0.07115
0.071754
0.018583
0.017137
0.017704
0.022183
0.023366
0.015826
0.02218
0.017185
0.027453
0.023843
0.007331
0.027194
0.015023
0.034937
0.017083
0.031547
0.033002
0.025132
0.007946
0.014214
0.044048
0.012596
0.013052
0.037334
0.01323
0.037989
0.012316
0.010627
0.01708
0.037192
0.047554
0.021842
0.007449
0.011022
0.024395
0.008318
0.029728
0.021189
0.070078
0.031473
0.009999
0.020154
0.023028
0.02754
0.019084
0.02173
0.014638
0.01127
0.021016
0.006659
0.009987
0.022315
0.03045
0.05081
0.009334
0.008496
0.016324
0.057255
0.005723
0.011376
0.006815
0.018102
0.007226
0.014574
0.035301
0.018879
0.007708
0.021069
0.006498
0.015863
0.006361
0.006419
0.00719
0.007634
0.017484
0.008817
0.002317
0.009474
0.001404
0.005143
0.012592
0.007483
0.007359
0.010205
0.006361
0.006823
0.0071
0.001483
0.00154
0.006097
0.002218
0.007861
0.001524
0.019008
0.001694
0.001131
0.001238
0.006621
0.001208
0.001261
0.007485
0.00166
0.00585
0.005607
0.001379
0.001932
0.001466
0.005072
0.00726
0.001283
0.00125
0.0016
0.001563
0.001593
0.001576
0.000962
0.003721
0.003272
0.004312
0.00092
0.001613
0.001313
0.00129
0.001344
0.004818
0.00128
0.004955
0.001514
0.00402
0.001751
0.001407
0.001556
0.00125
0.001874
0.006526
0.001788
0.002313
0.002044
0.001571
0.002133
0.00164
0.006094
0.001433
0.001429
0.001564
0.001407
0.001455
0.001545
0.001367
0.00149
0.001315
0.001381
0.001583
0.001711
0.001571
0.00156
0.001256
0.001286
0.001336
0.001589
0.00172
0.00142
0.001313
0.001253
0.001323
0.001259
0.001293
0.001326
0.00128
0.001293
0.001293
0.001327
0.00158
0.001748
0.001529
0.001624
0.001551
0.001579
0.001584
0.001551
0.00166
0.001593
0.001633
0.001583
0.001668
0.001781
0.001569
0.001429
0.001313
0.001283
0.00152
0.001651
0.001691
0.001628
0.001728
0.001309
0.001263
0.001483
0.001575
0.001634
0.001988
0.002292
0.001919
0.001509
0.001688
0.001697
0.0016
0.002123
0.000742
0.000488
0.000533
0.000475
0.000498
0.000538
0.000542
0.000524
0.000556
0.000643
0.0005
0.000461
0.000514
0.000524
0.000532
0.000525
0.000683
0.000563
0.000733
0.000973
0.000519
0.000754
0.000703
0.000624
0.000762
0.000813
0.00063
0.000702
0.000669
0.000483
0.000713
0.000731
0.000636
0.000671
0.001015
0.000539
0.000802
0.000676
0.000697
0.000581
0.000547
0.000753
2.35171
2.18784
2.57471
2.38301
2.37024
2.22909
2.36441
2.51906
2.17618
2.34949
0.896908
0.637704
0.745829
0.87687
0.635646
0.654181
1.20784
0.575391
0.637816
0.78807
0.875041
0.557086
1.75033
1.47836
0.591071
1.65554
0.508886
3.60306
1.64906
0.431328
0.126898
0.683805
0.499647
0.508106
0.478396
0.533468
0.160689
0.386172
0.1739
0.759684
0.566982
1.05345
0.324246
2.08649
1.17662
0.706238
0.442314
0.457422
0.977577
0.265632
0.222004
0.506432
0.102748
0.576385
0.065431
0.43479
0.233725
0.437463
0.941764
0.354555
0.294249
0.212462
0.440031
0.069411
0.280582
0.087585
0.109499
0.060199
0.383467
0.178959
0.080995
0.203842
0.249192
0.785542
0.320008
0.425687
0.35626
0.07995
0.354473
0.367088
0.086419
0.080341
0.169688
0.017248
0.051398
0.079877
0.05769
0.127338
0.079123
0.335021
0.030347
0.089509
0.093048
0.043781
0.078474
0.024825
0.064926
0.024684
0.018094
0.067882
0.061008
0.02472
0.009125
0.026117
0.011864
0.058478
0.007483
0.018343
0.004926
0.037439
0.008505
0.111593
0.012348
0.015917
0.026804
0.018424
0.019674
0.016638
0.009607
0.008988
0.012276
0.015246
0.080958
0.002081
0.006495
0.020817
0.050654
0.056278
0.110322
0.009436
0.011365
0.026898
0.007801
0.021719
0.003443
0.000849
0.013197
0.003694
0.003228
0.006176
0.000909
0.003728
0.013861
0.00082
0.009524
0.013489
0.003971
0.004655
0.014694
0.01383
0.005877
0.004363
0.005958
0.005059
0.001785
0.001331
0.001155
0.001647
0.006441
0.004547
0.005381
0.005774
0.00131
0.001728
0.015476
0.005893
0.002133
0.001607
0.007368
0.008741
0.00129
0.003902
0.001367
0.007133
0.001202
0.001336
0.004173
0.00137
0.00456
0.005684
0.001715
0.001691
0.001527
0.002125
0.00176
0.006167
0.001694
0.001531
0.001516
0.00158
0.001607
0.00157
0.001673
0.001484
0.001543
0.006351
0.001874
0.001954
0.001936
0.001149
0.001067
0.001011
0.001014
0.00106
0.001083
0.003561
0.001033
0.001537
0.001109
0.001138
0.001181
0.001347
0.001821
0.001208
0.00138
0.001801
0.001323
0.001407
0.001259
0.001299
0.001808
0.002438
0.002414
0.001916
0.001318
0.001217
0.001593
0.002027
0.001411
0.001385
0.002134
0.002362
0.007771
0.001531
0.001623
0.001417
0.001326
0.001323
0.001224
0.001701
0.001808
0.002639
0.001768
0.001454
0.001433
0.001425
0.00129
0.001407
0.001309
0.001388
0.001451
0.00148
0.002085
0.001695
0.001569
0.001784
0.00154
0.001744
0.001674
0.00154
0.001638
0.001571
0.001547
0.001635
0.001573
0.001687
0.001025
0.001042
0.000993
0.001028
0.001072
0.001479
0.001882
0.00078
0.000566
0.000564
0.000532
0.000471
0.000591
0.000517
0.000568
0.000483
0.000516
0.000561
0.000501
0.000492
0.000467
0.00066
0.000739
0.000756
0.000615
0.000719
0.000836
0.000699
0.000726
0.000733
0.000649
0.000724
0.000805
0.000672
0.00065
0.000747
0.000618
0.000696
0.000663
0.000615
0.000795
0.000636
0.000753
0.000742
0.000725
0.000619
0.000746
0.000757
0.000678
0.000789
0.00073
0.000749
0.000721
0.00064
0.0007
0.000714
0.000645
0.000627
0.000706
0.000567
0.000755
0.000698
0.000524
0.00072
0.000774
0.000636
0.000714
0.000631
0.000772
0.000818
0.000734
0.001167
0.001235
0.001
0.00162
0.001604
0.001537
0.001879
0.001784
0.001536
0.001885
0.001724
0.001255
0.00116
0.001176
0.001275
0.002065
0.001239
0.001077
0.001076
0.00112
0.001601
0.001197
0.001023
0.001263
0.00116
0.00112
0.001063
0.001853
0.001792
0.001711
0.001451
0.001637
0.001862
20.4448
12.4652
12.6441
12.5272
18.1637
12.1278
12.2922
12.4029
17.9546
12.4247
29.6016
9.20815
30.2208
25.0508
19.6076
4.09369
6.78433
30.4317
25.8066
5.26184
35.4952
10.7826
2.53263
2.07042
50.3091
35.4405
3.30619
8.78074
60.9571
10.6378
3.59471
2.82014
23.9144
4.15062
64.6928
6.49422
27.6565
20.9596
19.6135
2.91859
20.4673
2.92034
4.08536
8.24979
8.1666
26.0492
6.54177
3.12439
2.53981
18.1571
5.03227
5.30599
8.4984
0.793083
14.6367
0.606054
4.39423
15.8366
3.25502
8.21998
2.12504
5.62285
1.83954
4.19157
1.61119
6.33519
22.5321
5.1354
17.4302
2.86002
0.610273
1.93082
4.44756
1.14363
0.355184
0.669796
1.34436
0.245661
1.05899
1.52838
0.20069
0.286518
0.28957
2.02442
1.09497
6.25122
10.5414
1.93799
1.014
0.450313
0.914986
1.12004
0.49893
0.190172
2.91442
0.115547
0.509538
0.125044
2.99527
0.852166
1.19517
10.1495
0.840108
0.080263
0.179984
0.06081
0.594027
0.052117
0.040847
0.649698
0.244665
0.087606
0.713879
0.193134
1.46631
0.679822
6.71923
0.069823
0.276289
0.300745
0.364301
1.69682
0.36242
0.121616
0.354807
1.38697
0.173528
0.221223
0.624122
0.474144
0.464805
0.421144
0.087603
0.121922
5.23604
1.12993
0.087422
0.030076
0.019761
0.073787
0.073394
0.114809
0.137036
0.141736
0.076304
0.105663
0.066877
0.039254
0.025814
0.107813
0.201754
0.101178
0.27085
0.311961
0.066389
0.025317
0.055626
0.020218
0.003837
0.018141
0.015634
0.006303
0.068476
0.027247
0.089233
0.031753
0.069309
0.04931
0.001396
0.010486
0.027013
0.009128
0.021562
0.004711
0.02047
0.071016
0.026333
0.007477
0.063841
0.013591
0.020827
0.009491
0.068582
0.072704
0.009782
0.01244
0.048965
0.022716
0.026836
0.033056
0.006887
0.013073
0.006325
0.013609
0.007778
0.006859
0.04648
0.001428
0.067848
0.009068
0.006288
0.024362
0.001528
0.017878
0.005966
0.021599
0.012208
0.022101
0.015144
0.005958
0.005172
0.005831
0.001558
0.015524
0.004553
0.031925
0.001661
0.008259
0.00978
0.001824
0.001594
0.001616
0.002302
0.02182
0.004798
0.005358
0.002216
0.03905
0.006101
0.010207
0.008771
0.008597
0.001848
0.001263
0.01129
0.011172
0.001263
0.005747
0.001343
0.006418
0.002386
0.009438
0.002401
0.000987
0.005126
0.00101
0.000963
0.001249
0.001263
0.004915
0.001323
0.008656
0.001895
0.002463
0.001498
0.002147
0.001553
0.006859
0.004931
0.004979
0.001972
0.001553
0.00178
0.001736
0.002349
0.004643
0.005011
0.007068
0.001366
0.00144
0.001348
0.005049
0.001233
0.000672
0.000583
0.000526
0.000553
0.0006
0.000543
0.000495
0.000521
0.002038
0.002325
0.00055
0.000519
0.0007
0.000687
0.000691
0.00211
0.002491
0.000691
0.000695
0.000722
0.000719
0.000662
0.000704
0.000784
0.000705
0.000704
0.000748
0.0008
0.000729
0.000723
0.000771
0.000675
0.0006
0.000769
0.000768
0.000691
0.0007
0.000698
0.000685
0.00068
0.000784
0.000758
0.000691
0.000747
0.000649
0.000623
0.000695
0.000685
0.0008
0.000847
0.000604
0.000698
0.000752
0.000756
0.000773
0.000601
0.002575
0.000681
0.000652
0.00076
0.000718
0.00074
0.00072
0.000736
0.000595
0.000656
0.000711
0.000744
0.000697
0.000727
0.000787
0.000685
0.000729
0.000729
0.00062
0.000726
0.000742
0.000665
0.000738
0.000681
0.000771
0.000712
0.000745
0.000698
0.000709
0.000685
0.000629
0.000705
0.000689
0.000659
0.000704
0.000749
0.000536
0.000655
0.000711
0.00065
0.00078
0.000762
0.000729
0.0007
0.000747
0.000687
0.000795
0.000732
0.000668
0.000682
0.000834
0.000737
0.000848
0.000671
0.000782
0.000734
0.002045
0.001939
0.001293
0.001426
0.001397
0.001235
0.001203
0.001221
0.001606
0.001656
0.001206
0.00117
0.001165
0.001949
0.002175
0.001472
0.002096
0.001433
0.001466
0.00133
0.001585
0.001584
0.001564
0.001643
0.001534
0.001527
0.001534
0.001447
0.001505
0.001371
0.001425
0.001422
0.001429
0.001782
0.001414
0.001547
0.001664
0.001456
0.001484
0.001536
0.001654
0.001804
0.001721
0.001671
0.001524
0.0016
0.001678
0.001748
0.002029
0.001872
0.001155
0.001139
0.001174
0.001288
0.001266
0.00134
0.001761
0.001811
0.00128
0.00136
0.001797
0.001494
0.001219
0.001801
0.001387
0.001467
0.002205
0.002269
0.001533
0.001734
0.001559
0.002253
0.002132
0.002125
0.002411
0.001253
0.001202
0.001812
0.0012
0.001272
0.001222
0.001178
0.001205
0.001331
0.001125
0.001489
0.002654
0.002369
0.001912
0.001899
0.001447
0.001542
0.002004
0.001909
0.001987
0.001414
0.001432
0.001986
0.002165
0.001538
0.001915
0.001523
0.001313
0.00131
0.001349
0.001293
0.001279
0.00128
0.0013
0.00132
0.001323
0.001276
0.002496
0.00158
0.001985
220.486
232.301
225.894
227.575
218.472
214.776
265.847
227.517
236.412
211.13
223.2
170.721
134.878
165.932
190.491
100.707
156.402
106.628
63.3176
232.774
45.3275
60.3706
450.753
316.623
45.0294
413.923
401.951
56.4938
475.187
61.3415
21.5739
242.773
20.1054
62.5041
117.799
113.398
107.473
172.878
78.7163
119.574
256.848
126.831
29.5634
26.3134
224.751
19.919
30.5166
106.369
7.08879
36.2703
952.329
211.083
58.8004
72.7883
13.6709
11.0474
71.4689
28.9632
36.8704
7.00944
658.491
171.848
53.3841
37.6662
12.2124
112.068
241.329
16.289
18.2984
21.3463
24.8823
102.382
56.4492
22.1247
4.78737
18.0591
408.585
130.545
55.1517
13.2565
112.868
37.5504
11.4109
7.03647
9.70202
57.0583
10.1664
29.1613
36.0171
15.2654
5.07374
50.4382
15.0171
1.64399
8.77125
80.3438
28.2499
7.4137
7.181
23.5258
7.1163
3.67879
12.127
2.91827
4.22545
1.82705
7.50605
1.62435
39.1262
54.245
10.0867
0.577572
1.07322
12.9135
6.9036
1.9795
1.04689
0.538745
2.72938
9.69371
7.7513
2.68744
16.6789
8.15834
10.5372
2.47428
0.657814
0.956327
9.89208
11.0953
5.60746
0.938719
2.49683
2.2688
13.8391
3.02609
0.17966
38.393
0.485601
0.342787
1.76522
1.65407
2.27313
11.8594
1.89549
0.488359
0.959533
1.89447
0.897358
2.42366
0.362893
2.04121
0.063944
0.294895
2.00605
0.191397
1.74592
0.897404
1.72075
4.79566
0.15328
0.453451
0.447356
1.14305
0.151381
0.338791
0.325043
0.123122
0.346922
0.474881
0.246342
0.1472
1.70555
0.498251
0.264167
0.48706
0.832826
0.277226
3.53516
0.120765
0.462073
0.157095
0.312594
14.7356
0.189955
0.080114
2.99443
0.349492
0.094365
0.49757
0.100536
0.022746
0.13313
0.373453
0.418269
1.21501
0.50496
35.0689
0.07864
0.046136
0.382214
0.361924
0.080588
0.040002
0.05523
0.7833
0.233361
0.176644
0.113321
0.039381
0.009626
0.019445
0.02688
0.018716
0.19848
0.469218
0.172091
0.248107
0.01061
0.025678
3.64032
0.007967
0.012453
0.27166
0.0746
0.082758
0.101734
0.025785
0.01115
0.014962
0.019832
0.036881
0.01222
0.013835
0.025626
0.854003
0.049394
0.015857
0.023535
0.022061
0.009398
0.04328
0.002829
0.007098
0.232455
0.012743
0.034861
0.005502
0.006307
0.066397
0.005746
0.00326
0.00373
0.0435
0.003969
0.007762
0.042744
0.016106
0.006418
0.016416
0.00628
0.008068
0.010768
0.001952
0.021872
0.004946
0.036923
0.012889
0.018267
0.035952
0.005141
0.006936
0.010054
0.006266
0.00176
0.003787
0.003697
0.02127
0.049788
0.001892
0.01913
0.001934
0.005554
0.004673
0.003477
0.004051
0.032251
0.003951
0.005245
0.003651
0.005638
0.001911
0.00326
0.013544
0.001706
0.02341
0.003783
0.00151
0.018471
0.035753
0.001398
0.006344
0.007176
0.001444
0.003696
0.005591
0.00385
0.007098
0.007836
0.005274
0.008762
0.004488
0.008809
0.004468
0.004779
0.004348
0.00952
0.004359
0.010212
0.009923
0.00394
0.005582
0.003443
0.003127
0.003328
0.00422
0.005096
0.003532
0.012613
0.004931
0.002828
0.004219
0.005296
0.002911
0.00284
0.002985
0.004437
0.00418
0.002978
0.004904
0.001963
0.003315
0.001969
0.001942
0.001809
0.00203
0.003581
0.00211
0.001404
0.001402
0.001442
0.001389
0.001891
0.001683
0.001899
0.001826
0.002821
0.001893
0.002606
0.001595
0.001861
0.001877
0.001935
0.001908
0.002053
0.002007
0.00214
0.002078
0.002129
0.002145
0.002081
0.002115
0.002135
0.002153
0.00207
0.002152
0.002148
0.002059
0.002408
0.002698
0.002038
0.002062
0.002032
0.002097
0.002043
0.003149
0.002618
0.002053
0.002038
0.002055
0.002123
0.002055
0.002055
0.002177
0.002087
0.002853
0.002071
0.003181
0.002122
0.002053
0.002592
0.002045
0.00283
0.002066
0.002119
0.002055
0.003892
0.002724
0.002016
0.00288
0.002063
0.004467
0.005422
0.007297
0.003371
0.002975
0.004084
0.006715
0.00398
0.003871
0.004968
0.004527
0.0041
0.005653
0.006186
0.003787
0.003699
0.004703
0.00403
0.005483
0.002861
0.002884
0.00285
0.004029
0.003011
0.003087
0.004855
0.005347
0.003765
0.003678
0.004902
0.005212
0.00359
0.00379
0.003813
0.005157
0.005353
0.004346
0.004214
0.005549
0.004982
0.003849
0.00363
0.003644
0.005073
0.003809
0.003783
0.003922
0.004997
0.003119
0.003175
0.004277
0.003242
0.003197
0.004445
0.004279
0.003336
0.003841
0.004793
0.007677
0.003809
0.003779
0.003648
0.003674
0.003768
0.003831
0.004946
0.004978
0.005354
0.003438
0.003412
0.003525
0.003421
0.003491
0.003531
0.003448
0.003344
0.003338
0.003551
0.003666
0.004085
0.003725
0.003805
0.003801
0.00417
0.00419
0.004145
0.004133
0.003916
0.004184
0.004173
0.006006
0.004093
0.005737
0.006178
0.006239
0.002989
0.002967
0.003007
0.003038
0.002967
0.00293
0.004495
0.003381
0.004905
0.003338
0.003508
0.004447
0.005515
0.005358
0.003725
0.003718
0.004884
0.004811
0.004237
0.003758
0.004913
0.005052
0.003845
0.003882
0.003853
0.005022
0.005023
0.003648
0.003762
0.004928
0.005096
0.003852
0.003812
0.004852
0.00455
0.003438
0.003508
0.006311
0.005994
0.006278
0.003199
0.003325
0.005802
0.004005
0.00422
0.004206
0.004182
0.00399
0.003758
0.007635
0.003929
0.003827
0.003878
0.003874
0.005609
0.005232
0.005656
0.003819
0.005001
0.003704
0.003758
0.007126
0.003754
0.003743
0.004093
0.00554
0.00566
0.003827
0.00379
0.004983
0.002942
0.00292
0.00416
0.003941
0.002961
0.002862
0.002999
0.00301
0.003035
0.004021
0.002993
0.003062
0.003892
0.00293
0.002976
0.003001
0.002904
0.003812
0.003085
0.002935
0.003075
0.004339
0.002958
0.005482
0.005056
0.003068
0.003146
0.003133
0.004402
0.005413
0.004193
0.004258
0.00427
0.004286
0.004992
0.004535
0.004683
0.004579
0.004522
0.005613
0.003085
0.003063
0.004504
0.003147
0.003189
0.005758
0.002545
0.002412
0.003447
0.002421
0.002393
0.002404
0.00242
0.002348
0.00235
0.002381
0.002392
0.004575
0.004539
0.004687
0.004483
0.004193
0.004055
0.005674
0.004688
0.003475
0.003525
0.006122
0.005533
0.004246
0.004217
0.005806
0.003475
0.003455
