0 64
0 62
0 62
0 63
0 62
0 63
0 62
0 66
0 63
0 63
0 63
0 63
0 189
0 62
0 62
0 62
0 62
0 62
0 63
0 70
0 63
0 76
0 75
0 75
0 75
0 74
0 75
0 63
0 63
0 65
0 154
0 107
0 109
0 63
0 62
0 65
0 62
0 67
0 62
0 62
0 62
0 76
0 75
0 64
0 63
0 64
0 77
0 77
0 84
0 136
0 63
0 62
0 64
0 188
0 62
0 75
0 74
0 80
0 81
0 71
0 76
0 88
0 83
0 62
0 63
0 62
0 63
0 62
0 63
0 63
0 68
0 63
0 72
0 89
0 63
0 129
0 63
0 63
0 63
0 62
0 86
0 75
0 75
0 63
0 62
0 75
0 65
0 64
0 191
0 65
0 87
0 76
0 76
0 76
0 75
0 63
0 75
0 75
0 150
0 62
0 63
0 63
0 63
0 63
0 63
0 62
0 63
0 62
0 62
0 63
0 64
0 63
0 63
0 78
0 63
0 70
0 62
0 62
0 63
0 63
0 72
0 63
0 63
0 63
0 75
0 89
0 63
0 70
0 62
0 62
0 70
0 63
0 71
0 75
0 75
0 75
0 76
0 63
0 63
0 63
0 64
0 62
0 63
0 63
0 65
0 63
0 76
0 76
0 62
0 63
0 189
0 66
0 62
0 62
0 63
0 65
0 189
0 64
0 63
0 64
0 65
0 63
0 62
0 63
0 82
0 64
0 93
0 92
0 116
0 126
0 189
0 152
0 63
0 62
0 64
0 63
0 64
0 63
0 65
0 63
0 64
0 63
0 75
0 76
0 63
0 63
0 75
0 75
0 75
0 75
0 64
0 62
0 103
0 75
0 76
0 77
0 63
0 62
0 63
0 63
0 66
0 75
0 84
0 65
0 75
0 75
0 75
0 74
0 75
0 76
0 64
0 76
0 76
0 76
0 63
0 63
0 74
0 76
0 76
0 75
0 64
0 75
0 76
0 62
0 62
0 75
0 76
0 75
0 85
0 75
0 64
0 189
0 63
0 64
0 62
0 62
0 75
0 64
0 63
0 76
0 65
0 76
0 64
0 62
0 63
0 63
0 64
0 63
0 76
0 62
0 65
0 85
0 152
0 65
0 65
0 65
0 107
0 86
0 63
0 64
0 64
0 63
0 76
0 75
0 63
0 63
0 63
0 63
0 64
0 63
0 64
0 75
0 82
0 77
0 65
0 64
0 64
0 189
0 72
0 94
0 64
0 63
0 62
0 63
0 63
0 62
0 63
0 63
0 76
0 96
0 64
0 76
0 76
0 63
0 63
0 64
0 63
0 64
0 63
0 65
0 64
0 64
0 64
0 62
0 65
0 63
0 75
0 75
0 202
0 76
0 64
0 64
0 63
0 75
0 77
0 78
0 63
0 63
0 63
0 63
0 89
0 63
0 64
0 62
0 63
0 77
0 76
0 64
0 63
0 64
0 65
0 63
0 63
0 63
0 64
0 63
0 63
0 63
0 75
0 63
0 69
0 76
0 76
0 64
0 63
0 63
0 64
0 76
0 75
0 76
0 80
0 79
0 64
0 64
0 63
0 62
0 77
0 75
0 63
0 63
0 65
0 75
0 77
0 76
0 76
0 63
0 64
0 64
0 63
0 76
0 64
0 63
0 63
0 77
0 63
0 76
0 76
0 76
0 77
0 76
0 66
0 63
0 79
0 76
0 63
0 63
0 75
0 76
0 64
0 64
0 128
0 192
0 191
0 64
0 64
0 64
0 75
0 76
0 64
0 63
0 64
0 74
0 97
0 84
0 63
0 64
0 64
0 63
0 64
0 64
0 64
0 64
0 65
0 62
0 63
0 63
0 65
0 64
0 64
0 63
0 65
0 191
0 64
0 63
0 64
0 64
0 63
0 64
0 64
0 64
0 67
0 76
0 76
0 64
0 64
0 76
0 76
0 64
0 76
0 77
0 65
0 76
0 76
0 64
0 74
0 76
0 78
0 78
0 65
0 64
0 64
0 64
0 63
0 63
0 64
0 64
0 65
0 88
0 68
0 96
0 64
0 190
0 66
0 190
0 189
0 63
0 75
0 68
0 77
0 76
0 64
0 77
0 78
0 64
0 96
0 95
0 64
0 65
0 63
0 64
0 65
0 76
0 76
0 76
0 76
0 65
0 63
0 63
0 64
0 76
0 64
0 154
0 84
0 64
0 192
0 63
0 65
0 64
0 64
0 76
0 65
0 64
0 78
0 77
0 100
0 193
0 65
0 64
0 65
0 65
0 65
0 65
0 64
0 64
0 192
0 65
0 64
0 63
0 64
0 63
0 65
0 64
0 63
0 63
0 64
0 64
0 63
0 65
0 63
0 64
0 65
0 64
0 77
0 65
0 64
0 64
0 64
0 64
0 64
0 65
0 66
0 76
0 97
0 64
0 77
0 77
0 77
0 76
0 64
0 65
0 65
0 77
0 77
0 65
0 76
0 66
0 65
0 92
0 127
0 128
0 64
0 64
0 64
0 63
0 64
0 64
0 68
0 64
0 64
0 64
0 67
0 64
0 64
0 64
0 192
0 64
0 63
0 65
0 64
0 64
0 65
0 78
0 64
0 63
0 77
0 78
0 76
0 78
0 77
0 77
0 64
0 78
0 77
0 77
0 64
0 64
0 76
0 80
0 111
0 96
0 64
0 64
0 65
0 65
0 65
0 64
0 64
0 69
0 77
0 97
0 70
0 161
0 65
0 110
0 110
0 65
0 63
0 64
0 64
0 66
0 65
0 65
0 96
0 65
0 63
0 64
0 65
0 129
0 154
0 77
0 66
0 64
0 65
0 64
0 64
0 64
0 64
0 65
0 64
0 65
0 65
0 64
0 77
0 77
0 77
0 78
0 64
0 63
0 64
0 64
0 65
0 77
0 76
0 64
0 77
0 77
0 78
0 76
0 77
0 77
0 66
0 77
0 87
0 64
0 87
0 194
0 86
0 95
0 64
0 65
0 65
0 65
0 65
0 64
0 64
0 194
0 64
0 65
0 65
0 65
0 66
0 65
0 64
0 65
0 77
0 64
0 65
0 77
0 77
0 76
0 65
0 64
0 78
0 78
0 78
0 77
0 77
0 65
0 64
0 77
0 66
0 77
0 66
0 66
0 88
0 108
0 86
0 66
0 64
0 63
0 65
0 64
0 64
0 63
0 64
0 64
0 65
0 85
0 65
0 96
0 66
0 88
0 87
0 65
0 65
0 65
0 66
0 66
0 65
0 66
0 66
0 66
0 66
0 67
0 65
0 66
0 67
0 66
0 66
0 66
0 68
0 67
0 68
0 66
0 66
0 67
0 67
0 68
0 89
0 67
0 68
0 68
0 67
0 66
0 66
0 67
0 71
0 68
0 66
0 66
0 69
0 69
0 227
0 67
0 66
0 67
0 66
0 67
0 66
0 68
0 69
0 68
0 92
0 67
0 133
0 67
0 67
0 66
0 68
0 67
0 69
0 66
0 67
0 67
0 81
0 81
0 80
0 94
0 80
0 67
0 68
0 67
0 80
0 80
0 80
0 81
0 66
0 80
0 80
0 81
0 67
0 67
0 96
0 81
0 75
0 68
0 67
0 67
0 70
0 71
0 68
0 68
0 67
0 67
0 67
0 67
0 67
0 67
0 67
0 67
0 89
0 69
0 89
0 76
0 102
0 68
0 67
0 101
0 68
0 67
0 211
0 133
0 67
0 68
0 67
0 67
0 67
0 68
0 68
0 69
0 68
0 68
0 67
0 117
0 201
0 68
0 81
0 68
0 67
0 82
0 69
0 68
0 67
0 80
0 68
0 67
0 81
0 81
0 81
0 81
0 69
0 82
0 82
0 68
0 68
0 66
0 66
0 67
0 68
0 81
0 70
0 204
0 67
0 81
0 93
0 69
0 90
0 203
0 137
0 69
0 69
0 73
0 68
0 68
0 68
0 82
0 80
0 80
0 68
0 76
0 69
0 81
0 83
0 81
0 81
0 82
0 82
0 69
0 81
0 81
0 69
0 81
0 82
0 80
0 81
0 81
0 80
0 68
0 67
0 80
0 69
0 68
0 68
0 82
0 83
0 93
0 116
0 116
0 68
0 68
0 70
0 81
0 81
0 68
0 68
0 82
0 68
0 91
0 68
0 100
0 71
0 70
0 67
0 68
0 68
0 68
0 68
0 69
0 69
0 69
0 72
0 69
0 72
0 69
0 68
0 69
0 71
0 70
0 70
0 70
0 81
0 68
0 84
0 84
0 69
0 70
0 70
0 69
0 69
0 70
0 72
0 69
0 69
0 71
0 75
0 70
0 71
0 84
0 70
0 69
0 72
0 70
0 69
0 71
0 69
0 101
0 102
0 72
0 219
0 123
0 140
0 69
0 71
0 71
0 74
0 71
0 71
0 71
0 70
0 70
0 70
0 83
0 84
0 84
0 71
0 69
0 71
0 70
0 84
0 98
0 71
0 83
0 85
0 83
0 84
0 70
0 74
0 69
0 70
0 72
0 71
0 70
0 84
0 84
0 84
0 97
0 216
0 171
0 207
0 69
0 72
0 72
0 71
0 71
0 70
0 71
0 95
0 71
0 98
0 105
0 72
0 71
0 70
0 71
0 70
0 71
0 69
0 71
0 70
0 70
0 72
0 72
0 72
0 71
0 70
0 71
0 70
0 71
0 70
0 72
0 71
0 69
0 70
0 71
0 72
0 71
0 71
0 71
0 70
0 71
0 72
0 71
0 71
0 86
0 86
0 85
0 70
0 72
0 71
0 71
0 73
0 87
0 87
0 70
0 73
0 71
0 72
0 73
0 71
0 85
0 73
0 77
0 85
0 88
0 88
0 87
0 72
0 89
0 87
0 86
0 73
0 74
0 87
0 84
0 88
0 85
0 87
0 86
0 72
0 86
0 75
0 87
0 71
0 74
0 85
0 86
0 87
0 87
0 87
0 71
0 72
0 98
0 75
0 98
0 172
0 72
0 75
0 72
0 72
0 74
0 74
0 73
0 73
0 73
0 80
0 74
0 74
0 73
0 74
0 74
0 80
0 75
0 226
0 75
0 74
0 75
0 73
0 75
0 74
0 73
0 76
0 98
0 76
0 103
0 87
0 76
0 151
0 75
0 75
0 73
0 228
0 75
0 75
0 75
0 228
0 77
0 74
0 75
0 75
0 76
0 83
0 76
0 90
0 89
0 75
0 75
0 75
0 90
0 90
0 90
0 77
0 76
0 91
0 90
0 90
0 91
0 75
0 83
0 76
0 90
0 78
0 90
0 77
0 77
0 92
0 100
0 92
0 92
0 91
0 93
0 77
0 92
0 93
0 77
0 77
0 91
0 76
0 83
0 92
0 91
0 79
0 92
0 92
0 91
0 98
0 77
0 83
0 77
0 90
0 77
0 78
0 77
0 92
0 79
0 76
0 93
0 92
0 92
0 92
0 92
0 78
0 77
0 122
0 105
0 103
0 78
0 78
0 155
0 90
0 77
0 78
0 92
0 92
0 77
0 77
0 91
0 154
0 240
0 77
0 78
0 79
0 76
0 78
0 79
0 77
0 77
0 101
0 76
0 101
0 86
0 79
0 236
0 77
0 93
0 77
0 79
0 78
0 78
0 80
0 79
0 80
0 78
0 77
0 79
0 94
0 120
0 78
0 78
0 78
0 94
0 80
0 78
0 79
0 96
0 94
0 96
0 95
0 94
0 79
0 79
0 79
0 94
0 94
0 80
0 152
0 78
0 78
0 77
0 79
0 86
0 80
0 80
0 238
0 80
0 106
0 80
0 81
0 81
0 79
0 96
0 82
0 81
0 99
0 97
0 97
0 97
0 103
0 82
0 81
0 97
0 82
0 84
0 83
0 83
0 82
0 82
0 82
0 83
0 83
0 82
0 85
0 84
0 88
0 84
0 97
0 85
0 83
0 83
0 95
0 83
0 85
0 116
0 205
0 203
0 85
0 85
0 84
0 84
0 85
0 169
0 87
0 100
0 103
0 102
0 102
0 104
0 85
0 109
0 103
0 102
0 101
0 148
0 257
0 86
0 85
0 85
0 85
0 88
0 86
0 86
0 88
0 104
0 130
0 131
0 124
0 86
0 86
0 86
0 88
0 86
0 88
0 91
0 88
0 88
0 87
0 88
0 87
0 87
0 87
0 261
0 90
0 89
0 88
0 88
0 89
0 88
0 95
0 91
0 88
0 90
0 92
0 92
0 92
0 99
0 92
0 92
0 93
0 92
0 92
0 93
0 98
0 96
0 95
0 95
0 97
0 96
0 96
0 101
0 96
0 96
0 104
0 101
0 101
0 102
0 102
0 101
0 102
0 101
0 102
0 102
0 111
0 109
0 111
0 112
0 110
0 110
0 110
0 109
0 110
0 111
0 120
0 120
0 120
0 120
0 122
0 167
0 120
0 180
0 358
0 146
0 128
0 124
0 126
0 125
0 125
0 125
0 125
0 127
0 124
0 125
0 129
0 134
0 127
0 142
0 127
0 126
0 126
0 126
0 126
0 126
0 131
0 130
0 133
0 171
0 130
0 134
0 130
0 132
0 131
0 130
0 132
0 160
0 159
0 133
0 133
0 228
0 133
0 133
0 133
0 133
0 136
0 135
0 154
0 136
0 136
0 135
0 135
0 132
0 135
0 134
0 138
0 165
0 165
0 137
0 137
0 135
0 136
0 137
0 136
0 137
0 143
0 141
0 140
0 140
0 141
0 139
0 140
0 140
0 172
0 170
0 146
0 172
0 173
0 170
0 143
0 146
0 143
0 146
0 159
0 143
0 148
0 148
0 146
0 148
0 146
0 148
0 148
0 149
0 147
0 149
0 154
0 180
0 184
0 150
0 150
0 148
0 151
0 149
0 150
0 148
0 155
0 153
0 154
0 154
0 187
0 262
0 308
0 216
0 203
0 241
0 160
0 155
0 158
0 156
0 156
0 155
0 157
0 156
0 155
0 156
0 179
0 161
0 160
0 160
0 163
0 161
0 160
0 159
0 162
0 160
0 168
0 168
0 200
0 172
0 171
0 344
0 290
0 168
0 169
0 168
0 176
0 174
0 176
0 175
0 173
0 174
0 176
0 235
0 175
0 254
0 560
0 186
0 187
0 186
0 187
0 187
0 184
0 191
0 185
0 198
0 200
0 201
0 599
0 199
0 200
0 200
0 248
0 240
0 202
0 199
0 227
0 272
0 270
0 224
0 239
0 224
0 271
0 284
0 272
0 274
0 284
0 306
0 318
0 259
0 263
0 260
0 310
0 314
0 308
0 310
0 274
0 327
0 331
0 274
0 279
0 271
0 326
0 337
0 326
0 340
0 295
0 347
0 346
0 289
0 288
0 288
0 289
0 287
0 377
0 345
0 509
0 949
0 593
0 298
0 295
0 298
0 298
0 296
0 895
0 298
0 314
0 312
0 311
0 621
0 751
0 312
0 310
0 375
0 320
0 312
0 321
0 322
0 326
0 383
0 383
0 390
0 338
0 324
0 989
0 320
0 338
0 333
0 402
0 337
0 334
0 400
0 402
0 555
0 335
0 461
0 516
0 513
0 345
0 344
0 352
0 344
0 343
0 343
0 345
0 341
0 348
0 344
0 345
0 346
0 353
0 347
0 345
0 344
0 347
0 413
0 348
0 352
0 420
0 419
0 350
0 357
0 347
0 417
0 453
0 347
0 352
0 349
0 420
0 418
0 351
0 357
0 348
0 418
0 417
0 424
0 359
0 365
0 426
0 428
0 362
0 373
0 356
0 429
0 429
0 429
0 382
0 387
0 457
0 456
0 381
0 394
0 379
0 457
0 457
0 459
0 1026
0 684
0 692
0 399
0 398
0 399
0 397
0 397
0 397
0 397
0 411
0 409
0 410
0 412
0 490
0 408
0 410
0 409
0 405
0 489
0 413
0 449
0 415
0 418
0 411
0 411
0 1278
0 423
0 679
0 420
0 415
0 415
0 518
0 496
0 416
0 495
0 504
0 498
0 493
0 502
0 438
0 551
0 413
0 546
0 413
0 409
0 419
0 408
0 411
0 411
0 411
0 495
0 492
0 492
0 488
0 409
0 816
0 406
0 409
0 409
0 409
0 408
0 408
0 1225
0 615
0 591
0 410
0 417
0 408
0 409
0 414
0 412
0 492
0 498
0 413
0 429
0 413
0 496
0 497
0 506
0 422
0 419
0 426
0 422
0 507
0 505
0 504
0 423
0 420
0 504
0 419
0 415
0 503
0 498
0 498
0 497
0 421
0 500
0 519
0 502
0 1269
0 838
0 839
0 416
0 502
0 467
0 420
0 416
0 420
0 418
0 426
0 424
0 424
0 424
0 422
0 430
0 425
0 437
0 420
0 424
0 433
0 436
0 437
0 434
0 434
0 438
0 432
0 433
0 434
0 503
0 1382
0 1108
0 452
0 552
0 585
0 453
0 461
0 456
0 453
0 452
0 692
0 666
0 618
0 474
0 467
0 497
0 466
0 466
0 464
0 465
0 568
0 510
0 509
0 506
0 509
0 510
0 508
0 507
0 507
0 511
0 604
0 602
0 609
0 602
0 618
0 605
0 606
0 728
0 638
0 600
0 644
0 640
0 675
0 643
0 642
0 639
0 640
0 643
0 641
0 769
0 675
0 678
0 710
0 678
0 674
0 854
0 811
0 685
0 676
0 674
0 694
0 693
0 839
0 696
0 692
0 697
0 693
0 694
0 696
0 693
0 2181
0 719
0 722
0 723
0 1009
0 722
0 1054
0 721
0 724
0 736
0 739
0 723
0 722
0 736
0 720
0 721
0 727
0 722
0 736
0 719
0 714
0 715
0 716
0 719
0 712
0 716
0 2140
0 1493
0 713
0 864
0 718
0 719
0 720
0 744
0 2251
0 711
0 711
0 737
0 709
0 710
0 704
0 704
0 714
0 703
0 702
0 1005
0 747
0 1064
0 706
0 1737
0 699
0 700
0 705
0 705
0 839
0 845
0 700
0 837
0 842
0 705
0 691
0 709
0 829
0 826
0 691
0 836
0 828
0 829
0 695
0 692
0 700
0 699
0 711
0 839
0 839
0 699
0 840
0 840
0 718
0 702
0 712
0 841
0 841
0 697
0 711
0 712
0 845
0 845
0 700
0 843
0 705
0 702
0 844
0 845
0 963
0 697
0 699
0 836
0 851
0 840
0 703
0 700
0 706
0 712
0 700
0 843
0 839
0 840
0 702
0 707
0 702
0 857
0 1719
0 2351
0 701
0 1024
0 704
0 1206
0 702
0 704
0 712
0 728
0 710
0 853
0 851
0 713
0 717
0 707
0 892
0 846
0 737
0 857
0 857
0 710
0 859
0 857
0 860
0 716
0 713
0 854
0 873
0 1470
0 727
0 876
0 729
0 746
0 872
0 876
0 729
0 729
0 750
0 1412
0 1135
0 1190
0 750
0 748
0 745
0 748
0 768
0 743
0 765
0 762
0 783
0 763
0 761
0 778
0 763
0 759
0 763
0 757
0 811
0 815
0 976
0 811
0 817
0 999
0 998
0 809
0 974
0 968
0 837
0 1007
0 844
0 837
0 837
0 845
0 1119
0 844
0 843
0 1041
0 893
0 897
0 1078
0 893
0 911
0 1080
0 1076
0 901
0 1081
0 1074
0 943
0 1145
0 1029
0 918
0 1116
0 1101
0 915
0 1106
0 1114
0 1113
0 953
0 943
0 941
0 931
0 966
0 1116
0 1120
0 938
0 1125
0 1113
0 906
0 1088
0 908
0 924
0 1098
0 1094
0 1343
0 916
0 1328
0 1097
0 919
0 932
0 937
0 912
0 911
0 915
0 933
0 1096
0 1096
0 917
0 1051
0 1048
0 1074
0 1269
0 1166
0 1050
0 1253
0 1258
0 1045
0 1257
1 1009
1 904
1 2780
1 937
1 907
1 1107
1 909
1 901
1 1091
1 907
1 1259
1 1302
1 933
1 1642
1 926
1 891
1 880
1 888
1 882
1 882
1 885
1 886
1 892
1 882
1 882
1 893
1 892
1 891
1 889
1 892
1 903
1 892
1 900
1 881
1 899
1 881
1 873
1 873
1 873
1 877
1 871
1 888
1 880
1 882
1 881
1 868
1 868
1 881
1 878
1 872
1 870
1 868
1 864
1 876
1 864
1 884
1 879
1 877
1 1056
1 877
1 858
1 867
1 856
1 864
1 858
1 857
1 860
1 871
1 860
1 859
1 862
1 1031
1 953
1 876
1 857
1 867
1 863
1 858
1 858
1 866
1 1281
1 2680
1 2599
1 862
1 885
1 894
1 856
1 856
1 856
1 872
1 877
1 918
1 950
1 873
1 1034
1 856
1 865
1 1038
1 866
1 884
1 894
1 1030
1 858
1 1237
1 871
1 873
1 860
1 859
1 867
1 869
1 859
1 869
1 865
1 867
1 860
1 1257
1 958
1 892
1 857
1 2103
1 872
1 859
1 869
1 885
1 871
1 871
1 868
1 862
1 856
1 860
1 881
1 1037
1 878
1 866
1 862
1 885
1 886
1 886
1 867
1 870
1 864
1 1035
1 871
1 876
1 889
1 888
1 862
1 869
1 872
1 861
1 2131
1 876
1 885
1 875
1 888
1 884
1 885
1 888
1 875
1 904
1 885
1 885
1 896
1 885
1 886
1 894
1 891
1 885
1 881
1 879
1 892
1 891
1 887
1 886
1 890
1 883
1 890
1 880
1 881
1 2144
1 883
1 2276
1 892
1 879
1 883
1 892
1 1055
1 1055
1 887
1 903
1 882
1 892
1 887
1 905
1 895
1 1080
1 888
1 888
1 1067
1 891
1 908
1 897
1 1077
1 898
1 903
1 890
1 882
1 894
1 884
1 887
1 898
1 889
1 881
1 899
1 894
1 1277
1 1452
1 1183
1 887
1 887
1 892
1 891
1 891
1 883
1 881
1 883
1 882
1 902
1 882
1 885
1 899
1 882
1 896
1 880
1 892
1 887
1 884
1 889
1 884
1 890
1 886
1 880
1 885
1 882
1 901
1 882
1 894
1 902
1 894
1 904
1 889
1 1063
1 898
1 1119
1 899
1 899
1 911
1 896
1 881
1 894
1 905
1 891
1 894
1 888
1 893
1 890
1 885
1 893
1 1918
1 885
1 912
1 886
1 1073
1 955
1 888
1 883
1 896
1 883
1 895
1 892
1 887
1 902
1 886
1 889
1 889
1 1300
1 904
1 1510
1 2682
1 1355
1 889
1 885
1 891
1 878
1 898
1 882
1 881
1 890
1 2722
1 895
1 885
1 878
1 891
1 885
1 906
1 903
1 904
1 879
1 1084
1 887
1 2710
1 888
1 895
1 903
1 1410
1 899
1 893
1 900
1 1266
1 918
1 1033
1 1200
1 901
1 893
1 905
1 901
1 899
1 894
1 903
1 901
1 931
1 889
1 898
1 906
1 896
1 888
1 890
1 930
1 895
1 898
1 935
1 902
1 894
1 898
1 906
1 899
1 890
1 903
1 893
1 897
1 901
1 1069
1 1095
1 891
1 901
1 895
1 900
1 896
1 892
1 893
1 901
1 889
1 895
1 898
1 908
1 914
1 913
1 905
1 905
1 910
1 932
1 1080
1 892
1 904
1 894
1 897
1 896
1 902
1 898
1 892
1 890
1 898
1 903
1 889
1 893
1 909
1 902
1 893
1 1085
1 899
1 1993
1 906
1 1071
1 1078
1 894
1 950
1 907
1 889
1 911
1 915
1 896
1 894
1 918
1 1091
1 906
1 914
1 1071
1 898
1 904
1 898
1 902
1 907
1 892
1 1077
1 1057
1 1306
1 904
1 1591
1 896
1 903
1 894
1 903
1 898
1 905
1 913
1 912
1 894
1 1294
1 1478
1 1378
1 897
1 932
1 915
1 930
1 906
1 930
1 924
1 902
1 931
1 896
1 913
1 908
1 915
1 918
1 904
1 901
1 896
1 898
1 906
1 902
1 895
1 895
1 903
1 904
1 896
1 909
1 911
1 909
1 894
1 902
1 892
1 1085
1 1071
1 907
1 900
1 891
1 895
1 906
1 904
1 900
1 895
1 903
1 910
1 894
1 903
1 914
1 900
1 893
1 892
1 892
1 909
1 902
1 897
1 892
1 901
1 896
1 904
1 902
1 892
1 903
1 903
1 905
1 909
1 918
1 914
1 891
1 909
1 902
1 1340
1 2827
1 916
1 891
1 902
1 893
1 902
1 1071
1 903
1 891
1 1071
1 896
1 915
1 907
1 1087
1 900
1 905
1 1070
1 891
1 894
1 902
1 914
1 896
1 1351
1 904
1 895
1 1202
1 977
1 900
1 892
1 907
1 908
1 895
1 917
1 901
1 1304
1 1461
1 926
1 1842
1 919
1 899
1 911
1 913
1 896
1 890
1 1070
1 1021
1 905
1 889
1 900
1 1971
1 1783
1 891
1 891
1 900
1 1075
1 889
1 899
1 891
1 903
1 908
1 905
1 900
1 894
1 888
1 886
1 887
1 1066
1 894
1 888
1 1063
1 896
1 906
1 890
1 882
1 887
1 894
1 1070
1 1063
1 894
1 1072
1 1020
1 895
1 894
1 894
1 896
1 1067
1 889
1 895
1 888
1 891
1 902
1 931
1 1080
1 894
1 889
1 900
1 896
1 889
1 1082
1 925
1 1012
1 886
1 1742
1 895
1 893
1 908
1 900
1 887
1 924
1 895
1 896
1 904
1 904
1 898
1 899
1 1077
1 1042
1 891
1 887
1 905
1 886
1 887
1 898
1 886
1 1065
1 888
1 1276
1 895
1 886
1 887
1 905
1 881
1 893
1 896
1 885
1 884
1 888
1 893
1 1302
1 894
1 1435
1 893
1 1791
1 882
1 891
1 893
1 887
1 884
1 893
1 884
1 888
1 890
1 906
1 894
1 884
1 885
1 881
1 884
1 886
1 904
1 885
1 897
1 898
1 883
1 901
1 881
1 906
1 889
1 906
1 911
1 890
1 892
1 882
1 911
1 896
1 879
1 893
1 892
1 893
1 885
1 892
1 875
1 883
1 885
1 873
1 1057
1 1909
1 872
1 885
1 875
1 875
1 881
1 892
1 894
1 885
1 871
1 887
1 1175
1 873
1 884
1 889
1 878
1 879
1 1317
1 2530
1 1541
1 889
1 906
1 874
1 884
1 874
1 881
1 896
1 1058
1 875
1 876
1 1048
1 874
1 897
1 884
1 871
1 909
1 889
1 888
1 883
1 882
1 928
1 1783
1 888
1 878
1 879
1 873
1 890
1 1515
1 1286
1 882
1 1408
1 883
1 1174
1 874
1 879
1 875
1 872
1 880
1 879
1 872
1 882
1 870
1 876
1 882
1 878
1 873
1 872
1 887
1 888
1 881
1 883
1 873
1 888
1 882
1 870
1 890
1 897
1 886
1 871
1 876
1 872
1 881
1 1091
1 885
1 889
1 869
1 869
1 870
1 875
1 876
1 880
1 884
1 877
1 870
1 869
1 870
1 868
1 875
1 883
1 870
1 880
1 878
1 875
1 869
1 880
1 910
1 906
1 869
1 866
1 866
1 867
1 875
1 888
1 885
1 867
1 870
1 878
1 899
1 872
1 871
1 870
1 878
1 1283
1 1328
1 876
1 893
1 919
1 877
1 876
1 908
1 890
1 865
1 904
1 890
1 867
1 885
1 886
1 868
1 871
1 868
1 867
1 878
1 1056
1 870
1 889
1 1277
1 1317
1 868
1 867
1 861
1 860
1 861
1 861
1 859
1 879
1 876
1 1274
1 884
1 1422
1 1308
1 972
1 2582
1 872
1 870
1 871
1 1080
1 869
1 864
1 879
1 877
1 879
1 872
1 872
1 875
1 934
1 868
1 873
1 963
1 857
1 872
1 869
1 862
1 865
1 878
1 864
1 871
1 1070
1 873
1 878
1 875
1 876
1 872
1 876
1 858
1 859
1 870
1 866
1 858
1 867
1 867
1 868
1 886
1 868
1 865
1 866
1 865
1 1036
1 863
1 859
1 870
1 866
1 870
1 856
1 855
1 856
1 863
1 862
1 860
1 858
1 873
1 864
1 874
1 863
1 862
1 867
1 871
1 1038
1 997
1 863
1 1316
1 2400
1 898
1 2597
1 860
1 898
1 903
1 865
1 873
1 866
1 861
1 865
1 863
1 860
1 861
1 870
1 865
1 853
1 873
1 873
1 1026
1 856
1 855
1 868
1 866
1 1266
1 855
1 885
1 853
1 861
1 855
1 870
1 860
1 870
1 862
1 865
1 1296
1 930
1 853
1 1225
1 1162
1 1083
1 2466
1 1469
1 863
1 853
1 868
1 863
1 889
1 857
1 857
1 854
1 881
1 856
1 856
1 866
1 860
1 856
1 887
1 875
1 861
1 861
1 853
1 867
1 1037
1 854
1 891
1 857
1 854
1 855
1 855
1 1035
1 1030
1 869
1 1017
1 1063
1 858
1 1029
1 859
1 859
1 869
1 854
1 858
1 872
1 860
1 852
1 865
1 1030
1 1039
1 850
1 1021
1 965
1 851
1 1064
1 935
1 881
1 863
1 1034
1 857
1 875
1 1051
1 853
1 860
1 1024
1 851
1 871
1 863
1 846
1 858
1 841
1 851
1 845
1 844
1 851
1 851
1 844
1 849
1 844
1 840
1 845
1 843
1 849
1 871
1 849
1 855
1 842
1 934
1 859
1 842
1 851
1 843
1 878
1 1139
1 853
1 843
1 849
1 847
1 843
1 867
1 841
1 840
1 857
1 855
1 842
1 1134
1 866
1 2121
1 1722
1 857
1 859
1 855
1 849
1 846
1 853
1 863
1 861
1 847
1 1036
1 855
1 851
1 840
1 855
1 845
1 856
1 846
1 843
1 854
1 853
1 869
1 906
1 846
1 840
1 838
1 837
1 913
1 858
1 835
1 1004
1 852
1 846
1 837
1 872
1 860
1 849
1 847
1 835
1 839
1 1019
1 1010
1 843
1 861
1 854
1 837
1 838
1 868
1 849
1 837
1 848
1 859
1 867
1 839
1 860
1 842
1 835
1 852
1 854
1 838
1 851
1 840
1 862
1 861
1 855
1 845
1 838
1 850
1 852
1 867
1 1307
1 887
1 998
1 1013
1 832
1 856
1 827
1 850
1 876
1 836
1 832
1 842
1 881
1 826
1 846
1 827
1 828
1 827
1 830
1 830
1 993
1 997
1 826
1 994
1 839
1 1417
1 843
1 1528
1 850
1 862
1 835
1 841
1 834
1 840
1 827
1 830
1 1251
1 1366
1 863
1 818
1 836
1 845
1 819
1 822
1 855
1 837
1 819
1 856
1 819
1 832
1 821
1 856
1 824
1 843
1 826
1 840
1 820
1 841
1 840
1 823
1 829
1 831
1 835
1 818
1 996
1 951
1 829
1 1001
1 890
1 833
1 825
1 824
1 836
1 988
1 834
1 822
1 984
1 836
1 812
1 834
1 1000
1 827
1 814
1 983
1 818
1 827
1 849
1 1007
1 980
1 816
1 992
1 847
1 809
1 811
1 836
1 817
1 813
1 816
1 820
1 811
1 820
1 826
1 1284
1 2259
1 1701
1 811
1 812
1 819
1 815
1 835
1 820
1 810
1 811
1 836
1 825
1 817
1 814
1 821
1 816
1 831
1 838
1 848
1 821
1 817
1 815
1 836
1 824
1 822
1 1239
1 2520
1 825
1 820
1 819
1 854
1 815
1 835
1 813
1 817
1 829
1 1399
1 829
1 819
1 1049
1 810
1 841
1 818
1 842
1 807
1 806
1 817
1 812
1 840
1 820
1 804
1 807
1 812
1 816
1 851
1 804
1 845
1 813
1 853
1 806
1 831
1 846
1 835
1 815
1 871
1 818
1 839
1 818
1 845
1 813
1 837
1 846
1 809
1 811
1 884
1 810
1 805
1 812
1 851
1 818
1 814
1 847
1 824
1 825
1 807
1 851
1 847
1 983
1 807
1 819
1 808
1 805
1 805
1 970
1 975
1 808
1 843
1 847
1 836
1 968
1 974
1 814
1 966
1 1296
1 823
1 978
1 832
1 821
1 1270
1 810
1 1269
1 814
1 1980
1 818
1 816
1 808
1 829
1 828
1 828
1 839
1 807
1 809
1 813
1 814
1 819
1 826
1 843
1 831
1 811
1 805
1 808
1 810
1 818
1 814
1 980
1 806
1 809
1 2466
1 811
1 804
1 806
1 975
1 808
1 820
1 986
1 805
1 1382
1 1024
1 1178
1 789
1 807
1 783
1 786
1 783
1 787
1 788
1 784
1 783
1 805
1 803
1 779
1 779
1 797
1 782
1 828
1 806
1 793
1 781
1 806
1 784
1 796
1 821
1 783
1 780
1 805
1 784
1 782
1 973
1 940
1 792
1 944
1 940
1 779
1 985
1 960
1 782
1 781
1 782
1 792
1 933
1 780
1 787
1 1898
1 793
1 796
1 777
1 804
1 956
1 802
1 799
1 946
1 791
1 799
1 951
1 790
1 810
1 808
1 805
1 813
1 795
1 951
1 967
1 788
1 796
1 818
1 796
1 791
1 795
1 815
1 789
1 796
1 798
1 792
1 788
1 789
1 790
1 790
1 950
1 785
1 801
1 890
1 796
1 786
1 948
1 2703
1 786
1 794
1 984
1 786
1 789
1 945
1 1238
1 825
1 1890
1 791
1 786
1 852
1 784
1 786
1 789
1 801
1 823
1 1237
1 895
1 1830
1 951
1 811
1 796
1 822
1 786
1 786
1 826
1 813
1 824
1 783
1 808
1 789
1 839
1 819
1 781
1 782
1 783
1 783
1 789
1 792
1 780
1 794
1 783
1 877
1 798
1 787
1 824
1 790
1 784
1 831
1 784
1 779
1 779
1 932
1 781
1 775
1 958
1 828
1 810
1 800
1 776
1 792
1 776
1 785
1 807
1 787
1 804
1 803
1 932
1 936
1 776
1 781
1 933
1 935
1 774
1 935
1 935
1 779
1 942
1 931
1 782
1 765
1 930
1 925
1 780
1 918
1 919
1 764
1 766
1 1258
1 1193
1 772
1 765
1 768
1 804
1 801
1 793
1 814
1 764
1 786
1 760
1 774
1 919
1 916
1 779
1 772
1 764
1 913
1 935
1 929
1 789
1 768
1 776
1 765
1 1085
1 1175
1 2321
1 762
1 770
1 767
1 804
1 805
1 772
1 793
1 1220
1 778
1 1335
1 1004
1 1305
1 767
1 762
1 763
1 761
1 764
1 1876
1 1174
1 761
1 774
1 768
1 805
1 767
1 771
1 783
1 768
1 761
1 773
1 771
1 767
1 762
1 801
1 766
1 763
1 760
1 1061
1 927
1 796
1 762
1 1814
1 764
1 762
1 768
1 761
1 917
1 769
1 762
1 761
1 789
1 764
1 784
1 763
1 769
1 792
1 763
1 760
1 765
1 786
1 912
1 761
1 1022
1 1917
1 775
1 763
1 953
1 761
1 763
1 760
1 778
1 800
1 780
1 774
1 769
1 769
1 768
1 1234
1 764
1 802
1 1086
1 764
1 792
1 764
1 767
1 794
1 764
1 798
1 776
1 757
1 768
1 795
1 759
1 800
1 766
1 762
1 768
1 827
1 758
1 757
1 761
1 758
1 772
1 767
1 760
1 790
1 763
1 761
1 760
1 756
1 760
1 775
1 784
1 907
1 839
1 756
1 1187
1 1033
1 1419
1 757
1 764
1 2291
1 755
1 780
1 761
1 753
1 782
1 759
1 756
1 754
1 778
1 760
1 760
1 754
1 758
1 746
1 818
1 780
1 781
1 746
1 762
1 744
1 744
1 746
1 746
1 747
1 893
1 746
1 1115
1 745
1 751
1 752
1 743
1 747
1 742
1 751
1 745
1 742
1 1787
1 747
1 743
1 745
1 768
1 766
1 785
1 782
1 744
1 746
1 778
1 743
1 744
1 791
1 749
1 945
1 753
1 750
1 743
1 750
1 750
1 939
1 746
1 744
1 902
1 1217
1 745
1 810
1 748
1 749
1 763
1 801
1 763
1 764
1 763
1 755
1 803
1 754
1 745
1 753
1 757
1 757
1 752
1 743
1 751
1 788
1 749
1 743
1 743
1 1193
1 741
1 1171
1 746
1 890
1 894
1 745
1 891
