0 82
0 248
0 81
0 83
0 81
0 81
0 80
0 81
0 81
0 82
0 81
0 80
0 80
0 81
0 84
0 80
0 80
0 80
0 80
0 96
0 82
0 80
0 82
0 81
0 80
0 96
0 81
0 79
0 98
0 96
0 81
0 81
0 98
0 96
0 81
0 97
0 97
0 81
0 82
0 81
0 81
0 81
0 81
0 96
0 81
0 82
0 80
0 81
0 80
0 95
0 82
0 79
0 97
0 80
0 80
0 81
0 80
0 80
0 99
0 96
0 82
0 96
0 81
0 80
0 97
0 80
0 81
0 99
0 107
0 108
0 138
0 80
0 81
0 79
0 90
0 80
0 81
0 82
0 80
0 80
0 82
0 80
0 80
0 80
0 80
0 81
0 80
0 80
0 81
0 81
0 81
0 82
0 115
0 109
0 194
0 80
0 81
0 93
0 81
0 96
0 82
0 82
0 104
0 82
0 120
0 154
0 85
0 173
0 146
0 138
0 81
0 81
0 84
0 81
0 108
0 214
0 93
0 87
0 99
0 96
0 82
0 83
0 105
0 80
0 81
0 81
0 80
0 81
0 80
0 81
0 82
0 81
0 81
0 81
0 82
0 81
0 81
0 80
0 81
0 81
0 82
0 82
0 91
0 104
0 81
0 81
0 97
0 81
0 80
0 82
0 81
0 80
0 96
0 81
0 81
0 97
0 81
0 81
0 97
0 109
0 82
0 99
0 80
0 80
0 81
0 82
0 80
0 81
0 81
0 97
0 82
0 81
0 82
0 145
0 82
0 197
0 122
0 244
0 81
0 97
0 81
0 81
0 82
0 97
0 82
0 81
0 98
0 80
0 81
0 97
0 82
0 82
0 81
0 80
0 81
0 97
0 81
0 107
0 83
0 138
0 83
0 80
0 82
0 82
0 81
0 82
0 81
0 86
0 80
0 82
0 88
0 82
0 97
0 88
0 81
0 82
0 81
0 80
0 81
0 81
0 82
0 81
0 81
0 81
0 80
0 81
0 80
0 81
0 81
0 81
0 82
0 96
0 81
0 80
0 82
0 80
0 81
0 81
0 81
0 80
0 82
0 80
0 87
0 81
0 81
0 81
0 81
0 81
0 80
0 81
0 82
0 81
0 80
0 81
0 81
0 81
0 81
0 81
0 81
0 80
0 81
0 245
0 121
0 81
0 80
0 80
0 113
0 245
0 85
0 82
0 81
0 81
0 98
0 81
0 81
0 99
0 81
0 81
0 98
0 81
0 82
0 112
0 194
0 112
0 246
0 164
0 82
0 82
0 81
0 82
0 84
0 82
0 82
0 81
0 80
0 81
0 82
0 82
0 81
0 81
0 83
0 98
0 97
0 104
0 84
0 81
0 82
0 80
0 81
0 81
0 83
0 82
0 81
0 82
0 81
0 82
0 83
0 104
0 91
0 84
0 84
0 82
0 83
0 83
0 81
0 82
0 85
0 82
0 83
0 84
0 84
0 98
0 83
0 83
0 83
0 84
0 83
0 99
0 100
0 84
0 83
0 83
0 83
0 82
0 94
0 82
0 84
0 83
0 99
0 83
0 84
0 84
0 100
0 109
0 84
0 100
0 99
0 83
0 101
0 99
0 84
0 101
0 82
0 83
0 83
0 83
0 83
0 83
0 88
0 83
0 84
0 83
0 83
0 84
0 83
0 103
0 84
0 82
0 100
0 84
0 85
0 83
0 84
0 82
0 82
0 83
0 84
0 82
0 83
0 85
0 201
0 84
0 82
0 82
0 83
0 100
0 100
0 83
0 82
0 83
0 85
0 83
0 83
0 81
0 82
0 84
0 82
0 83
0 84
0 83
0 84
0 83
0 82
0 110
0 85
0 125
0 83
0 100
0 100
0 84
0 84
0 83
0 83
0 85
0 155
0 84
0 149
0 86
0 144
0 250
0 85
0 83
0 85
0 84
0 83
0 83
0 97
0 84
0 83
0 83
0 84
0 82
0 82
0 84
0 83
0 83
0 83
0 83
0 83
0 83
0 83
0 83
0 83
0 84
0 82
0 82
0 83
0 83
0 84
0 84
0 84
0 83
0 126
0 84
0 83
0 83
0 83
0 84
0 84
0 83
0 84
0 83
0 83
0 83
0 83
0 85
0 83
0 83
0 84
0 83
0 85
0 84
0 83
0 83
0 83
0 84
0 82
0 84
0 84
0 83
0 85
0 84
0 84
0 85
0 84
0 113
0 86
0 84
0 99
0 100
0 84
0 99
0 83
0 84
0 90
0 85
0 83
0 83
0 83
0 83
0 85
0 83
0 84
0 84
0 84
0 84
0 84
0 84
0 83
0 84
0 112
0 167
0 83
0 84
0 85
0 143
0 85
0 83
0 84
0 85
0 108
0 119
0 95
0 127
0 84
0 95
0 84
0 85
0 84
0 84
0 84
0 84
0 84
0 84
0 84
0 84
0 83
0 83
0 83
0 84
0 85
0 83
0 85
0 84
0 84
0 83
0 84
0 83
0 84
0 85
0 84
0 84
0 83
0 84
0 84
0 84
0 84
0 84
0 84
0 85
0 85
0 83
0 83
0 84
0 83
0 85
0 84
0 84
0 84
0 84
0 85
0 83
0 83
0 84
0 97
0 83
0 87
0 84
0 83
0 84
0 85
0 83
0 84
0 85
0 85
0 83
0 84
0 83
0 83
0 115
0 86
0 84
0 83
0 84
0 84
0 84
0 118
0 85
0 145
0 83
0 85
0 84
0 86
0 85
0 85
0 84
0 84
0 84
0 85
0 84
0 85
0 84
0 84
0 83
0 84
0 85
0 83
0 83
0 85
0 84
0 87
0 176
0 83
0 84
0 85
0 103
0 92
0 132
0 92
0 84
0 110
0 86
0 116
0 93
0 90
0 85
0 135
0 87
0 85
0 100
0 87
0 101
0 84
0 85
0 84
0 84
0 85
0 84
0 85
0 101
0 85
0 85
0 85
0 86
0 84
0 101
0 86
0 84
0 102
0 89
0 86
0 84
0 85
0 101
0 87
0 84
0 84
0 88
0 85
0 84
0 85
0 85
0 101
0 101
0 83
0 84
0 84
0 85
0 84
0 84
0 84
0 84
0 84
0 84
0 84
0 84
0 84
0 84
0 100
0 84
0 86
0 85
0 101
0 103
0 85
0 101
0 101
0 84
0 102
0 103
0 86
0 85
0 114
0 84
0 85
0 85
0 84
0 85
0 85
0 85
0 86
0 84
0 86
0 84
0 84
0 84
0 85
0 84
0 84
0 85
0 85
0 85
0 85
0 86
0 84
0 84
0 84
0 114
0 84
0 84
0 85
0 85
0 85
0 86
0 102
0 86
0 85
0 101
0 85
0 109
0 90
0 87
0 86
0 85
0 85
0 102
0 84
0 85
0 85
0 84
0 86
0 86
0 87
0 87
0 92
0 86
0 281
0 84
0 84
0 83
0 87
0 85
0 87
0 85
0 84
0 86
0 86
0 84
0 85
0 85
0 86
0 85
0 84
0 85
0 85
0 86
0 84
0 85
0 85
0 84
0 86
0 85
0 84
0 84
0 85
0 85
0 102
0 102
0 87
0 85
0 85
0 84
0 85
0 85
0 85
0 91
0 85
0 85
0 117
0 84
0 86
0 84
0 87
0 85
0 85
0 86
0 84
0 84
0 87
0 85
0 116
0 86
0 84
0 87
0 85
0 85
0 85
0 84
0 85
0 102
0 87
0 84
0 86
0 85
0 84
0 86
0 84
0 85
0 102
0 94
0 85
0 103
0 86
0 85
0 102
0 85
0 85
0 107
0 88
0 147
0 87
0 86
0 86
0 85
0 85
0 85
0 98
0 108
0 152
0 111
0 86
0 172
0 85
0 86
0 85
0 86
0 85
0 86
0 84
0 86
0 86
0 85
0 86
0 86
0 86
0 85
0 86
0 86
0 84
0 85
0 88
0 86
0 86
0 84
0 86
0 87
0 85
0 85
0 85
0 84
0 87
0 85
0 86
0 85
0 85
0 86
0 86
0 85
0 85
0 85
0 87
0 86
0 89
0 86
0 86
0 85
0 85
0 85
0 85
0 85
0 87
0 86
0 86
0 86
0 85
0 85
0 85
0 85
0 88
0 86
0 85
0 91
0 88
0 86
0 85
0 85
0 115
0 87
0 146
0 86
0 87
0 85
0 85
0 86
0 85
0 85
0 86
0 85
0 85
0 85
0 87
0 85
0 85
0 86
0 85
0 85
0 86
0 86
0 85
0 86
0 86
0 85
0 91
0 148
0 86
0 88
0 85
0 85
0 86
0 85
0 93
0 86
0 115
0 89
0 93
0 147
0 96
0 173
0 130
0 86
0 88
0 85
0 88
0 86
0 87
0 87
0 88
0 87
0 87
0 88
0 88
0 103
0 86
0 88
0 87
0 86
0 86
0 86
0 86
0 288
0 88
0 89
0 85
0 86
0 86
0 87
0 86
0 86
0 86
0 86
0 87
0 87
0 87
0 89
0 86
0 86
0 261
0 207
0 87
0 86
0 87
0 86
0 104
0 111
0 87
0 116
0 86
0 87
0 86
0 87
0 87
0 91
0 105
0 103
0 86
0 86
0 87
0 87
0 87
0 86
0 87
0 103
0 104
0 88
0 87
0 86
0 87
0 87
0 87
0 87
0 116
0 89
0 86
0 259
0 87
0 86
0 86
0 86
0 87
0 87
0 269
0 87
0 118
0 97
0 129
0 259
0 85
0 102
0 86
0 86
0 88
0 104
0 87
0 87
0 104
0 87
0 86
0 105
0 87
0 87
0 88
0 87
0 87
0 86
0 86
0 105
0 103
0 88
0 87
0 86
0 89
0 104
0 87
0 86
0 104
0 88
0 87
0 103
0 86
0 86
0 88
0 106
0 104
0 86
0 86
0 87
0 87
0 89
0 86
0 105
0 88
0 88
0 86
0 120
0 116
0 87
0 149
0 87
0 86
0 174
0 88
0 86
0 88
0 86
0 86
0 87
0 86
0 87
0 88
0 88
0 88
0 105
0 87
0 87
0 87
0 89
0 87
0 104
0 102
0 90
0 89
0 87
0 89
0 87
0 90
0 88
0 88
0 88
0 89
0 89
0 124
0 89
0 88
0 88
0 87
0 88
0 88
0 88
0 88
0 89
0 89
0 263
0 132
0 89
0 87
0 88
0 87
0 88
0 100
0 110
0 90
0 88
0 88
0 88
0 86
0 87
0 89
0 88
0 88
0 87
0 89
0 105
0 105
0 89
0 88
0 88
0 89
0 89
0 88
0 87
0 94
0 87
0 91
0 88
0 87
0 89
0 87
0 87
0 117
0 116
0 88
0 89
0 127
0 89
0 88
0 88
0 88
0 88
0 88
0 88
0 88
0 87
0 87
0 87
0 88
0 88
0 87
0 88
0 88
0 89
0 89
0 88
0 87
0 88
0 88
0 90
0 98
0 87
0 88
0 90
0 89
0 88
0 88
0 87
0 88
0 88
0 90
0 88
0 88
0 87
0 89
0 115
0 127
0 126
0 89
0 265
0 87
0 99
0 88
0 88
0 95
0 89
0 89
0 87
0 88
0 89
0 88
0 95
0 88
0 89
0 90
0 89
0 89
0 89
0 88
0 88
0 89
0 88
0 87
0 88
0 90
0 88
0 89
0 88
0 88
0 88
0 89
0 88
0 88
0 88
0 89
0 89
0 88
0 90
0 95
0 89
0 88
0 88
0 88
0 89
0 91
0 107
0 88
0 90
0 89
0 100
0 106
0 89
0 88
0 89
0 121
0 266
0 89
0 88
0 88
0 88
0 88
0 88
0 90
0 88
0 90
0 107
0 107
0 90
0 88
0 89
0 88
0 89
0 89
0 88
0 90
0 88
0 103
0 90
0 89
0 89
0 91
0 89
0 89
0 88
0 90
0 89
0 89
0 88
0 88
0 90
0 90
0 89
0 130
0 127
0 266
0 89
0 89
0 89
0 89
0 89
0 107
0 87
0 89
0 106
0 91
0 89
0 95
0 120
0 107
0 89
0 89
0 88
0 89
0 89
0 90
0 88
0 90
0 89
0 107
0 90
0 89
0 89
0 90
0 89
0 91
0 89
0 89
0 106
0 89
0 89
0 110
0 88
0 90
0 106
0 91
0 90
0 96
0 90
0 90
0 90
0 91
0 89
0 90
0 92
0 91
0 108
0 92
0 91
0 108
0 91
0 90
0 108
0 91
0 91
0 92
0 136
0 90
0 91
0 92
0 153
0 91
0 91
0 90
0 92
0 92
0 91
0 91
0 92
0 91
0 90
0 92
0 90
0 89
0 91
0 122
0 92
0 156
0 91
0 127
0 91
0 91
0 91
0 91
0 91
0 93
0 126
0 132
0 121
0 114
0 218
0 92
0 91
0 91
0 91
0 100
0 91
0 92
0 92
0 92
0 91
0 92
0 91
0 91
0 112
0 211
0 94
0 97
0 92
0 92
0 91
0 91
0 92
0 92
0 92
0 93
0 92
0 93
0 91
0 93
0 93
0 91
0 93
0 92
0 92
0 93
0 92
0 93
0 92
0 93
0 92
0 92
0 92
0 92
0 94
0 93
0 91
0 93
0 92
0 94
0 93
0 92
0 91
0 92
0 95
0 92
0 92
0 93
0 93
0 93
0 98
0 92
0 93
0 92
0 92
0 94
0 92
0 93
0 103
0 92
0 94
0 96
0 127
0 282
0 127
0 95
0 140
0 93
0 95
0 94
0 93
0 93
0 112
0 121
0 94
0 94
0 226
0 93
0 94
0 94
0 93
0 93
0 117
0 94
0 94
0 95
0 93
0 96
0 94
0 94
0 95
0 93
0 94
0 94
0 94
0 96
0 95
0 93
0 93
0 94
0 95
0 94
0 94
0 95
0 95
0 94
0 95
0 95
0 95
0 94
0 95
0 105
0 94
0 96
0 95
0 96
0 113
0 95
0 95
0 95
0 96
0 94
0 94
0 95
0 101
0 95
0 95
0 95
0 95
0 95
0 96
0 96
0 95
0 99
0 102
0 96
0 96
0 96
0 95
0 95
0 96
0 96
0 96
0 94
0 95
0 97
0 95
0 95
0 95
0 96
0 96
0 95
0 94
0 96
0 131
0 115
0 115
0 95
0 95
0 96
0 96
0 95
0 95
0 96
0 97
0 97
0 97
0 98
0 95
0 96
0 96
0 124
0 108
0 105
0 97
0 97
0 96
0 116
0 97
0 96
0 116
0 97
0 96
0 114
0 101
0 98
0 97
0 97
0 115
0 98
0 97
0 115
0 97
0 97
0 116
0 97
0 96
0 96
0 97
0 97
0 96
0 96
0 96
0 97
0 99
0 97
0 116
0 98
0 97
0 116
0 97
0 97
0 117
0 99
0 101
0 97
0 128
0 98
0 97
0 116
0 96
0 97
0 117
0 116
0 98
0 98
0 194
0 97
0 96
0 97
0 116
0 117
0 98
0 98
0 96
0 99
0 116
0 97
0 97
0 98
0 97
0 99
0 117
0 117
0 109
0 99
0 98
0 98
0 97
0 98
0 99
0 97
0 118
0 100
0 98
0 100
0 119
0 99
0 99
0 119
0 102
0 99
0 118
0 98
0 99
0 105
0 99
0 99
0 98
0 199
0 289
0 98
0 99
0 98
0 100
0 100
0 118
0 99
0 141
0 102
0 151
0 247
0 112
0 107
0 140
0 100
0 102
0 99
0 105
0 239
0 151
0 310
0 203
0 101
0 118
0 156
0 101
0 100
0 100
0 99
0 115
0 98
0 101
0 100
0 99
0 101
0 124
0 108
0 204
0 101
0 100
0 101
0 101
0 99
0 99
0 101
0 100
0 100
0 100
0 99
0 100
0 100
0 100
0 101
0 101
0 101
0 120
0 134
0 100
0 103
0 102
0 100
0 100
0 101
0 124
0 102
0 103
0 102
0 101
0 100
0 102
0 101
0 110
0 242
0 274
0 150
0 111
0 176
0 184
0 152
0 217
0 136
0 108
0 110
0 154
0 103
0 102
0 101
0 104
0 104
0 205
0 103
0 133
0 146
0 110
0 104
0 312
0 103
0 125
0 247
0 309
0 103
0 124
0 103
0 103
0 114
0 125
0 105
0 119
0 141
0 104
0 105
0 125
0 104
0 110
0 107
0 129
0 106
0 108
0 128
0 107
0 107
0 127
0 107
0 106
0 109
0 129
0 108
0 108
0 129
0 107
0 107
0 129
0 107
0 107
0 119
0 135
0 110
0 109
0 131
0 131
0 109
0 109
0 109
0 110
0 122
0 166
0 163
0 330
0 110
0 110
0 109
0 109
0 132
0 131
0 112
0 133
0 111
0 111
0 132
0 114
0 111
0 132
0 111
0 112
0 113
0 111
0 110
0 111
0 133
0 133
0 111
0 111
0 151
0 111
0 113
0 119
0 113
0 110
0 111
0 112
0 111
0 111
0 112
0 111
0 175
0 274
0 122
0 339
0 114
0 114
0 115
0 114
0 113
0 113
0 118
0 117
0 117
0 117
0 118
0 118
0 118
0 142
0 118
0 116
0 118
0 141
0 120
0 119
0 141
0 118
0 118
0 117
0 118
0 120
0 120
0 142
0 164
0 124
0 119
0 119
0 141
0 126
0 126
0 119
0 121
0 120
0 122
0 121
0 123
0 147
0 122
0 121
0 146
0 125
0 188
0 123
0 122
0 123
0 122
0 121
0 122
0 123
0 147
0 122
0 124
0 126
0 122
0 123
0 123
0 124
0 122
0 149
0 149
0 124
0 126
0 123
0 125
0 124
0 152
0 128
0 296
0 139
0 125
0 124
0 126
0 151
0 128
0 125
0 126
0 168
0 138
0 180
0 126
0 216
0 130
0 127
0 128
0 127
0 128
0 128
0 130
0 140
0 135
0 129
0 132
0 156
0 133
0 130
0 130
0 133
0 130
0 130
0 129
0 129
0 134
0 132
0 131
0 132
0 131
0 132
0 132
0 133
0 132
0 139
0 137
0 134
0 136
0 135
0 134
0 135
0 135
0 142
0 135
0 134
0 140
0 138
0 139
0 140
0 141
0 139
0 138
0 139
0 140
0 138
0 200
0 148
0 148
0 147
0 169
0 147
0 156
0 146
0 153
0 147
0 157
0 154
0 159
0 155
0 155
0 155
0 156
0 155
0 156
0 155
0 168
0 169
0 167
0 170
0 202
0 168
0 169
0 217
0 343
0 323
0 196
0 230
0 231
0 192
0 230
0 241
0 192
0 234
0 256
0 209
0 227
0 452
0 226
0 226
0 228
0 225
0 225
0 229
0 225
0 226
0 279
0 280
0 278
0 279
0 284
0 284
0 280
0 279
0 281
0 282
0 374
0 372
0 371
0 370
0 370
0 370
0 370
0 389
0 371
0 376
0 735
0 688
0 687
0 685
0 685
0 684
0 686
0 684
0 684
0 685
0 683
0 685
0 686
0 679
0 681
0 684
0 682
0 682
0 679
0 682
0 1001
0 687
0 2087
0 1005
0 2054
0 908
0 702
0 684
0 686
0 686
0 849
0 851
0 855
0 858
0 856
0 856
0 846
0 838
0 839
0 866
0 1387
0 1661
0 1390
0 1383
0 1387
0 1398
0 1521
0 1381
0 1382
0 1384
0 1372
0 1372
0 1374
0 1370
0 1366
0 1378
0 1984
0 1629
0 1374
0 1373
0 1442
0 1444
0 1443
0 1440
0 1437
0 1464
0 1447
0 1736
0 1466
0 1450
0 1546
0 1509
0 1509
0 1509
0 1537
0 1519
0 1508
0 1498
0 1502
0 1512
0 1652
0 1621
0 1623
0 1628
0 1631
0 1610
0 1636
0 1620
0 1611
0 1621
1 1687
1 1704
1 1642
1 1664
1 1641
1 1638
1 1659
1 1655
1 1641
1 1653
1 1594
1 1584
1 1623
1 1611
1 1579
1 1597
1 1572
1 2715
1 4778
1 3335
1 1515
1 1516
1 1529
1 1549
1 1524
1 1530
1 1521
1 1523
1 1508
1 1520
1 1497
1 1476
1 1494
1 2024
1 1498
1 1473
1 1501
1 1507
1 1535
1 1494
1 1481
1 1482
1 2135
1 2175
1 2506
1 1509
1 1494
1 1507
1 1482
1 1510
1 1486
1 1468
1 1619
1 2996
1 1468
1 1481
1 1489
1 1487
1 2003
1 1474
1 1477
1 1485
1 1472
1 1487
1 1462
1 1490
1 1765
1 1463
1 1489
1 1462
1 1463
1 1462
1 1455
1 1459
1 1451
1 1463
1 1449
1 1477
1 1464
1 1465
1 1451
1 1456
1 1452
1 1453
1 1464
1 1450
1 1444
1 1458
1 1479
1 1457
1 1456
1 1471
1 1458
1 1461
1 1456
1 3218
1 1452
1 1445
1 1460
1 2928
1 1467
1 1443
1 1445
1 1446
1 1451
1 1432
1 1446
1 1431
1 1431
1 1457
1 1441
1 2720
1 1441
1 1440
1 1430
1 4344
1 4198
1 1427
1 1436
1 1439
1 1444
1 1458
1 1418
1 1446
1 1432
1 1451
1 1417
1 1437
1 1434
1 1440
1 1434
1 1423
1 1422
1 1452
1 1414
1 1440
1 1416
1 1411
1 1432
1 1416
1 1409
1 1406
1 1425
1 1420
1 1414
1 1434
1 1419
1 1403
1 1407
1 1430
1 1421
1 1401
1 1396
1 1424
1 1415
1 1420
1 1411
1 1423
1 1414
1 1393
1 1397
1 1410
1 1394
1 1399
1 1412
1 1406
1 1398
1 1401
1 1402
1 1410
1 1397
1 1390
1 1404
1 1388
1 1396
1 1390
1 1406
1 1401
1 1396
1 1425
1 1390
1 1389
1 1379
1 1403
1 1391
1 1393
1 1390
1 1395
1 1401
1 1386
1 2635
1 1729
1 1547
1 1414
1 1386
1 1390
1 1379
1 1376
1 1381
1 1369
1 1372
1 1425
1 1362
1 1374
1 1374
1 1384
1 1376
1 1358
1 1387
1 1365
1 1364
1 1348
1 1349
1 1649
1 1345
1 1347
1 1379
1 1349
1 1356
1 1354
1 1352
1 1358
1 1345
1 1358
1 1356
1 1350
1 1351
1 1349
1 1357
1 1361
1 1602
1 1363
1 1329
1 1329
1 1335
1 1330
1 1350
1 1620
1 1365
1 1349
1 1320
1 1341
1 1320
1 1350
1 1329
1 1334
1 1332
1 1334
1 2329
1 1340
1 1341
1 1326
1 1319
1 1310
1 1330
1 1596
1 1313
1 1330
1 1890
1 1967
1 1345
1 1310
1 1324
1 1322
1 1441
1 1975
1 1779
1 1325
1 1334
1 1304
1 1321
1 1299
1 1596
1 1335
1 1289
1 1313
1 1290
1 1313
1 1555
1 1563
1 1314
1 1293
1 1320
1 1294
1 1295
1 1318
1 1308
1 1298
1 1305
1 1295
1 1302
1 1309
1 1300
1 1311
1 1287
1 1297
1 1296
1 1563
1 1294
1 1309
1 1303
1 1284
1 1283
1 1298
1 1292
1 1278
1 1302
1 1290
1 1924
1 1322
1 1317
1 1275
1 1283
1 1543
1 1845
1 1859
1 1398
1 1342
1 1978
1 1338
1 1291
1 1291
1 1287
1 1280
1 1270
1 1281
1 3077
1 1282
1 1276
1 1281
1 1311
1 1278
1 1275
1 1273
1 1283
1 1290
1 1276
1 1285
1 1270
1 1288
1 1290
1 1262
1 1277
1 1272
1 1273
1 1264
1 1287
1 1260
1 1283
1 1269
1 1287
1 1258
1 1255
1 1264
1 1254
1 1283
1 1278
1 1263
1 1271
1 1261
1 1293
1 1256
1 1276
1 1256
1 2163
1 1256
1 1271
1 1268
1 1297
1 1257
1 1274
1 1311
1 1354
1 1703
1 1669
1 1268
1 1253
1 1257
1 1259
1 1260
1 1263
1 1257
1 1269
1 1246
1 1272
1 1265
1 1272
1 1244
1 1245
1 1372
1 1266
1 1251
1 1268
1 1245
1 1242
1 1268
1 1243
1 1257
1 1277
1 1495
1 1278
1 1258
1 1264
1 1256
1 1238
1 1240
1 1256
1 1492
1 1251
1 1264
1 1234
1 1247
1 1230
1 1237
1 1496
1 1232
1 1230
1 1247
1 1260
1 1235
1 1288
1 1235
1 1801
1 2027
1 1864
1 2485
1 2596
1 1235
1 1247
1 1254
1 1228
1 1242
1 1236
1 1236
1 1235
1 1228
1 1224
1 1240
1 1243
1 1226
1 1266
1 1242
1 1242
1 1237
1 1235
1 1236
1 1236
1 1221
1 1226
1 1245
1 1235
1 1223
1 1221
1 1241
1 1222
1 1272
1 1237
1 1485
1 1247
1 1856
1 1228
1 1235
1 1226
1 1234
1 1244
1 1226
1 1213
1 1217
1 1981
1 1213
1 1229
1 1241
1 1230
1 1216
1 3034
1 2473
1 1239
1 1958
1 1227
1 2462
1 1210
1 1226
1 1229
1 1223
1 1224
1 1249
1 1235
1 1212
1 1227
1 1234
1 1219
1 1223
1 1226
1 1235
1 1631
1 1220
1 1237
1 1310
1 1219
1 1216
1 1208
1 1209
1 1214
1 1208
1 1216
1 1212
1 1209
1 1235
1 2435
1 1229
1 1231
1 1231
1 1202
1 1209
1 1214
1 1216
1 1250
1 1437
1 1216
1 2567
1 1198
1 1197
1 1221
1 1199
1 1214
1 1214
1 1759
1 1841
1 1452
1 1213
1 1172
1 1194
1 1192
1 1195
1 1188
1 1185
1 1179
1 1182
1 1192
1 1202
1 1174
1 1197
1 1173
1 1174
1 1200
1 1182
1 1173
1 1181
1 1188
1 1172
1 1183
1 1189
1 2314
1 1180
1 1173
1 1212
1 1201
1 1185
1 1174
1 1197
1 1185
1 1172
1 1440
1 1189
1 1186
1 1483
1 1189
1 1176
1 1171
1 1193
1 1223
1 1433
1 1172
1 1211
1 1183
1 1200
1 1182
1 1174
1 1187
1 1289
1 1175
1 1204
1 1186
1 1178
1 1209
1 1185
1 1173
1 1189
1 1174
1 1170
1 1177
1 1185
1 1179
1 1171
1 1170
1 1186
1 1194
1 1185
1 1183
1 1189
1 1165
1 1170
1 1168
1 1178
1 1171
1 1181
1 1193
1 1178
1 1171
1 1179
1 1189
1 1189
1 1175
1 1184
1 1211
1 1170
1 1172
1 1188
1 1173
1 1175
1 1198
1 1190
1 1184
1 1180
1 1176
1 1339
1 1164
1 1162
1 1783
1 1167
1 1187
1 1164
1 1179
1 1167
1 2882
1 1161
1 1162
1 1186
1 1398
1 1177
1 1196
1 1171
1 1178
1 1190
1 1173
1 1160
1 1163
1 1165
1 1170
1 1188
1 1163
1 1162
1 1174
1 1172
1 1167
1 1177
1 1393
1 1173
1 1181
1 1176
1 1175
1 1179
1 1400
1 1180
1 1178
1 1161
1 1176
1 1438
1 1196
1 1162
1 1177
1 1944
1 1165
1 1160
1 1171
1 1401
1 1170
1 1182
1 1178
1 1161
1 1179
1 1188
1 1408
1 1181
1 1158
1 1160
1 1183
1 1392
1 1159
1 1164
1 1164
1 1180
1 1162
1 1176
1 1211
1 1199
1 2380
1 3481
1 1180
1 1177
1 1178
1 1165
1 1190
1 1172
1 1161
1 1180
1 1172
1 1187
1 1189
1 1176
1 1164
1 1188
1 1167
1 1165
1 1180
1 1184
1 1165
1 1171
1 1169
1 1183
1 1186
1 1205
1 1176
1 1176
1 1176
1 1173
1 1166
1 1164
1 1180
1 1170
1 1163
1 1169
1 1175
1 1160
1 1185
1 1163
1 1159
1 1197
1 1194
1 3129
1 2546
1 1177
1 3117
1 1174
1 1161
1 1177
1 1183
1 1176
1 1227
1 1464
1 1162
1 1180
1 1197
1 1177
1 1173
1 1420
1 1729
1 1262
1 1177
1 2345
1 1190
1 1158
1 1167
1 1170
1 1398
1 1154
1 1165
1 1180
1 1160
1 1171
1 1402
1 1156
1 1177
1 1166
1 1394
1 1172
1 1172
1 1191
1 1154
1 1204
1 1198
1 1457
1 1176
1 1157
1 1175
1 1160
1 1177
1 1177
1 1174
1 1169
1 1172
1 1384
1 1406
1 1162
1 1169
1 1160
1 1160
1 1158
1 1675
1 1159
1 1748
1 1173
1 1161
1 1155
1 1168
1 1159
1 1156
1 1158
1 1381
1 1175
1 1157
1 2239
1 1428
1 1563
1 1174
1 1155
1 1159
1 1386
1 1162
1 1154
1 1177
1 1152
1 1161
1 1155
1 1161
1 1171
1 1155
1 1156
1 1163
1 1175
1 1175
1 1154
1 1165
1 1182
1 1157
1 1170
1 1393
1 1172
1 1155
1 1177
1 1166
1 1171
1 1153
1 1152
1 1175
1 1169
1 1167
1 1173
1 1172
1 1150
1 1163
1 1177
1 1159
1 1164
1 1164
1 1180
1 1156
1 1166
1 1180
1 1165
1 1186
1 1172
1 1154
1 1164
1 1182
1 1153
1 1155
1 1711
1 1292
1 1392
1 1547
1 1155
1 1176
1 1169
1 1162
1 1153
1 1167
1 1148
1 1183
1 1162
1 1179
1 1158
1 1181
1 3290
1 1158
1 1145
1 1157
1 1146
1 1144
1 1587
1 1173
1 1146
1 1151
1 1153
1 1143
1 1165
1 1158
1 1164
1 1417
1 1155
1 1151
1 1145
1 1184
1 1144
1 1148
1 1180
1 1145
1 1166
1 1156
1 1175
1 1160
1 1142
1 1141
1 1157
1 1146
1 1158
1 1175
1 1155
1 1409
1 1390
1 1981
1 1139
1 1137
1 1206
1 2799
1 1149
1 1731
1 1151
1 1143
1 1140
1 1130
1 1148
1 1137
1 1139
1 1133
1 1137
1 1131
1 1133
1 1130
1 1146
1 1188
1 1172
1 1132
1 1130
1 1127
1 1149
1 1147
1 1131
1 1137
1 1153
1 1662
1 1359
1 1134
1 1160
1 1147
1 1133
1 1143
1 1130
1 1170
1 1135
1 1131
1 1140
1 1132
1 1129
1 1143
1 1133
1 1146
1 1131
1 1153
1 1139
1 1156
1 1142
1 1169
1 1154
1 1125
1 1146
1 1139
1 1134
1 1123
1 1131
1 1132
1 1123
1 1144
1 1135
1 3132
1 2280
1 1144
1 1136
1 1126
1 1131
1 1130
1 1170
1 1125
1 3392
1 1987
1 2328
1 2278
1 1557
1 1134
1 1137
1 1138
1 1123
1 1148
1 1146
1 1125
1 1147
1 1122
1 1123
1 1140
1 1350
1 1155
1 1140
1 1498
1 2745
1 1153
1 1392
1 1180
1 1373
1 1173
1 1443
1 1869
1 1165
1 2308
1 1142
1 1147
1 1124
1 1145
1 1128
1 1140
1 1123
1 1129
1 1118
1 1123
1 1141
1 1122
1 1120
1 1115
1 1133
1 1119
1 1140
1 1120
1 1150
1 1129
1 1126
1 1119
1 1139
1 1125
1 1128
1 1161
1 1122
1 1139
1 1154
1 1136
1 1127
1 1169
1 1134
1 1127
1 1121
1 1122
1 1126
1 1123
1 1119
1 1117
1 1119
1 1115
1 1132
1 1141
1 1736
1 1372
1 1141
1 1116
1 1130
1 1129
1 1116
1 1117
1 1162
1 1121
1 1143
1 1113
1 1164
1 1114
1 1123
1 1116
1 1109
1 1111
1 1109
1 1121
1 1111
1 1134
1 1124
1 1110
1 1119
1 1374
1 2672
1 1117
1 1125
1 1118
1 1115
1 1114
1 1124
1 1665
1 1612
1 1111
1 1929
1 1115
1 1105
1 1107
1 1119
1 1131
1 1113
1 1114
1 1114
1 1118
1 1107
1 1131
1 1106
1 1139
1 1121
1 1130
1 1137
1 1143
1 1111
1 1128
1 1115
1 1117
1 1126
1 1111
1 1138
1 1139
1 1132
1 1106
1 1117
1 1114
1 1109
1 1110
1 1110
1 1135
1 1121
1 1130
1 1119
1 1109
1 1112
1 1243
1 1117
1 1110
1 1130
1 1106
1 1132
1 1137
1 1120
1 1114
1 1683
1 1115
1 1111
1 1919
1 1132
1 1109
1 1161
1 1106
1 1126
1 1181
1 1131
1 1120
1 1104
1 1105
1 1118
1 1117
1 1111
1 1138
1 1351
1 1109
1 1105
1 1110
1 1110
1 1101
1 1140
1 1354
1 1109
1 1145
1 1195
1 1104
1 1124
1 1133
1 1144
1 1110
1 1133
1 1347
1 1137
1 1677
1 1148
1 1105
1 1122
1 1102
1 1114
1 1133
1 1109
1 1128
1 1114
1 1120
1 1118
1 1101
1 1101
1 1106
1 1095
1 1115
1 1109
1 1124
1 1120
1 1098
1 1111
1 1111
1 1139
1 1102
1 1119
1 1114
1 1102
1 1112
1 1112
1 1163
1 1123
1 1103
1 1119
1 1154
1 1320
1 1109
1 1106
1 1101
1 1108
1 1105
1 1105
1 1099
1 1109
1 1105
1 1103
1 1098
1 1095
1 1105
1 1578
1 1123
1 1114
1 1461
1 1129
1 1112
1 1111
1 1110
1 1309
1 1117
1 1095
1 1102
1 1118
1 1114
1 1096
1 1116
1 1118
1 1110
1 1098
1 1140
1 1101
1 1097
1 1131
1 1574
1 1462
1 1328
1 1124
1 1100
1 1114
1 1119
1 1136
1 1120
1 1108
1 1090
1 1094
1 1122
1 1088
1 1092
1 1106
1 1117
1 1103
1 1123
1 1111
1 1111
1 1101
1 1097
1 1089
1 1101
1 1087
1 1117
1 1097
1 1324
1 1117
1 1116
1 1105
1 1092
1 1093
1 1103
1 1132
1 1091
1 1130
1 1307
1 1125
1 1096
1 1086
1 1094
1 1097
1 1131
1 1098
1 1089
1 1112
1 1345
1 1100
1 1078
1 1116
1 1082
1 1086
1 1111
1 1116
1 1077
1 1081
1 1115
1 1107
1 1890
1 2607
1 1078
1 1084
1 1083
1 2677
1 2180
1 1076
1 1139
1 1126
1 1078
1 1101
1 1078
1 1093
1 2847
1 2158
1 1073
1 1640
1 1137
1 1451
1 1083
1 1076
1 1082
1 2200
1 1116
1 1112
1 1091
1 1436
1 1088
1 1075
1 1137
1 1078
1 1084
1 1328
1 1081
1 1091
1 1084
1 1088
1 1080
1 1101
1 1083
1 1078
1 1075
1 1085
1 1086
1 1091
1 1072
1 1084
1 1076
1 1311
1 1080
1 1100
1 1078
1 1078
1 1086
1 1088
1 1110
1 1087
1 1093
1 1287
1 1085
1 1115
1 1075
1 1074
1 1074
1 1088
1 1076
1 1075
1 1086
1 2198
1 1085
1 1078
1 1547
1 1072
1 1064
1 1111
1 1081
1 1057
1 1073
1 1077
1 1078
1 1057
1 1084
1 1087
1 1072
1 1060
1 1077
1 1090
1 1063
1 1668
1 1073
1 1287
1 1060
1 1060
1 1109
1 1061
1 1084
1 1063
1 1059
1 1101
1 1098
1 1061
1 2125
1 2146
1 1072
1 1061
1 1064
1 1106
1 1075
1 1067
1 1070
1 1068
1 1060
1 1069
1 1101
1 1062
1 1064
1 1062
1 1086
1 1072
1 1086
1 1071
1 1080
1 1068
1 1063
1 1072
1 1096
1 1069
1 1074
1 1069
1 1078
1 1073
1 1068
1 1063
1 1063
1 1065
1 1278
1 1060
1 1087
1 1074
1 1066
1 1068
1 1061
1 1063
1 1068
1 1059
1 1069
1 1059
1 1060
1 1062
1 1587
1 1679
1 2159
1 1597
1 1058
1 1062
1 1078
1 1102
1 1839
1 1061
1 1073
1 1094
1 1062
1 1070
1 1060
1 1060
1 1078
1 1077
1 1071
1 1066
1 1056
1 1100
1 1080
1 1055
1 1077
1 1078
1 1055
1 1066
1 1079
1 1060
1 1772
1 1121
1 1070
1 1057
1 1062
1 1067
1 1073
1 1056
1 1089
1 1064
1 1074
1 1086
1 1089
1 1061
1 1070
1 1051
1 1080
1 1063
1 1057
1 1060
1 1053
1 1049
1 1055
1 1063
1 1051
1 1086
1 1053
1 1063
1 1052
1 1078
1 1078
1 1178
1 1089
1 1095
1 1253
1 1066
1 1045
1 1095
1 1060
1 1296
1 1053
1 1115
1 1049
1 1055
1 1065
1 1293
1 1056
1 1052
1 1047
1 1062
1 1542
1 1089
1 1201
1 2159
1 1046
1 1089
1 1067
1 1060
1 1066
1 1049
1 1075
1 1055
1 1078
1 1052
1 1047
1 1063
1 1044
1 1094
1 1071
1 1059
1 1062
1 1657
1 1443
1 2183
1 2090
1 1046
1 1076
1 1064
1 1067
1 1059
1 1567
1 1104
1 1790
1 1040
1 1077
1 1032
1 2987
1 2076
1 1081
1 1034
1 1031
1 1043
1 1072
1 1036
1 1036
1 1070
1 1070
1 1031
1 1027
1 1027
1 1029
1 1031
1 1041
1 1031
1 1050
1 1061
1 1029
1 1026
1 1053
1 1035
1 1045
1 1046
1 1026
1 1047
1 1063
1 1055
1 1026
1 1048
1 1240
1 1046
1 1040
1 1034
1 1033
1 1024
1 1025
1 1068
1 1027
1 1035
1 1660
1 1080
1 1070
1 1023
1 1070
1 1021
1 1028
1 1056
1 1029
1 1034
1 1020
1 1064
1 1081
1 1024
1 1260
1 1055
1 1022
1 1024
1 1040
1 1026
1 1070
1 1031
1 1032
1 1041
1 1032
1 1236
1 1026
1 1027
1 1069
1 1032
1 1025
1 1617
1 1068
1 1023
1 1026
1 1061
1 1039
1 1436
1 1028
1 1027
1 1043
1 1023
1 1021
1 1022
1 1029
1 1049
1 1022
1 1070
1 1056
1 1023
1 1022
1 1023
1 1070
1 3104
1 1746
1 1048
1 1069
1 1023
1 1224
1 1043
1 1018
1 1021
1 1016
1 1017
1 1031
1 1020
1 1023
1 1018
1 1034
1 2055
1 3052
1 1031
1 1046
1 1040
1 1422
1 1018
1 1027
1 1014
1 2327
1 1023
1 1073
1 1068
1 1070
1 1022
1 1025
1 1014
1 1030
1 1015
1 1015
1 1032
1 1016
1 1019
1 1003
1 999
1 998
1 1176
1 1347
1 1007
1 1030
1 1009
1 1001
1 1001
1 1000
1 1009
1 1583
1 3584
1 1203
1 1002
1 1015
1 1903
1 1013
1 1003
1 1003
1 1072
1 1012
1 1005
1 1036
1 1008
1 1000
1 1001
1 998
1 1011
1 1021
1 1008
1 998
1 1004
1 1049
1 1027
1 996
1 1036
1 1002
1 1046
1 993
1 1125
1 1016
1 1002
1 1001
1 1001
1 1042
1 1029
1 1052
1 993
1 2033
1 1705
1 1020
1 1002
1 1044
1 1042
1 3189
1 1703
1 1002
1 992
1 995
1 1043
1 993
1 1980
1 987
1 1006
1 1010
1 1000
1 991
1 992
1 989
1 986
1 997
1 2354
1 988
1 1003
1 991
1 997
1 987
1 987
1 985
1 980
1 2227
1 2964
1 1752
1 1177
1 989
1 2475
1 996
1 984
