0 398
0 394
0 394
0 402
0 399
0 400
0 552
0 409
0 395
0 396
0 398
0 400
0 402
0 397
0 396
0 405
0 403
0 401
0 397
0 402
0 399
0 402
0 397
0 398
0 398
0 401
0 400
0 398
0 403
0 400
0 401
0 406
0 406
0 408
0 407
0 405
0 410
0 403
0 401
0 406
0 405
0 411
0 423
0 457
0 428
0 555
0 560
0 411
0 404
0 410
0 409
0 410
0 408
0 418
0 410
0 412
0 417
0 438
0 415
0 437
0 421
0 505
0 421
0 421
0 592
0 449
0 415
0 413
0 410
0 420
0 422
0 549
0 428
0 567
0 426
0 415
0 415
0 416
0 419
0 427
0 433
0 428
0 425
0 429
0 418
0 419
0 421
0 421
0 416
0 417
0 425
0 421
0 427
0 419
0 423
0 426
0 423
0 424
0 420
0 420
0 454
0 437
0 429
0 429
0 432
0 429
0 452
0 447
0 430
0 426
0 449
0 440
0 438
0 434
0 437
0 435
0 438
0 436
0 442
0 438
0 447
0 442
0 443
0 450
0 456
0 443
0 442
0 443
0 446
0 445
0 442
0 446
0 445
0 464
0 447
0 445
0 590
0 454
0 447
0 450
0 452
0 453
0 458
0 452
0 449
0 451
0 456
0 463
0 463
0 449
0 651
0 622
0 460
0 464
0 458
0 456
0 464
0 457
0 473
0 459
0 463
0 486
0 464
0 467
0 465
0 462
0 465
0 462
0 468
0 468
0 473
0 473
0 466
0 467
0 468
0 472
0 467
0 474
0 471
0 470
0 476
0 482
0 479
0 486
0 473
0 474
0 476
0 475
0 484
0 475
0 505
0 485
0 489
0 481
0 484
0 488
0 482
0 481
0 493
0 480
0 490
0 494
0 506
0 489
0 501
0 492
0 488
0 485
0 483
0 486
0 496
0 499
0 493
0 498
0 491
0 496
0 503
0 504
0 491
0 499
0 502
0 500
0 505
0 498
0 502
0 516
0 509
0 503
0 507
0 501
0 511
0 509
0 520
0 509
0 509
0 508
0 505
0 508
0 516
0 519
0 521
0 552
0 555
0 568
0 551
0 767
0 754
0 535
0 544
0 521
0 544
0 534
0 545
0 528
0 536
0 536
0 538
0 537
0 563
0 538
0 1004
0 631
0 633
0 653
0 1122
0 538
0 538
0 547
0 542
0 537
0 556
0 558
0 549
0 584
0 546
0 554
0 551
0 600
0 829
0 840
0 607
0 592
0 593
0 566
0 561
0 556
0 562
0 597
0 614
0 779
0 911
0 613
0 571
0 581
0 584
0 570
0 569
0 596
0 601
0 573
0 612
0 626
0 848
0 657
0 1040
0 669
0 604
0 577
0 598
0 592
0 640
0 639
0 909
0 620
0 592
0 591
0 594
0 622
0 588
0 602
0 600
0 600
0 600
0 633
0 602
0 603
0 595
0 650
0 607
0 595
0 615
0 611
0 617
0 604
0 604
0 612
0 613
0 657
0 612
0 607
0 616
0 617
0 611
0 610
0 624
0 617
0 638
0 630
0 631
0 620
0 634
0 677
0 633
0 695
0 887
0 654
0 621
0 637
0 628
0 630
0 638
0 640
0 639
0 641
0 663
0 649
0 645
0 641
0 641
0 644
0 691
0 650
0 652
0 704
0 660
0 657
0 656
0 656
0 691
0 699
0 661
0 747
0 663
0 663
0 700
0 666
0 668
0 664
0 682
0 688
0 674
0 741
0 690
0 671
0 668
0 679
0 674
0 690
0 680
0 678
0 684
0 689
0 700
0 698
0 686
0 741
0 687
0 688
0 682
0 707
0 706
0 725
0 707
0 760
0 704
0 700
0 707
0 782
0 734
0 698
0 707
0 708
0 717
0 743
0 711
0 709
0 709
0 716
0 710
0 716
0 726
0 731
0 733
0 747
0 727
0 1698
0 732
0 732
0 731
0 733
0 735
0 744
0 790
0 733
0 745
0 743
0 750
0 744
0 749
0 738
0 862
0 751
0 757
0 752
0 753
0 758
0 785
0 767
0 786
0 766
0 768
0 780
0 775
0 763
0 820
0 765
0 769
0 1013
0 778
0 773
0 780
0 792
0 789
0 780
0 777
0 791
0 781
0 782
0 780
0 780
0 791
0 794
0 793
0 787
0 807
0 793
0 825
0 797
0 791
0 796
0 815
0 834
0 819
0 809
0 809
0 866
0 812
0 809
0 814
0 815
0 817
0 837
0 824
0 826
0 821
0 823
0 819
0 825
0 844
0 820
0 831
0 853
0 843
0 857
0 857
0 854
0 836
0 844
0 841
0 856
0 858
0 852
0 852
0 879
0 871
0 848
0 1181
0 871
0 878
0 867
0 861
0 879
0 874
0 883
0 882
0 885
0 872
0 883
0 879
0 885
0 925
0 887
0 886
0 875
0 895
0 914
0 895
0 915
0 893
0 890
0 975
0 899
0 905
0 1014
0 904
0 898
0 910
0 906
0 899
0 1004
0 927
0 937
0 930
0 921
0 924
0 955
0 925
0 951
0 958
0 935
0 962
0 964
0 960
0 958
0 942
0 936
0 953
0 962
0 1024
0 940
0 995
0 1096
0 1006
0 983
0 964
0 974
0 1079
0 966
0 1015
0 965
0 977
0 994
0 1015
0 983
0 1021
0 984
0 1001
0 975
0 978
0 1017
0 1176
0 1115
0 999
0 1010
0 1154
0 1151
0 995
0 1021
0 1146
0 1094
0 1143
0 1016
0 1029
0 1014
0 1139
0 1020
0 1048
0 1129
0 1023
0 1001
0 1064
0 1043
0 1048
0 1087
0 1059
0 1170
0 1037
0 1043
0 1036
0 1250
0 1090
0 1049
0 1075
0 1063
0 1058
0 1293
0 1070
0 1224
0 1073
0 1056
0 1076
0 1066
0 1083
0 1100
0 1087
0 1081
0 1094
0 1082
0 1067
0 1067
0 1091
0 1091
0 1086
0 1101
0 1127
0 1098
0 1103
0 1092
0 1124
0 1088
0 1116
0 1151
0 1156
0 1141
0 1264
0 1289
0 1118
0 1113
0 1107
0 1128
0 1155
0 1128
0 1325
0 1282
0 1134
0 1132
0 1144
0 1251
0 1147
0 1166
0 1172
0 1220
0 1266
0 1169
0 1152
0 1162
0 1183
0 1160
0 1152
0 1165
0 1179
0 2176
0 1195
0 1378
0 1214
0 1162
0 1179
0 1168
0 1275
0 1222
0 1214
0 1188
0 1215
0 1193
0 1185
0 1188
0 1185
0 1361
0 1233
0 1246
0 1208
0 1212
0 1224
0 1237
0 1255
0 1209
0 1222
0 1222
0 1215
0 1279
0 1274
0 2117
0 1260
0 1300
0 1234
0 1244
0 1296
0 1246
0 1242
0 1440
0 1289
0 1253
0 1328
0 1266
0 1308
0 1289
0 1488
0 1316
0 1284
0 1250
0 1269
0 1268
0 1271
0 1291
0 1284
0 1296
0 1400
0 1408
0 1323
0 2075
0 1290
0 1434
0 1278
0 1309
0 1317
0 1359
0 1319
0 1301
0 1322
0 1320
0 1321
0 1346
0 1327
0 2392
0 1344
0 1551
0 1346
0 1543
0 1317
0 1329
0 1374
0 1344
0 1338
0 1400
0 1352
0 1538
0 1444
0 1393
0 1347
0 1338
0 1397
0 1380
0 1350
0 1367
0 1371
0 1353
0 1418
0 1370
0 1361
0 1360
0 1374
0 1584
0 1551
0 1397
0 1384
0 1397
0 1392
0 1401
0 1387
0 1396
0 1438
0 1440
0 1487
0 1574
0 1571
0 1408
0 1426
0 1491
0 1446
0 1426
0 1633
0 1447
0 1430
0 1515
0 1454
0 1452
0 1444
0 1428
0 1660
0 1434
0 1455
0 2520
0 1711
0 1717
0 1749
0 2465
0 1674
0 2516
0 3044
0 1645
0 1775
0 2692
0 1751
0 1654
0 1490
0 1556
0 1541
0 1492
0 1509
0 1478
0 1605
0 1517
0 1569
0 1718
0 1845
0 2644
0 2581
0 3001
0 2965
0 1865
0 1785
0 1537
0 1528
0 1848
0 1520
0 1537
0 1701
0 1582
0 1579
0 1563
0 1601
0 1580
0 1574
0 1558
0 1559
0 1543
0 1856
0 1717
0 1542
0 1557
0 1741
0 1658
0 1576
0 1573
0 1625
0 1574
0 1586
0 1582
0 2689
0 1576
0 1637
0 1822
0 1597
0 1605
0 1615
0 1609
0 1593
0 1599
0 1587
0 1574
0 1696
0 1947
0 1650
0 1609
0 1651
0 1664
0 1668
0 1639
0 1663
0 1643
0 1776
0 1655
0 1734
0 1655
0 1684
0 1959
0 1648
0 1886
0 1649
0 1683
0 1668
0 1706
0 1709
0 1663
0 1719
0 1663
0 1694
0 1686
0 1667
0 1672
0 1738
0 1742
0 1721
0 1728
0 1726
0 1731
0 1772
0 1715
0 1787
0 1845
0 1710
0 4961
0 2045
0 1771
0 1979
0 1721
0 1748
0 1744
0 1735
0 1729
0 1859
0 1776
0 1783
0 1757
0 1772
0 1855
0 2146
0 1784
0 1747
0 1830
0 1817
0 1795
0 2039
0 2105
0 3434
0 1799
0 1988
0 1836
0 1891
0 1791
0 1845
0 1842
0 1815
0 1872
0 1823
0 2082
0 2065
0 1786
0 1896
0 1978
0 1843
0 1829
0 1840
0 2099
0 1854
0 1839
0 1894
0 1841
0 2112
0 2167
0 1917
0 3459
0 2140
0 1869
0 2287
0 1909
0 1869
0 1901
0 2209
0 1870
0 1916
0 2435
0 2661
0 2243
0 1897
0 2278
0 1894
0 1944
0 1881
0 2282
0 1962
0 1930
0 1938
0 2077
0 1971
0 2345
0 2020
0 1946
0 1941
0 1965
0 2049
0 1981
0 1961
0 2129
0 1987
0 1953
0 2037
0 1927
0 2341
0 1975
0 1977
0 2035
0 2007
0 2049
0 1993
0 2051
0 2002
0 2132
0 1988
0 1975
0 2123
0 2093
0 3589
0 2075
0 2003
0 2038
0 2062
0 2034
0 2018
0 2043
0 2064
0 2036
0 2177
0 2072
0 2115
0 2515
0 2078
0 2081
0 2094
0 2053
0 2068
0 2286
0 2095
0 2179
0 2128
0 2090
0 2364
0 2061
0 2070
0 3006
0 2388
0 2076
0 2108
0 2121
0 2292
0 2092
0 2108
0 2199
0 2116
0 2121
0 2541
0 2228
0 2247
0 2158
0 2137
0 2228
0 2160
0 2168
0 2154
0 2133
0 2177
0 2284
0 2189
0 2170
0 2489
0 2442
0 2513
0 2173
0 2216
0 2203
0 2220
0 2169
0 2254
0 2232
0 2201
0 2303
0 2554
0 2236
0 2209
0 2209
0 2270
0 2259
0 2279
0 2226
0 2541
0 2229
0 2248
0 2491
0 2205
0 2203
0 4440
0 2683
0 2679
0 2276
0 2279
0 2317
0 2250
0 2293
0 2246
0 2254
0 2276
0 2273
0 4023
0 2381
0 2284
0 2525
0 2479
0 2493
0 3809
0 2652
0 2660
0 2585
0 2571
0 3852
0 2297
0 2321
0 2622
0 2443
0 2696
0 2578
0 2545
0 2697
0 2604
0 2570
0 2540
0 2568
0 2737
0 2564
0 2660
0 2520
0 2603
0 2569
0 2617
0 2814
0 2768
0 2370
0 2873
0 2402
0 3433
0 2483
0 2403
0 2406
0 2433
0 2394
0 2556
0 2458
0 2397
0 2438
0 2912
0 2923
0 2893
0 2717
0 3013
0 2624
0 2476
0 2474
0 2690
0 2725
0 2835
0 2877
0 3000
0 4191
0 2848
0 2999
0 3465
0 2966
0 2709
0 2656
0 3040
0 2689
0 2754
0 2845
0 3016
0 3047
0 2619
0 3084
0 2765
0 2597
0 2557
0 2870
0 2801
0 2823
0 2733
0 2563
0 2890
0 3017
0 2581
0 2699
0 2576
0 2581
0 2586
0 2639
0 2660
0 2783
0 2628
0 2728
0 2653
0 2702
0 4644
0 2614
0 2655
0 2704
0 2641
0 2729
0 2699
0 3033
0 2635
0 3173
0 2655
0 3170
0 4805
0 4681
0 3395
0 3197
0 3188
0 3029
0 3250
0 3168
0 3116
0 3180
0 3063
0 3514
0 3013
0 3179
0 2741
0 2883
0 3685
0 2734
0 2982
0 3022
0 2976
0 4062
0 3022
0 3193
0 3253
0 2769
0 2799
0 3149
0 3754
0 3178
0 3339
0 3229
0 2840
0 3108
0 2798
0 2916
0 2837
0 3180
0 3778
0 2800
0 2826
0 3494
0 3301
0 2860
0 2852
0 3024
0 3388
0 3294
0 2892
0 3132
0 2959
0 5034
0 3696
0 3977
0 3424
0 3557
0 3516
0 3627
0 4821
0 4134
0 3217
0 3250
0 3421
0 3181
0 3294
0 3196
0 3101
0 2903
0 2947
0 3463
0 2959
0 3429
0 3326
0 3028
0 3450
0 3708
0 3190
0 2965
0 3411
0 3085
0 3223
0 3294
0 3546
0 4246
0 3516
0 3528
0 3321
0 3568
0 3606
0 3407
0 3606
0 4759
0 3324
0 3358
0 3521
0 3518
0 4238
0 3038
0 3639
0 4182
0 3166
0 3097
0 3604
0 3652
0 3229
0 3469
0 3059
0 3690
0 5565
0 5297
0 6063
0 3733
0 3438
0 3488
0 3585
0 3799
0 3676
0 3467
0 3267
0 3589
0 3577
0 3757
0 3332
0 6033
0 3733
0 3923
0 3632
0 4176
0 4298
0 3696
0 3888
0 3772
0 3726
0 3907
0 3787
0 3699
0 3569
0 3673
0 3345
0 3432
0 3591
0 3911
0 3245
0 4564
0 4021
0 3812
0 3255
0 3756
0 3914
0 4182
0 3803
0 3857
0 4324
0 3910
0 4070
0 6044
0 3704
0 3912
0 3875
0 3527
0 3957
0 3594
0 4195
0 4132
0 3669
0 3511
0 3743
0 4295
0 3854
0 3307
0 3613
0 3317
0 3591
0 3858
0 3359
0 3328
0 3409
0 4069
0 5408
0 6184
0 4313
0 3383
0 3573
0 3931
0 3504
0 3419
0 3454
0 3784
0 4471
0 3396
0 3871
0 4090
0 3669
0 3432
0 4331
0 3527
0 6961
0 5864
0 4726
0 4780
0 3434
0 4400
0 3831
0 4256
0 3471
0 3993
0 3453
0 3509
0 3689
0 4133
0 4174
0 3914
0 3522
0 3922
0 4572
0 3425
0 6270
0 6458
0 6718
0 3709
0 4060
0 5513
0 4378
0 6369
0 7341
0 3582
0 4269
0 3665
0 3476
0 4017
0 6471
0 3567
0 5424
0 3742
0 4717
0 3650
0 3698
0 4805
0 3637
0 4630
0 5278
0 4844
0 4105
0 3812
0 3662
0 4262
0 4163
0 3861
0 4247
0 4384
0 4311
0 3810
0 3860
0 4204
0 4161
0 4310
0 3978
0 3745
0 4103
0 3720
0 3985
0 4302
0 5459
0 4387
0 4259
0 4885
0 3809
0 6581
0 4100
0 3736
0 3780
0 3945
0 3838
0 3987
0 4946
0 4194
0 3914
0 4498
0 3740
0 3716
0 3815
0 4295
0 3697
0 4054
0 5728
0 4971
0 4290
0 3891
0 3861
0 3845
0 3999
0 4522
0 3894
0 3928
0 4390
0 4049
0 4193
0 3965
0 4215
0 4481
0 4543
0 3930
0 3875
0 4328
0 3844
0 3912
0 3828
0 4104
0 4345
0 3902
0 4314
0 3970
0 4474
0 4871
0 4094
0 4363
0 5347
0 4127
0 3867
0 6774
0 5428
0 4882
0 3839
0 4724
0 6784
0 4772
0 4400
0 5425
0 4570
0 4801
0 4418
0 4618
0 5167
0 5692
0 4940
0 6663
0 4242
0 4150
0 5152
0 4202
0 4766
0 5292
0 4730
0 6274
0 4649
0 4891
0 4662
0 4655
0 3979
0 4404
0 7913
0 5328
0 4781
0 4400
0 4966
0 4503
0 4459
0 4390
0 5532
0 7307
0 9399
0 5199
0 7527
0 4411
0 4575
0 7677
0 8009
0 4537
0 4353
0 4435
0 4613
0 4555
0 4828
0 5128
0 7057
0 5534
0 4236
0 4118
0 5133
0 5156
0 4850
0 4170
0 4685
0 5050
0 5165
0 6846
0 5167
0 5083
0 4854
0 6192
0 5070
0 7856
0 4449
0 4351
0 5100
0 4194
0 4910
0 5212
0 5132
0 5614
0 5137
0 7113
0 4283
0 4732
0 4249
0 4268
0 7387
0 4109
0 5803
0 5523
0 7588
0 5527
0 4746
0 4917
0 4248
0 5311
0 4856
0 4885
0 5204
0 8201
0 8790
0 5070
0 6218
0 6038
0 4303
0 5044
0 8170
0 5022
0 6216
0 5280
0 6782
0 5744
0 4385
0 5959
0 6563
0 6312
0 8747
0 6788
0 5784
0 6084
0 7699
0 7973
0 5599
0 5191
0 5523
0 7715
0 4885
0 6749
0 5815
0 7852
0 5014
0 5062
0 4508
0 5038
0 7402
0 6443
0 5892
0 4989
0 4645
0 5504
0 5504
0 4344
0 4743
0 4705
0 5083
0 4898
0 6649
0 6740
0 8574
0 5911
0 5395
0 6958
0 4677
0 6666
0 5231
0 6240
0 5380
0 4719
0 4334
0 4407
0 4475
0 5073
0 8840
0 6651
0 5782
0 6274
0 5380
0 5899
0 4550
0 5286
0 6973
0 6861
0 6238
0 6511
0 4519
0 4612
0 7145
0 8483
0 6575
0 4919
0 4494
0 4966
0 5412
0 5177
0 8482
0 5319
0 5046
0 4601
0 5274
0 6146
0 6148
0 4598
0 5078
0 5488
0 4532
0 5444
0 6990
0 4909
0 4531
0 7179
0 4468
0 4624
0 4952
0 8491
0 8181
0 5474
0 4607
0 4669
0 4596
0 5341
0 5393
0 5611
0 8257
0 5545
0 6557
0 8095
0 5291
0 8084
0 8434
0 6472
0 8137
0 4516
0 4616
0 5078
0 4623
0 4502
0 5151
0 5240
0 5632
0 5759
0 5429
0 4609
0 5097
0 7783
0 6206
0 8481
0 4913
0 5319
0 4814
0 4736
0 5414
0 5322
0 4547
0 4563
0 4890
0 5132
0 4841
0 4552
0 6449
0 5359
0 5926
0 4612
0 4602
0 8195
0 4738
0 5279
0 5884
0 5823
0 5178
0 5423
0 5152
0 5551
0 6421
0 5458
0 6009
0 5156
0 5289
0 5487
0 6448
0 6548
0 7526
0 5436
0 5249
0 5307
0 5095
0 4894
0 4612
0 4726
0 5440
0 5977
0 4739
0 5809
0 6020
0 5668
0 5366
0 8828
0 5394
0 5524
0 5238
0 7138
0 5771
0 5675
0 7066
0 5611
0 5091
0 6341
0 5889
0 6165
0 6124
0 5704
0 8742
0 5760
0 5135
0 5313
0 8780
0 7617
0 8638
0 5714
0 9057
0 5721
0 5943
0 8916
0 6868
0 5798
0 9097
0 5875
0 5897
0 5902
0 6441
0 5810
0 6392
0 5810
0 5873
0 8972
0 5700
0 5922
0 5717
0 5595
0 6928
0 4828
0 5371
0 5361
0 5110
0 5697
0 6317
0 7819
0 6487
0 8991
0 5799
0 8722
0 7112
0 9323
0 5899
0 6046
0 5709
0 5611
0 5858
0 8746
0 5936
0 8762
0 8935
0 6050
0 8743
0 6237
0 8734
0 9364
0 5848
0 8911
0 6047
0 6258
0 6421
0 5938
0 5431
0 6033
0 6223
0 5948
0 6271
0 8831
0 6095
0 8779
0 8890
0 6214
0 6168
0 10247
0 6588
0 6705
0 5888
0 9807
0 5742
0 6285
0 6779
0 6025
0 5343
0 6346
0 9062
0 6318
0 6858
0 6403
0 5671
0 5877
0 8246
0 8859
0 5855
0 6685
0 6676
0 8421
0 7184
0 7826
0 6197
0 6575
0 6180
0 5958
0 7943
0 5840
0 5425
0 5920
0 6450
0 6090
0 9748
0 6460
0 7398
0 5511
0 6184
0 5392
0 5744
0 5486
0 5819
0 6042
0 10636
0 7075
0 9160
0 6306
0 6047
0 7118
0 6045
0 6836
0 6064
0 6261
0 7712
0 6050
0 6193
0 6255
0 6103
0 6329
0 9945
0 7766
0 7080
0 7990
0 6461
0 6886
0 6558
0 9243
0 9892
0 6107
0 8785
0 5581
0 6560
0 5282
0 6822
0 9533
0 8423
0 5426
0 7776
0 9595
0 6123
0 5862
0 6526
0 6179
0 6213
0 9264
0 9451
0 6314
0 7141
0 7453
0 6182
0 10599
0 7966
0 6108
0 7347
0 6221
0 9939
0 6143
0 9207
0 6231
0 9231
0 6280
0 9298
0 6555
0 9401
0 9428
0 6387
0 9588
0 6477
0 9142
0 6813
0 8545
0 6692
0 11774
0 6202
0 6218
0 6353
0 5726
0 6443
0 6171
0 6173
0 6220
0 6527
0 6408
0 9539
0 6431
0 6448
0 5494
0 7932
0 6464
0 6334
0 9972
0 9174
0 9340
0 6831
0 6384
0 6215
0 6165
0 8632
0 6430
0 6351
0 6288
0 6334
0 6284
0 6406
0 9561
0 9666
0 8975
0 6275
0 6310
0 9246
0 6463
0 6990
0 8148
0 9538
0 7246
0 6379
0 8607
0 7201
0 8258
0 9889
0 6657
0 9475
0 7046
0 6419
0 6387
0 6645
0 6765
0 6845
0 7709
0 8932
0 6463
0 12102
0 11270
0 6995
0 6816
0 7963
0 6319
0 7509
0 5589
0 5818
0 6141
0 6116
0 5964
0 8875
0 6405
0 6480
0 9731
0 6664
0 10817
0 6572
0 9715
0 7968
0 6463
0 6374
0 8516
0 6562
0 9855
0 6615
0 6166
0 11029
0 7258
0 5903
0 6000
0 10293
0 7396
0 5944
0 6720
0 7714
0 6370
0 10482
0 6479
0 9888
0 6764
0 10701
0 8546
0 7041
0 5534
0 5624
0 6159
0 6021
0 5646
0 5798
0 5592
0 5974
0 7334
0 9708
0 8044
0 5723
0 5979
0 5633
0 5926
0 5980
0 6342
0 10089
0 9772
0 10774
0 7993
0 11727
0 9855
0 6431
0 5516
0 6086
0 6435
0 6746
0 9216
0 6505
0 6881
0 8558
0 6525
0 6022
0 8099
0 9576
0 6556
0 6197
0 5700
0 5831
0 6299
0 5662
0 5633
0 5733
0 5653
0 5719
0 6002
0 6094
0 6431
0 6627
0 6102
0 6526
0 6479
0 6644
0 6614
0 6293
0 6447
0 6117
0 7425
0 6115
0 6638
0 6758
0 6424
0 6155
0 5673
0 5769
0 9108
0 6358
0 6368
0 5914
0 5787
0 6351
0 5559
0 6664
0 5660
0 6041
0 5545
0 6340
0 9417
0 5599
0 5774
0 5900
0 7177
0 6866
0 5906
0 5620
0 5493
0 5673
0 6392
0 6190
0 6628
0 6816
0 6234
0 6059
0 5729
0 6409
0 5538
0 5918
0 5636
0 5519
0 6009
0 6339
0 5746
0 7391
0 5628
0 5617
0 5771
0 6867
0 7634
0 7339
0 6715
0 9690
0 12001
0 6059
0 7214
0 9534
0 8769
0 12008
0 6758
0 6760
0 7005
0 6922
0 6891
0 6706
0 10400
0 8160
0 6069
0 8932
0 7387
0 6555
0 8060
0 8101
0 7343
0 8152
0 6839
0 8291
0 10354
0 9905
0 6121
0 7195
0 7330
0 10373
0 5974
0 5918
0 5920
0 6037
0 5775
0 6688
0 5728
0 5838
0 5829
0 6927
0 10768
0 6689
0 6675
0 7033
0 7401
0 6146
0 5761
0 6461
0 6203
0 5711
0 6719
0 7172
0 6665
0 6570
0 9535
0 6454
0 6766
0 6621
0 6452
0 6877
0 10504
0 7096
0 6979
0 10255
0 8617
0 6931
0 10509
0 10276
0 6871
0 10765
0 7664
0 9348
0 6898
0 9313
0 10947
0 12550
0 6978
0 9481
0 9528
0 6963
0 11320
0 8237
0 7429
0 10424
0 9227
0 8430
0 9125
0 6979
0 8964
0 6365
0 6314
0 6080
0 8394
0 6527
0 10737
0 6885
0 10328
0 7031
0 10212
0 10906
0 10413
0 7606
0 10913
0 6906
0 10381
0 6914
0 12256
0 10554
0 10745
0 7209
0 8082
0 7005
0 10273
0 7010
0 7162
0 6939
0 11341
0 7190
0 11541
0 6878
0 8511
0 10421
0 7262
0 7107
0 7903
0 6959
0 7168
0 7831
0 10571
0 10550
0 7155
0 10404
0 7621
0 11967
0 7432
0 10625
0 7109
0 10736
0 8695
0 9999
0 9359
0 8045
0 9135
0 10583
0 12467
0 6870
0 9856
0 7056
0 11332
0 8193
0 11585
0 7536
0 7098
0 10798
0 7569
0 7289
0 8927
0 7162
0 9132
0 8707
0 12660
0 10005
0 7158
0 12203
0 8042
0 10959
0 11064
0 11337
0 6925
0 7104
0 7720
0 10416
0 9011
0 6944
0 10870
0 7251
0 6995
0 7145
0 10637
0 7062
0 10875
0 8255
0 10792
0 10476
0 7050
0 10459
0 7153
0 6962
0 10447
0 7086
0 10708
0 10941
0 10218
0 10512
0 6314
0 7682
0 7304
0 7765
0 6212
0 7118
0 6273
0 10634
0 7418
0 7196
0 7295
0 6807
0 6598
0 7501
0 6918
0 7151
0 10775
0 7062
0 6364
0 6118
0 6572
0 6453
0 6517
0 6993
0 9298
0 10685
0 9167
0 7214
0 7412
0 7759
0 7174
0 6004
0 7090
0 5889
0 6251
0 6190
0 6217
0 6596
0 7256
0 6358
0 6701
0 6254
0 6385
0 6884
0 6588
0 6738
0 9152
0 7757
0 10577
0 7396
0 10523
0 7092
0 12743
0 8702
0 11108
0 6285
0 7103
0 7073
0 7888
0 7784
0 7752
0 6705
0 7169
0 6539
0 7136
0 6633
0 7018
0 6525
0 7978
0 6929
0 6613
0 7768
0 7216
0 7751
0 10907
0 5963
0 6737
0 7685
0 7474
0 10617
0 7512
0 11657
0 6709
0 7319
0 7846
0 6770
0 6954
0 6324
0 7333
0 6646
0 6527
0 7690
0 6814
0 6346
0 7139
0 6995
0 6758
0 6864
0 7401
0 7486
0 7893
0 6880
0 6690
0 7517
0 6311
0 6550
0 6468
0 6315
0 6112
0 5933
0 7575
0 6011
0 6324
0 6887
0 7119
0 7210
0 7080
0 6356
0 7380
0 7266
0 7084
0 7758
0 8223
0 6114
0 7042
0 7288
0 6867
0 7048
0 7176
0 6494
0 6236
0 6241
0 7048
0 6410
0 6902
0 6759
0 7677
0 10778
0 6620
0 7628
0 7027
0 6658
0 7721
0 7535
0 6816
0 6494
0 6568
0 5992
0 6273
0 7510
0 6124
0 6264
0 8316
0 7178
0 6569
0 7076
0 7566
0 12315
0 12563
0 7825
0 7023
0 6853
0 6925
0 5953
0 6661
0 7299
0 6927
0 6870
0 8127
0 7196
0 6685
0 6446
0 6489
0 6461
0 7815
0 6173
0 6303
0 7454
0 7415
0 6546
0 6560
0 6775
0 6274
0 6483
0 6091
0 7983
0 7104
0 6978
0 6578
0 6342
0 7008
0 6613
0 6429
0 6006
0 5964
0 6332
0 6128
0 6509
0 6845
0 8710
0 6655
0 7131
0 6640
0 7580
0 6545
0 10329
0 5850
0 11222
0 7427
0 6650
0 6366
0 7058
0 6926
0 7940
0 7533
0 7373
0 7959
0 6736
0 6480
0 6864
0 11912
0 7373
0 7646
0 7837
0 11650
0 7959
0 7267
0 8802
0 7360
0 7178
0 7246
0 6853
0 7352
0 6886
0 5892
0 6545
0 7910
0 7684
0 6182
0 6717
0 6452
0 7119
0 6867
0 7356
0 6930
0 7740
0 7288
0 6877
0 6694
0 7793
0 7171
0 7610
0 6826
0 7399
0 6677
0 7025
0 6763
0 6386
0 7691
0 6938
0 7949
0 7179
0 7122
0 6080
0 6366
0 7716
0 6086
0 6942
0 7995
0 6885
0 6000
0 7194
0 6056
0 7540
0 6812
0 7164
0 7647
0 8028
0 6854
0 6633
0 7366
0 7093
0 6685
0 7023
0 6827
0 6904
0 6408
0 8270
0 7080
0 10712
0 7603
0 6275
0 7553
0 6598
0 6788
0 6494
0 6354
0 7047
0 6986
0 7977
0 7531
0 6818
0 6478
0 6300
0 7617
0 7547
0 6596
0 7402
0 7327
0 6168
0 7118
0 6807
0 6873
0 7157
0 8768
0 6360
0 7845
0 8237
0 7560
0 7668
0 7772
0 6623
0 7728
0 8135
0 8517
0 6781
0 7935
0 7241
0 6468
0 7704
0 6209
0 6075
0 7537
0 7677
0 7601
0 7207
0 7682
0 6717
0 8445
0 7195
0 6961
0 6844
0 6310
0 6424
0 6759
0 6505
0 6505
0 6378
0 6795
0 7769
0 6480
0 6288
0 6012
0 6957
0 6346
0 6170
0 6489
0 6054
0 7755
0 6573
0 7526
0 6207
0 7620
0 6722
0 6730
0 10626
0 8561
0 9872
0 11072
0 8960
0 10583
0 8226
0 7286
0 6735
0 6526
0 6294
0 6114
0 7320
0 6557
0 7464
0 7544
0 7671
0 6854
0 6659
0 6966
0 6122
0 7409
0 6058
0 6972
0 6907
0 6207
0 7454
0 6821
0 6795
0 6589
0 7288
0 6967
0 6505
0 7948
0 7938
0 6668
0 6694
0 6466
0 7058
0 9712
0 8908
0 6822
0 6492
0 6872
0 6505
0 6236
0 6689
0 6088
0 7550
0 9662
0 10961
0 10473
0 7277
0 9097
0 7268
0 9464
0 8315
0 8368
0 9178
0 8412
0 6792
0 6711
0 6031
0 6113
0 7063
0 7019
0 6495
0 7574
0 7929
0 7062
0 6025
0 6998
0 6807
0 6586
0 7456
0 7046
0 7806
0 6698
1 9255
1 6719
1 7755
1 7232
1 6160
1 7929
1 12246
1 8673
1 7236
1 7238
1 7313
1 6970
1 6386
1 7588
1 7782
1 7265
1 7333
1 7745
1 6752
1 6952
1 7083
1 6175
1 7278
1 6474
1 7417
1 7612
1 7827
1 7333
1 6168
1 7656
1 6965
1 12617
1 8827
1 7043
1 6170
1 6600
1 6327
1 6491
1 7949
1 6868
1 7134
1 5956
1 6175
1 6233
1 8002
1 6080
1 6344
1 7582
1 7617
1 6868
1 6874
1 7738
1 8600
1 8054
1 6175
1 7177
1 12427
1 8591
1 7321
1 7714
1 11209
1 7031
1 7020
1 7655
1 7590
1 6876
1 7233
1 7737
1 6237
1 6406
1 6874
1 7849
1 6920
1 6750
1 8494
1 6745
1 6467
1 7837
1 6912
1 6670
1 8777
1 8401
1 8034
1 8335
1 8463
1 6996
1 7896
1 6997
1 7038
1 6202
1 6788
1 7450
1 7846
1 7315
1 6829
1 7708
1 6856
1 8001
1 6213
1 6993
1 6188
1 6894
1 10363
1 6352
1 6469
1 7029
1 7286
1 5891
1 5838
1 6221
1 7876
1 6954
1 6582
1 7945
1 7120
1 6225
1 7947
1 6309
1 6909
1 6418
1 7958
1 8059
1 6633
1 7455
1 7561
1 6677
1 6173
1 6895
1 6467
1 7748
1 6792
1 6186
1 6165
1 6398
1 6848
1 7177
1 6569
1 6559
1 6216
1 6849
1 6829
1 7532
1 7717
1 8967
1 7054
1 5957
1 7546
1 7169
1 7346
1 6597
1 7720
1 7627
1 6827
1 6601
1 7675
1 7084
1 7766
1 7621
1 6719
1 7713
1 5973
1 5951
1 6611
1 6353
1 7188
1 7986
1 6092
1 6854
1 8150
1 6985
1 6123
1 6131
1 7618
1 7970
1 7119
1 7663
1 7813
1 7113
1 7875
1 6841
1 6306
1 6229
1 6245
1 6325
1 6696
1 6891
1 7231
1 6185
1 6885
1 6160
1 7001
1 6429
1 6581
1 6335
1 6040
1 6551
1 7626
1 6996
1 7381
1 7139
1 7642
1 7183
1 6651
1 7756
1 7149
1 6741
1 7760
1 6959
1 6803
1 8257
1 7015
1 7939
1 6235
1 7104
1 6655
1 7094
1 6816
1 6883
1 8252
1 6446
1 6961
1 6172
1 7813
1 7458
1 6769
1 6915
1 6276
1 6041
1 7117
1 7228
1 6290
1 7072
1 6377
1 6207
1 9681
1 6609
1 11211
1 8573
1 8783
1 6245
1 10679
1 14106
1 10344
1 7370
1 8004
1 6875
1 7315
1 7747
1 7261
1 6664
1 6564
1 7114
1 6929
1 7216
1 7576
1 6394
1 7674
1 6959
1 7281
1 12788
1 7428
1 11148
1 7742
1 10297
1 6567
1 7511
1 6214
1 11779
1 8746
1 11530
1 11428
1 12013
1 7590
1 6665
1 6957
1 6975
1 6249
1 6481
1 6744
1 6820
1 6703
1 6791
1 7944
1 7031
1 6503
1 6542
1 6879
1 6980
1 6150
1 7670
1 6324
1 6812
1 6317
1 7149
1 6780
1 6720
1 10758
1 8354
1 7034
1 7759
1 6674
1 6359
1 6584
1 7291
1 6964
1 7935
1 6591
1 7085
1 6653
1 6586
1 6071
1 7096
1 6892
1 7500
1 7436
1 7660
1 7544
1 8290
1 7816
1 6142
1 7052
1 7637
1 6585
1 7913
1 7221
1 6669
1 6822
1 6705
1 9980
1 6967
1 7197
1 7697
1 7187
1 7180
1 7048
1 7024
1 8044
1 7227
1 6619
1 6379
1 6984
1 6255
1 6903
1 6059
1 6708
1 6498
1 6037
1 6848
1 6378
1 7368
1 6480
1 7254
1 10876
1 7284
1 10781
1 7034
1 10822
1 7801
1 7375
1 7159
1 9591
1 11183
1 7562
1 10693
1 7322
1 10895
1 7323
1 11421
1 11342
1 7042
1 7167
1 7606
1 7375
1 6715
1 7408
1 6497
1 6309
1 8685
1 8699
1 7394
1 6788
1 6381
1 7013
1 6908
1 6852
1 6055
1 8485
1 6442
1 6835
1 11677
1 7167
1 7115
1 7319
1 7222
1 7491
1 7975
1 6935
1 7293
1 7539
1 6656
1 7029
1 7527
1 6419
1 6761
1 5971
1 6855
1 6540
1 7291
1 7725
1 6630
1 6350
1 6673
1 6603
1 6312
1 6754
1 6258
1 6525
1 6138
1 6687
1 7481
1 7126
1 6752
1 7529
1 6519
1 6050
1 6619
1 7450
1 7028
1 6659
1 5985
1 6414
1 6194
1 6610
1 6072
1 6783
1 7909
1 6333
1 7580
1 6474
1 6938
1 6848
1 7600
1 6151
1 7386
1 6608
1 7666
1 6648
1 7472
1 7276
1 6942
1 6601
1 8698
1 6969
1 6590
1 7824
1 7165
1 7281
1 7587
1 7112
1 6044
1 6357
1 6915
1 7247
1 6612
1 7788
1 7923
1 6632
1 6990
1 6667
1 6461
1 9276
1 7551
1 6555
1 6546
1 7146
1 7895
1 6838
1 6876
1 7258
1 6759
1 6324
1 6133
1 7629
1 7809
1 7549
1 6662
1 7026
1 6963
1 6708
1 6148
1 7985
1 7640
1 6642
1 7706
1 7173
1 7998
1 6409
1 6319
1 6666
1 6333
1 6442
1 6960
1 6234
1 6648
1 6655
1 6060
1 6760
1 6065
1 7113
1 6402
1 6222
1 8548
1 11282
1 6382
1 7597
1 6923
1 6635
1 9055
1 7629
1 7669
1 6503
1 7070
1 8303
1 9225
1 10338
1 6718
1 6328
1 7184
1 6669
1 6487
1 6360
1 6257
1 7814
1 7346
1 13016
1 11880
1 8892
1 12348
1 10002
1 11831
1 11370
1 6802
1 6792
1 7330
1 11889
1 7438
1 11485
1 6203
1 6950
1 7324
1 6668
1 6185
1 7035
1 7386
1 6526
1 7328
1 7817
1 6966
1 6212
1 8675
1 6374
1 7186
1 10967
1 8203
1 6729
1 6502
1 7472
1 7319
1 6958
1 6890
1 7379
1 6065
1 6333
1 7084
1 6791
1 6277
1 6598
1 7323
1 6566
1 5920
1 5961
1 6912
1 7026
1 6792
1 6510
1 6614
1 6708
1 6474
1 9577
1 6145
1 6669
1 7645
1 7140
1 6993
1 7855
1 6980
1 7706
1 8009
1 7122
1 7609
1 7621
1 7336
1 6140
1 6566
1 6030
1 6207
1 7101
1 6168
1 7611
1 7291
1 6314
1 6637
1 6976
1 6283
1 6324
1 6538
1 5976
1 6181
1 6045
1 6406
1 7184
1 6634
1 7823
1 5948
1 7827
1 7765
1 6583
1 8631
1 7747
1 6604
1 6116
1 6952
1 6709
1 6781
1 6282
1 6380
1 6520
1 6898
1 6646
1 6536
1 6060
1 6094
1 6423
1 6353
1 6185
1 6855
1 6185
1 6844
1 8742
1 6275
1 7207
1 6324
1 7128
1 7111
1 8478
1 6988
1 6101
1 6596
1 10973
1 9672
1 7445
1 7232
1 7043
1 6281
1 7044
1 8494
1 6697
1 7179
1 9860
1 12156
1 11662
1 6846
1 7140
1 7346
1 6970
1 6109
1 6862
1 6709
1 7265
1 6108
1 6147
1 6336
1 5833
1 6051
1 6020
1 6197
1 6212
1 6199
1 6037
1 7168
1 6774
1 6267
1 6152
1 7373
1 6046
1 6128
1 6291
1 5919
1 7247
1 6209
1 6089
1 7260
1 6000
1 6179
1 7196
1 6399
1 6063
1 7504
1 6779
1 6157
1 11602
1 6119
1 5974
1 7498
1 7020
1 6550
1 6708
1 7094
1 7596
1 8441
1 11882
1 9297
1 7323
1 6295
1 6339
1 6123
1 6364
1 6114
1 6549
1 6095
1 9967
1 7029
1 11665
1 8959
1 8755
1 6040
1 6183
1 8830
1 8906
1 7993
1 7217
1 6211
1 6380
1 6233
1 5809
1 6143
1 5927
1 5960
1 6537
1 6233
1 6092
1 6084
1 5969
1 6054
1 6377
1 6165
1 5990
1 6107
1 6798
1 6904
1 6275
1 6057
1 6929
1 6255
1 6084
1 7297
1 8733
1 6049
1 6762
1 7724
1 9472
1 6745
1 5990
1 7388
1 7833
1 9201
1 8028
1 7979
1 6093
1 7358
1 9049
1 9159
1 10610
1 7170
1 6001
1 6150
1 6230
1 6116
1 6091
1 6081
1 6137
1 6374
1 6242
1 6201
1 8908
1 6200
1 6124
1 6036
1 6060
1 6181
1 6274
1 6614
1 5999
1 6054
1 6072
1 6143
1 6045
1 6128
1 5917
1 6378
1 6023
1 6138
1 6015
1 6096
1 6065
1 5989
1 6016
1 6745
1 6311
1 6122
1 6011
1 6364
1 6199
1 6642
1 6624
1 6074
1 6086
1 6094
1 6299
1 6131
1 7172
1 6307
1 6214
1 6332
1 6115
1 6416
1 6204
1 6250
1 6297
1 7514
1 7203
1 7816
1 5838
1 6127
1 6502
1 5940
1 6666
1 6712
1 6132
1 6096
1 6223
1 6313
1 6854
1 6046
1 6194
1 6274
1 6242
1 6334
1 6089
1 7486
1 6090
1 6190
1 6530
1 7273
1 6076
1 6192
1 6099
1 6031
1 7068
1 6194
1 6085
1 6233
1 6632
1 6200
1 5848
1 6689
1 6008
1 6134
1 6307
1 5892
1 6121
1 5892
1 5897
1 6160
1 5938
1 5766
1 6371
1 5821
1 5762
1 6157
1 6995
1 6170
1 6407
1 10641
1 7238
1 6114
1 6479
1 6520
1 6248
1 6162
1 6167
1 7096
1 6045
1 7132
1 6305
1 6356
1 6438
1 6144
1 6118
1 6427
1 6222
1 6176
1 6150
1 5984
1 6602
1 6740
1 6062
1 6092
1 5993
1 6361
1 6125
1 6241
1 6174
1 6120
1 6039
1 6277
1 6208
1 6624
1 6010
1 6166
1 6306
1 6101
1 6116
1 6278
1 6165
1 5970
1 7706
1 7281
1 6623
1 6234
1 5942
1 6218
1 6377
1 6079
1 6007
1 6116
1 6307
1 11002
1 6344
1 6097
1 6083
1 6054
1 9221
1 6285
1 6113
1 6729
1 5986
1 5991
1 6113
1 7124
1 6016
1 6154
1 6751
1 5982
1 6735
1 6095
1 6196
1 6227
1 6051
1 6192
1 6164
1 7471
1 6745
1 6115
1 5894
1 7904
1 5841
1 6941
1 6228
1 6151
1 8658
1 7211
1 11755
1 6543
1 6361
1 5874
1 8691
1 6334
1 6021
1 11629
1 6211
1 6094
1 7246
1 6319
1 6076
1 6151
1 7630
1 6614
1 5981
1 8120
1 5810
1 7043
1 11213
1 9251
1 6868
1 6848
1 5770
1 5791
1 5930
1 5783
1 5918
1 6041
1 6121
1 6027
1 5779
1 6603
1 6418
1 5762
1 5831
1 5805
1 5738
1 5900
1 5805
1 6659
1 6571
1 7643
1 5840
1 6233
1 6174
1 5863
1 5888
1 5922
1 5923
1 5982
1 5823
1 5995
1 5893
1 5902
1 5841
1 5900
1 6120
1 5837
1 5757
1 10399
1 6376
1 5789
1 6088
1 7011
1 6097
1 5844
1 6526
1 5935
1 5898
1 6357
1 5797
1 5882
1 5819
1 6028
1 5881
1 5956
1 5767
1 5944
1 5796
1 5999
1 5831
1 5913
1 6473
1 5782
1 5905
1 5859
1 6095
1 6355
1 5849
1 6857
1 5844
1 5853
1 5859
1 5855
1 5794
1 5818
1 6132
1 6107
1 5929
1 5810
1 5983
1 5769
1 6298
1 5782
1 5846
1 8887
1 5779
1 6050
1 5830
1 6958
1 5953
1 6795
1 6290
1 5861
1 6076
1 5888
1 5850
1 5839
1 6004
1 6312
1 5888
1 5989
1 5878
1 5797
1 5852
1 7296
