0 185
0 185
0 182
0 183
0 182
0 184
0 182
0 182
0 183
0 185
0 187
0 229
0 203
0 192
0 183
0 194
0 184
0 184
0 183
0 190
0 188
0 188
0 186
0 186
0 188
0 196
0 188
0 186
0 185
0 185
0 198
0 198
0 198
0 199
0 194
0 193
0 198
0 196
0 272
0 201
0 195
0 203
0 226
0 200
0 235
0 199
0 194
0 192
0 191
0 193
0 196
0 193
0 195
0 203
0 195
0 197
0 195
0 206
0 195
0 202
0 198
0 198
0 196
0 197
0 204
0 238
0 250
0 206
0 198
0 197
0 209
0 202
0 200
0 200
0 207
0 201
0 201
0 201
0 215
0 289
0 293
0 210
0 206
0 205
0 202
0 211
0 214
0 212
0 204
0 300
0 207
0 222
0 215
0 223
0 222
0 310
0 223
0 306
0 224
0 315
0 295
0 213
0 213
0 215
0 213
0 212
0 215
0 214
0 214
0 214
0 219
0 220
0 218
0 223
0 220
0 219
0 224
0 216
0 218
0 218
0 224
0 222
0 223
0 233
0 326
0 231
0 250
0 337
0 239
0 327
0 241
0 253
0 305
0 235
0 250
0 240
0 226
0 228
0 227
0 229
0 233
0 346
0 239
0 234
0 233
0 231
0 231
0 237
0 355
0 252
0 378
0 252
0 278
0 258
0 378
0 302
0 250
0 249
0 238
0 238
0 244
0 243
0 258
0 283
0 249
0 242
0 250
0 242
0 259
0 261
0 283
0 380
0 333
0 381
0 271
0 429
0 268
0 509
0 321
0 337
0 273
0 270
0 271
0 281
0 391
0 532
0 273
0 272
0 363
0 277
0 284
0 288
0 275
0 269
0 264
0 269
0 264
0 259
0 261
0 261
0 276
0 291
0 282
0 267
0 285
0 286
0 267
0 265
0 313
0 267
0 275
0 275
0 276
0 280
0 299
0 302
0 499
0 283
0 439
0 274
0 286
0 281
0 281
0 283
0 280
0 285
0 279
0 282
0 286
0 285
0 295
0 335
0 450
0 380
0 302
0 288
0 287
0 298
0 322
0 288
0 303
0 305
0 332
0 301
0 294
0 296
0 294
0 302
0 293
0 297
0 316
0 308
0 316
0 314
0 358
0 311
0 311
0 310
0 480
0 335
0 324
0 323
0 319
0 315
0 316
0 325
0 321
0 317
0 325
0 330
0 335
0 325
0 331
0 361
0 349
0 336
0 330
0 335
0 325
0 331
0 336
0 347
0 336
0 338
0 335
0 342
0 339
0 343
0 331
0 366
0 344
0 349
0 342
0 345
0 346
0 344
0 350
0 354
0 350
0 343
0 351
0 352
0 366
0 361
0 355
0 355
0 357
0 353
0 405
0 366
0 437
0 370
0 361
0 398
0 371
0 366
0 369
0 431
0 402
0 375
0 373
0 387
0 530
0 383
0 373
0 375
0 602
0 523
0 487
0 392
0 438
0 386
0 382
0 379
0 406
0 422
0 386
0 392
0 404
0 387
0 396
0 393
0 394
0 390
0 390
0 408
0 394
0 390
0 407
0 401
0 425
0 461
0 404
0 419
0 447
0 401
0 403
0 402
0 403
0 410
0 422
0 416
0 474
0 690
0 430
0 414
0 536
0 476
0 413
0 465
0 516
0 504
0 681
0 437
0 435
0 423
0 423
0 429
0 435
0 508
0 437
0 432
0 488
0 448
0 462
0 617
0 456
0 479
0 438
0 486
0 453
0 445
0 446
0 448
0 510
0 506
0 452
0 447
0 451
0 456
0 459
0 462
0 477
0 522
0 462
0 486
0 546
0 557
0 484
0 458
0 480
0 518
0 535
0 480
0 500
0 477
0 469
0 471
0 475
0 470
0 844
0 501
0 483
0 592
0 491
0 482
0 484
0 508
0 706
0 484
0 495
0 511
0 496
0 506
0 509
0 496
0 508
0 504
0 493
0 494
0 525
0 507
0 506
0 521
0 506
0 513
0 506
0 506
0 508
0 505
0 544
0 524
0 525
0 533
0 621
0 522
0 538
0 521
0 522
0 541
0 541
0 536
0 545
0 533
0 553
0 533
0 535
0 534
0 548
0 532
0 563
0 554
0 558
0 564
0 565
0 564
0 553
0 552
0 559
0 588
0 987
0 588
0 563
0 579
0 567
0 568
0 669
0 678
0 568
0 577
0 583
0 576
0 591
0 596
0 587
0 582
0 602
0 585
0 577
0 680
0 685
0 613
0 602
0 600
0 596
0 594
0 595
0 593
0 607
0 706
0 959
0 609
0 616
0 611
0 620
0 615
0 621
0 621
0 622
0 872
0 764
0 736
0 654
0 665
0 621
0 623
0 636
0 656
0 642
0 636
0 647
0 637
0 637
0 637
0 645
0 645
0 739
0 1151
0 859
0 633
0 668
0 651
0 655
0 649
0 657
0 652
0 656
0 651
0 653
0 683
0 672
0 670
0 678
0 673
0 675
0 697
0 773
0 763
0 685
0 671
0 715
0 745
0 808
0 719
0 712
0 702
0 712
0 739
0 708
0 701
0 719
0 842
0 717
0 729
0 730
0 719
0 714
0 733
0 716
0 714
0 734
0 745
0 731
0 746
0 737
0 743
0 737
0 752
0 731
0 730
0 748
0 748
0 750
0 869
0 771
0 746
0 760
0 746
0 758
0 745
0 870
0 778
0 781
0 764
0 782
0 766
0 767
0 772
0 778
0 773
0 834
0 1116
0 797
0 890
0 784
0 793
0 794
0 794
0 1354
0 787
0 901
0 796
0 834
0 817
0 810
0 806
0 806
0 806
0 1010
0 909
0 821
0 832
0 835
0 864
0 817
0 918
0 821
0 818
0 817
0 902
0 837
0 887
0 839
0 838
0 850
0 834
0 833
0 845
0 957
0 869
0 895
0 881
0 854
0 866
0 872
0 866
0 927
0 1024
0 859
0 855
0 874
0 874
0 885
0 877
0 870
0 890
0 880
0 887
0 874
0 871
0 905
0 905
0 889
0 929
0 894
0 915
0 1075
0 913
0 893
0 892
0 936
0 923
0 924
0 923
0 924
0 1338
0 925
0 925
0 924
0 912
0 936
0 934
0 948
0 949
0 932
0 932
0 946
0 942
0 1488
0 938
0 957
0 958
0 1089
0 1122
0 1295
0 1658
0 1109
0 1221
0 1572
0 992
0 1210
0 1282
0 1187
0 1053
0 1074
0 1160
0 1113
0 1131
0 1277
0 1073
0 1291
0 1016
0 1220
0 1191
0 1053
0 1979
0 1182
0 1186
0 1061
0 1196
0 1240
0 1174
0 1247
0 1485
0 1201
0 1141
0 1873
0 1023
0 1016
0 1017
0 1042
0 1035
0 1040
0 1094
0 1037
0 1115
0 1258
0 1052
0 1040
0 1053
0 1673
0 1276
0 1099
0 1156
0 1058
0 1058
0 1061
0 1068
0 1098
0 1052
0 1077
0 1601
0 1082
0 1071
0 1083
0 1084
0 1080
0 1078
0 1090
0 1088
0 1099
0 1108
0 1132
0 1633
0 1309
0 1113
0 1557
0 1291
0 1113
0 1869
0 1236
0 1389
0 1274
0 1309
0 1276
0 1138
0 1360
0 1286
0 1424
0 1202
0 1161
0 1157
0 1152
0 1152
0 1146
0 1155
0 1138
0 1788
0 1167
0 1144
0 1182
0 1164
0 1167
0 1653
0 1182
0 2118
0 1178
0 1165
0 1175
0 1204
0 1197
0 1183
0 1214
0 1190
0 1181
0 1200
0 1213
0 1184
0 1187
0 1207
0 1221
0 1225
0 1217
0 1228
0 1226
0 1207
0 1209
0 1211
0 1213
0 1236
0 1229
0 1229
0 1246
0 1238
0 1232
0 1242
0 1262
0 1253
0 1230
0 1249
0 1319
0 1641
0 1272
0 1278
0 1255
0 1271
0 1275
0 1290
0 1266
0 1268
0 1326
0 1815
0 1329
0 1282
0 1484
0 1291
0 1291
0 1285
0 1319
0 1702
0 1312
0 1610
0 1342
0 1382
0 1371
0 1575
0 1658
0 1313
0 1323
0 1311
0 1346
0 1350
0 1339
0 1327
0 1323
0 1630
0 1560
0 1387
0 1326
0 1657
0 1364
0 1365
0 1370
0 1377
0 1369
0 1368
0 1683
0 1552
0 1433
0 2091
0 1394
0 1408
0 1393
0 1393
0 1370
0 1378
0 1380
0 1462
0 1441
0 1486
0 1408
0 1407
0 1424
0 1417
0 2267
0 1629
0 1436
0 1404
0 1419
0 1402
0 1460
0 1436
0 1432
0 1763
0 1658
0 1462
0 1612
0 1638
0 1461
0 1473
0 1464
0 1462
0 1754
0 2637
0 1545
0 2441
0 1741
0 2709
0 1807
0 2701
0 2677
0 1594
0 2472
0 1834
0 1799
0 2749
0 1761
0 2445
0 1837
0 2665
0 2492
0 1753
0 2789
0 1550
0 1595
0 1542
0 1526
0 1504
0 1514
0 1511
0 1541
0 1524
0 1562
0 1532
0 1541
0 1542
0 1522
0 1528
0 1553
0 1575
0 2113
0 2094
0 1944
0 4249
0 2665
0 2731
0 2845
0 2137
0 2815
0 2528
0 1642
0 2735
0 1940
0 1739
0 2727
0 1701
0 2623
0 1930
0 2824
0 1764
0 1939
0 2886
0 1669
0 2659
0 1874
0 2960
0 1948
0 3075
0 1664
0 1693
0 1683
0 1793
0 1717
0 1645
0 1798
0 1744
0 1759
0 1743
0 1769
0 1754
0 3133
0 1796
0 1674
0 1688
0 1657
0 1679
0 1810
0 4782
0 2007
0 1687
0 1670
0 1656
0 3841
0 3147
0 2264
0 3086
0 1805
0 2091
0 2448
0 1671
0 2072
0 2096
0 1761
0 1669
0 1688
0 1753
0 1689
0 1679
0 2096
0 3365
0 1696
0 1695
0 1701
0 1855
0 3483
0 2185
0 1715
0 1730
0 1869
0 1743
0 1757
0 1747
0 1724
0 1731
0 1750
0 2245
0 3451
0 1745
0 1721
0 1733
0 1737
0 2121
0 3833
0 2867
0 2334
0 1759
0 1785
0 1780
0 1767
0 1759
0 2083
0 1771
0 1949
0 1780
0 3025
0 2035
0 1759
0 3924
0 3448
0 2567
0 1810
0 1853
0 1789
0 1773
0 1806
0 1809
0 1776
0 1862
0 1779
0 1785
0 1796
0 2465
0 1982
0 1804
0 2098
0 4153
0 2954
0 1799
0 2221
0 1855
0 1845
0 3297
0 2037
0 1835
0 1954
0 1915
0 1810
0 1812
0 3486
0 1865
0 3344
0 1830
0 1904
0 1871
0 1841
0 1834
0 1858
0 1832
0 1858
0 1834
0 2097
0 2080
0 1905
0 2139
0 2806
0 2028
0 1889
0 1869
0 2130
0 2307
0 2207
0 3650
0 3027
0 1944
0 2449
0 1876
0 1889
0 2924
0 1888
0 1902
0 1920
0 1911
0 1988
0 1896
0 1906
0 1892
0 3428
0 1909
0 1923
0 1949
0 1926
0 1938
0 1915
0 1915
0 1917
0 1919
0 1921
0 1905
0 1924
0 1901
0 1978
0 1919
0 1949
0 1925
0 1927
0 1942
0 1948
0 1953
0 1953
0 2234
0 2018
0 1944
0 1993
0 1950
0 1977
0 2038
0 2007
0 2001
0 1984
0 1935
0 1972
0 1992
0 2001
0 1989
0 2000
0 2009
0 2472
0 2002
0 2085
0 1997
0 1979
0 1974
0 1990
0 2042
0 3309
0 2022
0 1999
0 1979
0 1982
0 1977
0 2011
0 2024
0 2037
0 2012
0 2020
0 2049
0 2014
0 2017
0 2009
0 2215
0 2020
0 2053
0 2044
0 2028
0 2027
0 2042
0 2067
0 2028
0 2066
0 2023
0 2074
0 2041
0 2074
0 2080
0 2060
0 2059
0 2102
0 2146
0 2043
0 2073
0 2072
0 2073
0 2075
0 2091
0 2054
0 2051
0 2063
0 2108
0 2055
0 2070
0 2113
0 2255
0 2078
0 2068
0 2252
0 2074
0 2099
0 2109
0 2251
0 2081
0 3666
0 2087
0 2104
0 2159
0 2096
0 2203
0 2111
0 2085
0 2125
0 2120
0 2138
0 2098
0 2104
0 2120
0 2123
0 2143
0 2102
0 2130
0 2117
0 2172
0 2158
0 2160
0 2161
0 2396
0 2119
0 2121
0 2124
0 2138
0 2149
0 2140
0 2188
0 2138
0 2169
0 2157
0 2172
0 2169
0 2175
0 2162
0 2160
0 2142
0 2197
0 2215
0 2153
0 2151
0 2144
0 2200
0 2154
0 2158
0 2194
0 2187
0 2251
0 2209
0 2195
0 2160
0 2511
0 2186
0 2190
0 2340
0 2517
0 2373
0 2202
0 2188
0 2201
0 2215
0 2169
0 2208
0 2199
0 2210
0 2207
0 2205
0 2344
0 2225
0 2325
0 2227
0 2307
0 2210
0 2215
0 2178
0 2190
0 3323
0 2551
0 2208
0 2220
0 2209
0 2203
0 2251
0 3061
0 2209
0 2260
0 2671
0 2221
0 2216
0 2924
0 2509
0 2214
0 2211
0 2222
0 2234
0 2253
0 2806
0 2381
0 2271
0 2301
0 2232
0 2589
0 2338
0 4635
0 2275
0 3882
0 2327
0 2253
0 2740
0 2829
0 4598
0 2303
0 2262
0 2287
0 2294
0 2238
0 2848
0 2259
0 2268
0 2328
0 2394
0 2938
0 4539
0 2598
0 2340
0 2259
0 2291
0 3083
0 2484
0 2267
0 2441
0 2301
0 2283
0 2293
0 2314
0 2266
0 2255
0 2304
0 2332
0 2420
0 2306
0 2306
0 2777
0 2319
0 2280
0 2267
0 2276
0 2320
0 2392
0 2342
0 2320
0 2284
0 2316
0 2318
0 2337
0 2359
0 2297
0 3238
0 2298
0 2308
0 2287
0 2348
0 2303
0 2335
0 2347
0 2307
0 2312
0 2324
0 2304
0 2347
0 2353
0 2357
0 2341
0 2346
0 2364
0 2368
0 2351
0 2344
0 2329
0 2358
0 2312
0 2331
0 2370
0 2362
0 2336
0 2361
0 2373
0 2411
0 2356
0 2353
0 4359
0 2405
0 2380
0 2327
0 2363
0 2355
0 2415
0 2874
0 2367
0 2394
0 2336
0 2337
0 2366
0 2351
0 2528
0 2409
0 2337
0 2360
0 2398
0 2347
0 2346
0 2371
0 2885
0 3046
0 2438
0 2408
0 2358
0 2373
0 2401
0 2361
0 2374
0 2414
0 2363
0 2378
0 2373
0 2366
0 2371
0 2414
0 2381
0 2413
0 3367
0 2386
0 2488
0 2410
0 2411
0 2374
0 2402
0 2400
0 2413
0 2416
0 2378
0 2408
0 2411
0 2415
0 2419
0 2593
0 2386
0 2439
0 2442
0 2520
0 2395
0 2413
0 2443
0 2413
0 2441
0 2460
0 2386
0 2386
0 2413
0 2438
0 2407
0 2490
0 2412
0 2405
0 2422
0 2399
0 2449
0 2409
0 2424
0 3173
0 2441
0 2411
0 2430
0 2466
0 2457
0 2413
0 2399
0 2581
0 2417
0 2407
0 2432
0 2398
0 2403
0 2503
0 3150
0 2419
0 2424
0 2427
0 2442
0 2421
0 2421
0 2447
0 2422
0 2459
0 2420
0 2419
0 2454
0 2429
0 2443
0 2480
0 2429
0 2470
0 2627
0 2474
0 2430
0 2437
0 2416
0 2479
0 2476
0 2483
0 2499
0 2474
0 2448
0 2445
0 2436
0 2430
0 2484
0 2487
0 2448
0 2454
0 2436
0 2453
0 2504
0 2485
0 2507
0 2530
0 2473
0 2469
0 2446
0 2442
0 2496
0 2742
0 2832
0 2541
0 2454
0 2491
0 2447
0 2498
0 2855
0 2452
0 2501
0 2460
0 2475
0 2474
0 2467
0 2449
0 2498
0 2458
0 2534
0 2469
0 2493
0 2476
0 2500
0 2483
0 2483
0 2473
0 2492
0 2909
0 2547
0 2548
0 2481
0 3225
0 2468
0 2499
0 2462
0 2872
0 2673
0 2531
0 2506
0 2534
0 2970
0 2466
0 2532
0 2521
0 2486
0 2946
0 2520
0 2506
0 2875
0 2543
0 2499
0 2500
0 2470
0 2481
0 2603
0 2503
0 2507
0 2507
0 2486
0 2596
0 2494
0 2503
0 2481
0 2484
0 2484
0 2501
0 2716
0 2497
0 2530
0 2486
0 2529
0 2528
0 2488
0 2532
0 2532
0 2480
0 2498
0 2490
0 2496
0 2519
0 2494
0 2519
0 2496
0 2502
0 2489
0 2514
0 2514
0 2510
0 2494
0 2509
0 2497
0 2499
0 4302
0 2548
0 2493
0 2499
0 2497
0 2530
0 4066
0 2607
0 2502
0 2515
0 2536
0 2546
0 2498
0 2500
0 2503
0 2502
0 2549
0 4006
0 2508
0 2541
0 2529
0 2606
0 2540
0 2538
0 2504
0 2508
0 2558
0 2519
0 2535
0 2517
0 2546
0 3634
0 2558
0 2513
0 2509
0 2506
0 2539
0 2513
0 2515
0 2518
0 2509
0 2540
0 2521
0 2561
0 2524
0 2529
0 2556
0 2547
0 2571
0 2504
0 2563
0 2526
0 2512
0 2513
0 4368
0 2550
0 2552
0 2529
0 2542
0 2519
0 2564
0 2554
0 2550
0 2515
0 2534
0 2753
0 2681
0 2526
0 2521
0 2520
0 2759
0 2570
0 2542
0 2556
0 2584
0 2720
0 2532
0 2531
0 2571
0 2533
0 2602
0 2630
0 2542
0 2564
0 2564
0 2705
0 2544
0 2527
0 2555
0 2533
0 2527
0 2621
0 2583
0 2562
0 2522
0 2569
0 2582
0 2722
0 2579
0 2521
0 2576
0 2577
0 2583
0 2595
0 2767
0 2539
0 2534
0 2558
0 2568
0 2523
0 2540
0 2553
0 2577
0 2566
0 2571
0 2525
0 2763
0 2577
0 2604
0 2558
0 2580
0 2583
0 2571
0 2577
0 2571
0 2609
0 2761
0 2546
0 2533
0 2534
0 2550
0 2579
0 2535
0 2546
0 2527
0 2542
0 2567
0 2580
0 2586
0 2556
0 2577
0 2582
0 2529
0 2564
0 3450
0 2533
0 2528
0 2537
0 2547
0 4408
0 2579
0 2539
0 2547
0 2536
0 2538
0 2534
0 2543
0 2573
0 2553
0 2547
0 2545
0 2581
0 2546
0 2537
0 2596
0 2543
0 2535
0 2543
0 2587
0 2537
0 2576
0 2587
0 2732
0 2531
0 2536
0 2535
0 2533
0 2586
0 2571
0 2575
0 2592
0 2584
0 2585
0 2566
0 2547
0 2551
0 2540
0 2541
0 2900
0 2583
0 2563
0 3250
0 2575
0 2572
0 2818
0 2534
0 2526
0 2542
0 2541
0 2584
0 2572
0 2583
0 2592
0 2554
0 2532
0 2568
0 2525
0 2545
0 2558
0 2524
0 2589
0 2571
0 2913
0 2539
0 2578
0 2562
0 2611
0 2517
0 2578
0 2575
0 2564
0 2539
0 2576
0 2566
0 2586
0 2550
0 2542
0 2526
0 2538
0 2537
0 2537
0 2615
0 2582
0 2531
0 2532
1 2730
1 2570
1 2565
1 2566
1 2537
1 2579
1 4192
1 2591
1 2519
1 2519
1 2563
1 2550
1 2574
1 2512
1 2522
1 2574
1 2516
1 2592
1 2522
1 2561
1 2571
1 2557
1 2585
1 2771
1 2569
1 2570
1 2571
1 2584
1 2556
1 2571
1 2523
1 2551
1 2573
1 2524
1 2612
1 2569
1 2535
1 2534
1 2574
1 2524
1 2558
1 2531
1 2633
1 2660
1 2534
1 4559
1 2523
1 2530
1 2537
1 2522
1 2517
1 2510
1 2559
1 2579
1 2526
1 2590
1 2528
1 2533
1 2563
1 2521
1 3635
1 2541
1 2531
1 2606
1 2513
1 2562
1 2671
1 2529
1 2526
1 2520
1 2526
1 2534
1 2533
1 2567
1 2545
1 2570
1 2528
1 3709
1 2520
1 2553
1 2525
1 2541
1 2596
1 2552
1 2532
1 2591
1 2565
1 2566
1 2748
1 3238
1 2532
1 2534
1 2560
1 2575
1 2528
1 2533
1 2574
1 2514
1 2560
1 2525
1 2517
1 2573
1 2522
1 2532
1 2577
1 2516
1 2579
1 2565
1 2530
1 2574
1 2575
1 2525
1 2525
1 2628
1 2537
1 2532
1 2548
1 2527
1 2526
1 2571
1 2626
1 2563
1 3913
1 2531
1 2522
1 2576
1 2569
1 2557
1 4638
1 2559
1 2571
1 2548
1 2579
1 2530
1 2534
1 2570
1 2575
1 2581
1 2523
1 2520
1 2554
1 2518
1 2569
1 2577
1 2591
1 3688
1 2526
1 2517
1 2532
1 2559
1 2510
1 2517
1 2526
1 2565
1 2517
1 2516
1 2545
1 2529
1 2671
1 2577
1 2534
1 2568
1 2526
1 2534
1 2547
1 2578
1 2535
1 2543
1 2534
1 2581
1 2551
1 2579
1 2579
1 2509
1 2662
1 2677
1 2585
1 2567
1 2516
1 2541
1 2591
1 2555
1 2571
1 2560
1 2578
1 2520
1 2514
1 2540
1 2533
1 2582
1 2531
1 2529
1 2525
1 2580
1 2569
1 2533
1 2530
1 2520
1 2531
1 2517
1 2579
1 2528
1 2576
1 2561
1 2532
1 2555
1 2575
1 2560
1 2546
1 2573
1 2554
1 2533
1 2528
1 2658
1 2581
1 2574
1 3483
1 2527
1 2546
1 2574
1 2582
1 2550
1 2648
1 2580
1 2521
1 2526
1 2542
1 2573
1 2566
1 2566
1 2661
1 2529
1 2590
1 2569
1 2567
1 2525
1 2530
1 2524
1 2517
1 2566
1 2563
1 2586
1 2515
1 2555
1 2550
1 2564
1 2568
1 2616
1 2628
1 2516
1 2527
1 2630
1 2535
1 2537
1 2521
1 2559
1 2521
1 2555
1 2579
1 2534
1 2566
1 2651
1 2513
1 2522
1 2564
1 2549
1 2523
1 4720
1 3042
1 2572
1 2553
1 2518
1 2544
1 2524
1 2525
1 2551
1 2586
1 2541
1 2521
1 2526
1 2590
1 2555
1 2533
1 2525
1 2548
1 2558
1 2564
1 2571
1 2559
1 2557
1 2669
1 2525
1 2555
1 2532
1 2579
1 2533
1 2580
1 2571
1 2524
1 2564
1 2519
1 2525
1 2582
1 2541
1 2535
1 2524
1 2628
1 2569
1 2558
1 2530
1 2584
1 4683
1 2647
1 2536
1 2661
1 2536
1 2517
1 2557
1 2533
1 2537
1 2556
1 2527
1 2565
1 2532
1 2545
1 2532
1 2575
1 2518
1 2529
1 2524
1 2519
1 2535
1 2522
1 2591
1 2564
1 2578
1 2565
1 2530
1 2535
1 2543
1 2642
1 2522
1 2519
1 2659
1 2533
1 2610
1 2523
1 2598
1 2534
1 2559
1 2553
1 2533
1 2526
1 2524
1 2528
1 2544
1 2578
1 2662
1 2526
1 2525
1 2789
1 2526
1 2557
1 2598
1 2530
1 2577
1 2572
1 2527
1 2572
1 2844
1 2579
1 2620
1 2527
1 2562
1 2540
1 2526
1 2556
1 2786
1 2535
1 2570
1 2708
1 2564
1 2668
1 2540
1 2523
1 2542
1 2562
1 2525
1 2555
1 2523
1 2536
1 2531
1 2570
1 2508
1 2542
1 2524
1 2596
1 2563
1 2589
1 2577
1 2553
1 2568
1 2578
1 2570
1 2572
1 2529
1 2518
1 2582
1 2904
1 2530
1 3565
1 3652
1 2567
1 2694
1 2578
1 2526
1 2570
1 2566
1 2528
1 2537
1 2519
1 2539
1 2581
1 2523
1 2537
1 2547
1 2573
1 2568
1 2519
1 2567
1 2557
1 2518
1 2574
1 2515
1 2576
1 2641
1 2530
1 2539
1 2538
1 2592
1 2527
1 2537
1 2574
1 2562
1 2525
1 2557
1 2567
1 2585
1 2530
1 2530
1 2581
1 2568
1 2579
1 2521
1 2521
1 4082
1 2725
1 2566
1 2571
1 2533
1 2531
1 2542
1 2553
1 2522
1 2518
1 2562
1 2557
1 2525
1 2541
1 2570
1 2528
1 2591
1 2538
1 2513
1 2538
1 2571
1 2533
1 2578
1 2552
1 2527
1 2581
1 2535
1 2531
1 2531
1 2531
1 2551
1 2517
1 2566
1 2525
1 2515
1 2534
1 2526
1 2563
1 2528
1 2576
1 2585
1 2584
1 2628
1 2531
1 2570
1 4159
1 3878
1 2568
1 2571
1 2569
1 2515
1 2523
1 2530
1 2517
1 2571
1 2564
1 2565
1 2567
1 2545
1 2568
1 2538
1 2548
1 2573
1 2530
1 2539
1 2523
1 2525
1 2529
1 2580
1 2598
1 2521
1 2530
1 2573
1 2522
1 2564
1 2572
1 2574
1 2966
1 2558
1 2552
1 2578
1 2557
1 2570
1 2537
1 2577
1 2562
1 2534
1 2516
1 2538
1 3536
1 2535
1 2573
1 2531
1 2746
1 2650
1 2588
1 2557
1 2594
1 2525
1 2587
1 2520
1 3612
1 2525
1 2561
1 2572
1 2572
1 2573
1 2540
1 2578
1 2511
1 2535
1 2560
1 2770
1 2582
1 2573
1 2615
1 2587
1 2522
1 2605
1 2536
1 2598
1 2580
1 2591
1 2574
1 2565
1 2630
1 2545
1 2572
1 2570
1 2535
1 2568
1 2583
1 2535
1 3007
1 2553
1 4506
1 4304
1 4661
1 2713
1 4612
1 2746
1 4858
1 2876
1 2568
1 2583
1 2645
1 2826
1 2526
1 2562
1 2693
1 3618
1 2552
1 3941
1 2579
1 2579
1 2664
1 2533
1 2957
1 2525
1 3676
1 3072
1 2806
1 3073
1 3609
1 3427
1 3158
1 3122
1 5004
1 4455
1 2941
1 3155
1 2791
1 3963
1 4786
1 2529
1 2830
1 2705
1 3009
1 3026
1 4807
1 2809
1 5279
1 3145
1 2883
1 4698
1 3705
1 2852
1 2637
1 2536
1 2663
1 2513
1 2525
1 2531
1 2568
1 4188
1 3672
1 4683
1 3124
1 3891
1 3097
1 2922
1 4712
1 2997
1 3201
1 2787
1 3598
1 2540
1 2757
1 3509
1 2581
1 2533
1 2628
1 2563
1 2855
1 2526
1 2574
1 2530
1 2526
1 2563
1 3320
1 2535
1 2533
1 2525
1 2556
1 2567
1 2564
1 2583
1 2517
1 2530
1 2566
1 2561
1 2568
1 2579
1 2638
1 2573
1 2534
1 2701
1 2520
1 2694
1 3068
1 2516
1 2564
1 2599
1 2571
1 2557
1 2789
1 2788
1 2533
1 2573
1 2726
1 2544
1 2577
1 2530
1 2530
1 2570
1 2533
1 2601
1 3600
1 2524
1 2554
1 2562
1 2513
1 2531
1 2521
1 2557
1 2535
1 2531
1 2755
1 2731
1 2534
1 2590
1 3004
1 4349
1 4684
1 2731
1 3034
1 2686
1 2700
1 2875
1 2532
1 2536
1 2570
1 2581
1 2526
1 2826
1 2777
1 2537
1 2546
1 2989
1 2523
1 2700
1 2663
1 2528
1 2543
1 2601
1 2520
1 3120
1 2525
1 2567
1 2526
1 2580
1 2547
1 2710
1 2578
1 2845
1 2585
1 2524
1 2725
1 2676
1 3215
1 2541
1 2524
1 2531
1 2538
1 2870
1 2522
1 2517
1 2575
1 2524
1 2519
1 2587
1 2969
1 3178
1 2918
1 2589
1 2591
1 2537
1 2531
1 2535
1 2657
1 2576
1 2586
1 2579
1 3108
1 2879
1 2560
1 2527
1 2867
1 2577
1 2692
1 3934
1 2773
1 3272
1 2597
1 2578
1 2569
1 2535
1 2527
1 2516
1 2521
1 2971
1 3368
1 2584
1 2571
1 2526
1 3768
1 2634
1 4074
1 2576
1 2566
1 2560
1 2565
1 2516
1 3096
1 3162
1 2549
1 2555
1 2521
1 2535
1 3073
1 2526
1 2549
1 2603
1 2520
1 2545
1 2669
1 2619
1 4700
1 2523
1 2795
1 3570
1 2568
1 4551
1 2566
1 2525
1 3112
1 3678
1 2579
1 2553
1 2548
1 2871
1 2519
1 2957
1 3022
1 2952
1 2533
1 2986
1 2598
1 2760
1 2607
1 2557
1 2539
1 2537
1 3009
1 3085
1 2699
1 3259
1 2527
1 2604
1 2856
1 2538
1 2541
1 2607
1 2530
1 2522
1 2533
1 2549
1 2565
1 2534
1 2551
1 3632
1 2577
1 3210
1 2990
1 2602
1 4695
1 2540
1 2522
1 3163
1 2992
1 2580
1 2593
1 2601
1 2514
1 2533
1 2982
1 2568
1 2581
1 3607
1 2533
1 2562
1 2691
1 2585
1 3030
1 2533
1 2576
1 2567
1 2570
1 2567
1 3203
1 2897
1 4083
1 2869
1 2517
1 2582
1 2538
1 2560
1 2555
1 2578
1 2526
1 3557
1 6886
1 2594
1 2595
1 2857
1 2786
1 3690
1 4556
1 2882
1 2532
1 2584
1 3190
1 3809
1 2547
1 2525
1 2869
1 2577
1 2527
1 2546
1 2546
1 4037
1 2937
1 3158
1 3031
1 5090
1 4126
1 3629
1 2528
1 2580
1 2522
1 3269
1 2574
1 2584
1 2541
1 2568
1 2539
1 2530
1 2623
1 2516
1 2542
1 3272
1 2799
1 3978
1 3436
1 2840
1 2910
1 4761
1 2524
1 2576
1 3586
1 3242
1 3605
1 2931
1 2676
1 2514
1 2536
1 2623
1 2540
1 4399
1 2624
1 2615
1 2517
1 2526
1 2573
1 2585
1 2570
1 2573
1 2583
1 2575
1 2519
1 2572
1 2541
1 2578
1 2518
1 2529
1 2760
1 2571
1 2546
1 2538
1 3246
1 2532
1 2566
1 2573
1 2530
1 2570
1 2598
1 2569
1 2526
1 2535
1 2546
1 2566
1 5969
1 2550
1 3587
1 2577
1 2577
1 2524
1 2672
1 2598
1 2550
1 2563
1 2520
1 4747
1 4748
1 2526
1 2589
1 2517
1 2614
1 2534
1 3001
1 2603
1 2560
1 2562
1 2660
1 2524
1 2566
1 2575
1 2523
1 2551
1 2621
1 2559
1 2525
1 2540
1 2581
1 2526
1 2622
1 2583
1 2579
1 2536
1 2510
1 2573
1 2513
1 2526
1 2571
1 2530
1 2525
1 2527
1 2697
1 2532
1 2533
1 2517
1 2530
1 2565
1 3057
1 2536
1 2562
1 2563
1 2518
1 2581
1 2538
1 2527
1 2564
1 2526
1 2550
1 2576
1 2796
1 2519
1 2567
1 2554
1 2663
1 3406
1 2580
1 2585
1 2520
1 3144
1 2637
1 2655
1 3610
1 2577
1 2559
1 2561
1 2815
1 3259
1 2607
1 2576
1 3574
1 2533
1 2865
1 2535
1 2531
1 2538
1 3146
1 2895
1 2582
1 3032
1 2697
1 2571
1 2521
1 2516
1 2555
1 3307
1 4331
1 3027
1 2580
1 2571
1 2820
1 2538
1 2561
1 2563
1 2529
1 2577
1 2563
1 2537
1 3194
1 2991
1 2536
1 2598
1 3068
1 3008
1 2530
1 2576
1 2559
1 2576
1 2515
1 2585
1 2557
1 2563
1 3039
1 2587
1 2556
1 2567
1 2536
1 2520
1 2536
1 2526
1 2555
1 2543
1 2535
1 2520
1 2595
1 2567
1 3532
1 2599
1 2521
1 3045
1 2568
1 2520
1 2545
1 3307
1 2881
1 3041
1 2543
1 2556
1 2522
1 2532
1 2517
1 2582
1 2544
1 2521
1 2976
1 3292
1 2608
1 2932
1 2523
1 2555
1 2812
1 2528
1 2903
1 2837
1 3205
1 2534
1 2578
1 2993
1 3111
1 2576
1 2538
1 2528
1 3008
1 3156
1 2639
1 2524
1 2527
1 2515
1 2572
1 2521
1 2574
1 2574
1 2522
1 2524
1 2588
1 3879
1 3132
1 2569
1 3160
1 2565
1 2562
1 2661
1 2869
1 4476
1 2770
1 2579
1 2519
1 2572
1 2584
1 2571
1 3273
1 3666
1 2535
1 2581
1 2552
1 2531
1 2802
1 2579
1 2562
1 2573
1 2577
1 3556
1 2555
1 2570
1 2544
1 2575
1 2519
1 2534
1 2568
1 2543
1 2537
1 2564
1 3017
1 2527
1 2534
1 2568
1 2578
1 2639
1 2941
1 3002
1 2552
1 2571
1 3587
1 4364
1 2639
1 2538
1 4046
1 2569
1 5107
1 4004
1 2580
1 2529
1 2567
1 2588
1 2609
1 2587
1 2794
1 2516
1 2536
1 2962
1 2541
1 3239
1 2527
1 2577
1 4107
1 2821
1 2541
1 2688
1 3712
1 2566
1 2543
1 2527
1 2601
1 2700
1 2522
1 2558
1 2747
1 3129
1 2554
1 2538
1 2537
1 2572
1 2526
1 2525
1 2824
1 4484
1 4592
1 3214
1 3027
1 2535
1 2567
1 2550
1 3000
1 2655
1 2974
1 2601
1 2534
1 2589
1 2522
1 2553
1 2584
1 2529
1 2700
1 2556
1 2516
1 2622
1 2634
1 2531
1 2640
1 2952
1 2561
1 2952
1 2534
1 2662
1 2532
1 2544
1 2731
1 2867
1 3296
1 2529
1 3152
1 2919
1 2540
1 2896
1 3759
1 2534
1 2540
1 2585
1 2518
1 2530
1 2518
1 2563
1 2646
1 2537
1 2584
1 2525
1 2580
1 3617
1 2610
1 2508
1 2525
1 2550
1 2531
1 2523
1 2517
1 2516
1 2528
1 3805
1 2643
1 2567
1 2562
1 2828
1 2513
1 2543
1 4025
1 4698
1 2530
1 2547
1 2563
1 2569
1 2588
1 2518
1 2531
1 2584
1 2539
1 2523
1 2518
1 2557
1 2559
1 4201
1 3046
1 3004
1 4466
1 3060
1 3222
1 2993
1 3654
1 3126
1 3068
1 3504
1 2533
1 2552
1 3254
1 2612
1 5264
1 2541
1 2556
1 2816
1 2592
1 2524
1 5289
1 3046
1 2549
1 2591
1 2517
1 2576
1 5193
1 3232
1 2707
1 4780
1 2892
1 3362
1 5191
1 2525
1 2634
1 2570
1 3097
1 2532
1 2518
1 2527
1 2581
1 2578
1 2577
1 2541
1 2646
1 2717
1 3392
1 3635
1 4725
1 2937
1 3561
1 2561
1 2621
1 2564
1 2557
1 2704
1 3602
1 2553
1 2574
1 2598
1 2729
1 3065
1 3654
1 2526
1 2513
1 2577
1 2625
1 2582
1 2574
1 2992
1 3222
1 2951
1 2553
1 3093
1 2532
1 2550
1 3144
1 2962
1 2684
1 2647
1 2613
1 2579
1 2651
1 2536
1 2828
1 2846
1 2596
1 2917
1 2583
1 2560
1 3824
1 2532
1 2530
1 2602
1 2529
1 2543
1 3119
1 2562
1 2794
1 2999
1 2554
1 2554
1 2762
1 2579
1 2716
1 2550
1 2529
1 2581
1 3198
1 2867
1 2538
1 2554
1 2527
1 2723
1 2585
1 2794
1 2542
1 3116
1 2984
1 2627
1 2588
1 2524
1 3455
1 2654
1 3391
1 2569
1 2565
1 2587
1 2574
1 2530
1 3122
1 3468
1 2597
1 2555
1 3248
1 2562
1 2918
1 3259
1 4553
1 4771
1 2574
1 3234
1 2533
1 3795
1 2946
1 2590
1 2524
1 2523
1 2583
1 2801
1 2532
1 2563
1 2583
1 2529
1 3612
1 2596
1 2567
1 2543
1 2677
1 4148
1 2558
1 2878
1 2649
1 2607
1 3144
1 2947
1 2695
1 2585
1 3154
1 2616
1 2633
1 2570
1 2577
1 2668
1 2520
1 2562
1 2853
1 2566
1 2541
1 3104
1 2859
1 4463
1 2775
1 3067
1 3275
1 3236
1 3379
1 3197
1 2899
1 4478
1 3008
1 2970
1 3597
1 2551
1 3414
1 2572
1 2586
1 2578
1 2607
1 2549
1 2701
1 2590
1 2559
1 2567
1 2551
1 2570
1 2572
1 3050
1 2519
1 2577
1 2574
1 2606
1 2562
1 2532
1 2553
1 2587
1 2523
1 2516
1 2530
1 2569
1 2572
1 2539
1 2579
1 3211
1 2585
1 3670
1 3509
1 2523
1 2517
1 2527
1 3233
1 3595
1 2568
1 2572
1 2528
1 2528
1 5573
1 3387
1 2566
1 2521
1 2654
1 2689
1 2562
1 3878
1 2532
1 2574
1 2580
1 2547
1 2570
1 2518
1 2526
1 2588
1 2545
1 2556
1 2566
1 2513
1 4233
1 2564
1 3000
1 2516
1 2580
1 4632
1 2529
1 2536
1 2517
1 2548
1 2532
1 2532
1 2529
1 2530
1 2534
1 2560
1 2580
1 2662
1 2547
1 2534
1 2525
1 2530
1 2527
1 2803
1 2543
1 2562
1 2571
1 2530
1 2540
1 2575
1 2515
1 2528
1 2532
1 2571
1 2574
1 2557
1 2551
1 2525
1 2530
1 2589
1 2540
1 2577
1 2522
1 3093
1 2561
1 2523
1 2560
1 2655
1 2547
1 3820
1 2644
1 2566
1 2564
1 4155
1 3453
1 2526
1 2560
1 2529
1 2522
1 2525
1 2554
1 2622
1 2525
1 2584
1 2587
1 2530
1 2536
1 2530
1 2520
1 2530
1 2584
1 2530
1 2576
1 2560
1 2539
1 2577
1 2582
1 2575
1 2522
1 2578
1 2561
1 2521
1 2895
1 2550
1 2536
1 2527
1 2568
1 2576
1 2572
1 2543
1 2534
1 2539
1 2529
1 2648
1 2518
1 2533
1 2522
1 2544
1 2699
1 2606
1 2516
1 2557
1 2527
1 2529
1 2544
1 2657
1 2535
1 2624
1 2588
1 2537
1 2581
1 2553
1 2522
1 2519
1 2516
1 2585
1 2521
1 2558
1 2629
1 2529
1 2532
1 2563
1 2677
1 2550
1 2533
1 2752
1 2537
1 2517
1 2525
1 2545
1 2609
1 2553
1 2528
1 2570
1 2604
1 2567
1 2574
1 2518
1 2726
1 2589
1 2584
1 2576
1 2520
1 2585
1 2585
1 2573
1 2597
1 2534
1 2583
1 2558
1 2514
1 2530
1 3054
1 2529
1 2518
1 2522
1 2522
1 2580
1 2545
1 3299
1 2574
1 2573
1 2527
1 2526
1 2569
1 2525
1 2524
1 2569
1 2538
1 2513
1 2566
1 2570
1 2552
1 2527
1 2523
1 2541
1 2528
1 2550
1 2525
1 2535
1 2515
1 2525
1 2519
1 3138
1 3531
1 2525
1 2570
1 2565
1 2526
1 2750
1 2520
1 2573
1 2555
1 2585
1 2520
1 2527
1 2547
1 2567
1 2528
1 2562
1 2519
1 2551
1 2523
1 2574
1 2575
1 2534
1 2522
1 2566
1 2582
1 2522
1 2582
1 3630
1 2533
1 2549
1 2585
1 2528
1 2594
1 2532
1 2623
1 2530
1 5212
1 2575
1 2561
1 2540
1 3194
1 2554
1 3177
1 3036
1 3171
1 2787
1 2537
1 2520
1 2524
1 5232
1 2575
1 2566
1 2565
1 3067
1 5269
1 5984
1 2530
1 2587
1 2530
1 5186
1 2533
1 2522
1 2553
1 2577
1 5188
1 2581
1 2572
1 2913
1 2875
1 5135
1 3168
1 2629
1 2541
1 2522
1 2819
1 2786
1 2706
1 2529
1 2573
1 2547
1 3260
1 2528
1 2545
1 2577
1 3805
1 4046
1 3157
1 2890
1 2605
1 4178
1 3317
1 2601
1 2540
1 2517
1 2523
1 2598
1 2843
1 2932
1 2878
1 3776
1 2645
1 2881
1 2756
1 3212
1 2704
1 2535
1 2547
1 2796
1 3038
1 3061
1 4750
1 2534
1 2566
1 2520
1 2538
1 2518
1 2564
1 2594
1 2524
1 2623
1 2520
1 2578
1 2576
1 2592
1 4574
1 3083
1 3311
1 3480
1 4984
1 3994
1 2967
1 2731
1 5253
1 3173
1 3113
1 5242
1 2965
1 5104
1 3663
1 4826
1 4762
1 4834
1 3152
1 3729
1 2962
1 2922
1 3199
1 2545
1 2528
1 2580
1 2572
1 2534
1 2960
1 3560
1 3197
1 3266
1 3349
1 2606
1 2760
1 2971
1 2611
1 3081
1 2971
1 3194
1 3834
1 2578
1 2532
1 2642
1 2525
1 2692
1 2584
1 2537
1 2917
1 2731
1 2836
1 2536
1 2522
1 2561
1 2575
1 2567
1 2564
1 2540
1 2543
1 2518
1 7684
1 2580
1 2525
1 2553
1 2857
1 4712
1 5918
1 4399
1 4820
1 2568
1 2611
1 2546
1 2549
1 2592
1 2563
1 2526
1 2578
1 2522
1 2617
1 2518
1 2525
1 2571
1 2523
1 2595
1 2532
1 2528
1 2519
1 2520
1 2580
1 2521
1 2523
1 2525
1 3723
1 2531
1 2565
1 2606
1 2538
1 2568
1 2515
1 2522
1 2578
1 2570
1 2516
1 2531
1 2520
1 2534
1 2564
1 2520
1 2582
1 2583
1 2565
1 2628
1 2571
1 2574
1 2520
1 2580
1 2555
1 2574
1 2582
1 2536
1 2531
1 2669
1 2562
1 2522
1 2589
1 2647
1 2543
1 2534
1 2575
1 3085
1 2525
1 2757
1 2520
1 2518
1 2578
1 2523
1 2535
1 2529
1 2569
1 2531
1 2584
1 2535
1 2586
1 2529
1 2521
1 2521
1 2573
1 2570
1 2607
1 2524
1 2581
1 2563
1 2517
1 2562
1 2556
1 2519
1 2525
1 2528
1 2526
1 2564
1 2524
1 2518
1 2571
1 2528
1 2536
1 2525
