0 139
0 103
0 103
0 102
0 101
0 103
0 103
0 103
0 102
0 103
0 104
0 125
0 105
0 103
0 104
0 103
0 104
0 103
0 104
0 104
0 109
0 107
0 105
0 105
0 105
0 106
0 107
0 126
0 105
0 105
0 113
0 114
0 112
0 114
0 113
0 135
0 111
0 113
0 113
0 136
0 117
0 114
0 113
0 114
0 115
0 114
0 115
0 135
0 115
0 116
0 119
0 117
0 119
0 117
0 118
0 117
0 118
0 118
0 118
0 116
0 122
0 144
0 122
0 120
0 122
0 143
0 120
0 119
0 121
0 119
0 125
0 124
0 124
0 123
0 122
0 123
0 123
0 122
0 124
0 125
0 127
0 151
0 126
0 128
0 127
0 126
0 127
0 136
0 126
0 152
0 132
0 134
0 129
0 130
0 156
0 130
0 129
0 131
0 262
0 133
0 184
0 293
0 142
0 149
0 144
0 151
0 137
0 138
0 137
0 138
0 186
0 180
0 146
0 213
0 141
0 144
0 142
0 145
0 141
0 142
0 147
0 147
0 145
0 158
0 147
0 146
0 146
0 147
0 145
0 146
0 152
0 150
0 150
0 152
0 150
0 152
0 176
0 180
0 149
0 152
0 157
0 158
0 157
0 156
0 159
0 155
0 155
0 154
0 159
0 156
0 163
0 160
0 161
0 159
0 161
0 164
0 161
0 160
0 161
0 162
0 180
0 168
0 172
0 165
0 167
0 166
0 199
0 165
0 170
0 164
0 171
0 169
0 170
0 171
0 170
0 169
0 170
0 169
0 170
0 182
0 179
0 255
0 420
0 175
0 182
0 177
0 174
0 179
0 175
0 179
0 211
0 189
0 245
0 180
0 180
0 183
0 179
0 180
0 179
0 181
0 187
0 185
0 184
0 186
0 186
0 185
0 186
0 186
0 185
0 190
0 191
0 306
0 190
0 188
0 190
0 190
0 189
0 193
0 189
0 190
0 196
0 201
0 195
0 206
0 194
0 195
0 193
0 195
0 195
0 194
0 200
0 245
0 199
0 199
0 200
0 201
0 199
0 198
0 199
0 200
0 206
0 204
0 203
0 204
0 203
0 203
0 204
0 204
0 212
0 204
0 220
0 214
0 318
0 215
0 215
0 213
0 213
0 212
0 212
0 213
0 222
0 217
0 217
0 218
0 217
0 219
0 438
0 216
0 228
0 218
0 226
0 224
0 223
0 234
0 222
0 224
0 226
0 226
0 226
0 225
0 230
0 228
0 226
0 334
0 228
0 388
0 295
0 684
0 227
0 228
0 233
0 234
0 232
0 235
0 233
0 239
0 231
0 233
0 233
0 231
0 238
0 236
0 249
0 237
0 237
0 286
0 236
0 236
0 236
0 290
0 242
0 242
0 242
0 243
0 241
0 242
0 245
0 246
0 294
0 241
0 250
0 249
0 249
0 296
0 273
0 253
0 248
0 297
0 246
0 248
0 252
0 266
0 252
0 253
0 251
0 265
0 303
0 251
0 394
0 317
0 258
0 259
0 256
0 257
0 255
0 278
0 264
0 263
0 260
0 257
0 262
0 272
0 321
0 260
0 276
0 272
0 401
0 448
0 261
0 260
0 268
0 268
0 266
0 267
0 269
0 266
0 268
0 276
0 284
0 267
0 272
0 271
0 282
0 405
0 544
0 407
0 277
0 273
0 270
0 271
0 276
0 276
0 274
0 296
0 283
0 292
0 282
0 276
0 276
0 276
0 281
0 288
0 288
0 281
0 288
0 282
0 281
0 280
0 308
0 288
0 287
0 294
0 286
0 285
0 287
0 285
0 293
0 285
0 288
0 287
0 292
0 292
0 290
0 437
0 295
0 291
0 289
0 289
0 349
0 302
0 295
0 296
0 301
0 316
0 293
0 302
0 297
0 355
0 300
0 302
0 311
0 316
0 362
0 299
0 301
0 300
0 309
0 299
0 531
0 303
0 306
0 304
0 388
0 305
0 305
0 306
0 303
0 305
0 305
0 311
0 311
0 339
0 378
0 321
0 311
0 321
0 370
0 472
0 313
0 311
0 316
0 315
0 313
0 315
0 314
0 314
0 314
0 331
0 662
0 595
0 769
0 329
0 320
0 321
0 320
0 319
0 325
0 319
0 318
0 319
0 329
0 335
0 326
0 325
0 348
0 328
0 324
0 321
0 330
0 324
0 346
0 343
0 328
0 328
0 328
0 329
0 1017
0 438
0 329
0 328
0 341
0 347
0 336
0 333
0 334
0 333
0 339
0 336
0 335
0 344
0 340
0 338
0 351
0 336
0 343
0 352
0 1096
0 340
0 376
0 353
0 345
0 359
0 355
0 346
0 359
0 344
0 355
0 349
0 344
0 344
0 352
0 348
0 455
0 360
0 349
0 361
0 369
0 349
0 349
0 360
0 358
0 423
0 353
0 353
0 355
0 366
0 352
0 354
0 353
0 361
0 431
0 358
0 362
0 375
0 358
0 377
0 358
0 376
0 537
0 627
0 367
0 369
0 556
0 365
0 366
0 368
0 368
0 366
0 369
0 366
0 373
0 371
0 382
0 371
0 373
0 372
0 389
0 371
0 370
0 378
0 389
0 390
0 376
0 376
0 376
0 395
0 377
0 383
0 379
0 378
0 386
0 397
0 380
0 379
0 384
0 383
0 389
0 400
0 459
0 395
0 399
0 396
0 399
0 398
0 385
0 388
0 385
0 415
0 386
0 389
0 391
0 388
0 389
0 391
0 392
0 389
0 388
0 412
0 390
0 394
0 397
0 395
0 399
0 394
0 400
0 394
0 418
0 411
0 413
0 407
0 422
0 400
0 402
0 399
0 400
0 407
0 399
0 399
0 400
0 399
0 424
0 540
0 418
0 413
0 406
0 406
0 510
0 408
0 414
0 418
0 695
0 415
0 576
0 424
0 562
0 417
0 765
0 413
0 493
0 433
0 435
0 414
0 525
0 447
0 416
0 414
0 509
0 417
0 418
0 413
0 427
0 501
0 421
0 421
0 434
0 459
0 502
0 423
0 421
0 419
0 441
0 523
0 445
0 423
0 423
0 536
0 426
0 424
0 425
0 428
0 464
0 542
0 429
0 428
0 431
0 427
0 432
0 449
0 430
0 551
0 456
0 444
0 434
0 433
0 521
0 436
0 453
0 434
0 435
0 433
0 440
0 457
0 437
0 461
0 436
0 442
0 473
0 439
0 438
0 441
0 443
0 466
0 446
0 445
0 445
0 447
0 461
0 442
0 442
0 462
0 453
0 448
0 449
0 475
0 465
0 449
0 450
0 448
0 464
0 450
0 460
0 453
0 452
0 456
0 789
0 462
0 454
0 796
0 455
0 454
0 459
0 472
0 490
0 462
0 458
0 458
0 459
0 461
0 467
0 480
0 463
0 469
0 468
0 470
0 464
0 465
0 463
0 462
0 463
0 463
0 484
0 475
0 472
0 470
0 466
0 485
0 468
0 469
0 469
0 469
0 473
0 495
0 496
0 474
0 471
0 471
0 477
0 473
0 481
0 471
0 486
0 477
0 494
0 477
0 476
0 500
0 483
0 497
0 502
0 489
0 505
0 481
0 483
0 485
0 507
0 485
0 500
0 486
0 483
0 482
0 486
0 521
0 489
0 488
0 487
0 485
0 487
0 585
0 494
0 492
0 492
0 518
0 597
0 490
0 497
0 514
0 498
0 506
0 517
0 746
0 517
0 495
0 497
0 500
0 497
0 756
0 843
0 528
0 784
0 528
0 539
0 500
0 501
0 505
0 503
0 507
0 793
0 529
0 613
0 502
0 509
0 533
0 508
0 508
0 523
0 505
0 507
0 643
0 507
0 506
0 517
0 513
0 566
0 924
0 642
0 1306
0 1545
0 776
0 1484
0 1556
0 551
0 519
0 514
0 517
0 652
0 518
0 518
0 513
0 524
0 554
0 521
0 564
0 527
0 564
0 520
0 529
0 523
0 523
0 549
0 547
0 559
0 569
0 525
0 525
0 681
0 581
0 521
0 526
0 539
0 530
0 550
0 556
0 579
0 591
0 569
0 540
0 710
0 1449
0 761
0 708
0 840
0 722
0 916
0 816
0 971
0 919
0 550
0 543
0 541
0 531
0 543
0 545
0 539
0 539
0 548
0 544
0 681
0 549
0 561
0 545
0 546
0 561
0 548
0 568
0 544
0 558
0 544
0 632
0 580
0 561
0 582
0 552
0 678
0 549
0 566
0 558
0 555
0 942
0 550
0 574
0 557
0 576
0 556
0 558
0 570
0 1340
0 598
0 649
0 559
0 617
0 883
0 565
0 597
0 559
0 558
0 560
0 575
0 561
0 556
0 586
0 566
0 575
0 564
0 567
0 679
0 568
0 560
0 577
0 563
0 839
0 654
0 582
0 701
0 644
0 1422
0 922
0 583
0 605
0 729
0 748
0 574
0 1386
0 628
0 574
0 586
0 586
0 578
0 577
0 601
0 943
0 1427
0 609
0 609
0 578
0 592
0 586
0 1099
0 772
0 583
0 636
0 598
0 662
0 598
0 1219
0 1476
0 581
0 580
0 584
0 614
0 581
0 591
0 593
0 589
0 588
0 591
0 600
0 587
0 587
0 590
0 601
0 600
0 626
0 901
0 604
0 613
0 605
0 709
0 621
0 592
0 593
0 598
0 598
0 605
0 603
0 601
0 731
0 878
0 669
0 611
0 608
0 703
0 602
0 648
0 1072
0 1476
0 1500
0 658
0 607
0 602
0 608
0 632
0 614
0 764
0 647
0 605
0 608
0 610
0 610
0 609
0 630
0 658
0 644
0 619
0 613
0 618
0 612
0 624
0 611
0 918
0 620
0 666
0 636
0 624
0 802
0 643
0 634
0 630
0 633
0 625
0 627
0 729
0 684
0 1286
0 629
0 1954
0 1294
0 674
0 793
0 970
0 630
0 772
0 691
0 904
0 662
0 772
0 634
0 705
0 865
0 1436
0 1340
0 1372
0 1055
0 1485
0 1763
0 677
0 1323
0 789
0 1622
0 674
0 671
0 651
0 639
0 1281
0 1160
0 636
0 640
0 635
0 639
0 636
0 638
0 655
0 644
0 640
0 641
0 645
0 671
0 671
0 641
0 676
0 641
0 652
0 671
0 649
0 645
0 895
0 652
0 649
0 644
0 647
0 646
0 676
0 683
0 652
0 651
0 1002
0 1173
0 718
0 806
0 656
0 650
0 657
0 658
0 654
0 872
0 689
0 658
0 662
0 655
0 653
0 682
0 659
0 664
0 685
0 659
0 659
0 701
0 666
0 716
0 657
0 675
0 671
0 693
0 701
0 662
0 822
0 688
0 696
0 676
0 663
0 801
0 676
0 704
0 674
0 675
0 673
0 674
0 672
0 687
0 672
0 671
0 678
0 715
0 845
0 679
0 685
0 675
0 683
0 680
0 679
0 684
0 684
0 682
0 683
0 1026
0 693
0 683
0 682
0 685
0 688
0 694
0 699
0 692
0 688
0 686
0 691
0 689
0 719
0 701
0 692
0 690
0 699
0 707
0 698
0 694
0 698
0 728
0 698
0 691
0 694
0 730
0 2052
0 1395
0 696
0 704
0 711
0 708
0 704
0 720
0 695
0 726
0 748
0 709
0 706
0 713
0 700
0 707
0 700
0 706
0 715
0 713
0 741
0 737
0 712
0 713
0 706
0 740
0 757
0 707
0 705
0 706
0 746
0 725
0 709
0 712
0 712
0 749
0 786
0 716
0 720
0 717
0 757
0 753
0 860
0 724
0 717
0 714
0 723
0 746
0 776
0 750
0 722
0 726
0 720
0 723
0 757
0 730
0 724
0 724
0 756
0 721
0 727
0 732
0 733
0 734
0 731
0 732
0 759
0 725
0 770
0 762
0 740
0 773
0 736
0 739
0 880
0 731
0 737
0 730
0 738
0 732
0 749
0 802
0 741
0 756
0 734
0 951
0 778
0 742
0 746
0 734
0 1145
0 974
0 784
0 1478
0 775
0 742
0 746
0 740
0 741
0 748
0 777
0 750
0 746
0 779
0 743
0 754
0 745
0 781
0 751
0 747
0 751
0 786
0 750
0 763
0 791
0 749
0 748
0 757
0 750
0 748
0 778
0 761
0 768
0 754
0 752
0 772
0 761
0 761
0 759
0 763
0 759
0 766
0 766
0 758
0 767
0 758
0 768
0 766
0 794
0 757
0 808
0 777
0 764
0 762
0 765
0 802
0 765
0 917
0 769
0 771
0 816
0 771
0 807
0 768
0 781
0 774
0 799
0 776
0 1536
0 781
0 802
0 779
0 920
0 777
0 1040
0 775
0 808
0 821
0 783
0 928
0 794
0 1355
0 791
0 817
0 779
0 778
0 779
0 778
0 787
0 1229
0 947
0 783
0 781
0 797
0 820
0 807
0 800
0 783
0 792
0 783
0 821
0 785
0 788
0 804
0 799
0 788
0 828
0 789
0 792
0 808
0 803
0 797
0 793
0 798
0 806
0 826
0 791
0 866
0 792
0 800
0 799
0 810
0 838
0 836
0 800
0 798
0 803
0 851
0 798
0 815
0 803
0 802
0 803
0 804
0 824
0 804
0 1008
0 804
0 804
0 811
0 852
0 812
0 977
0 817
0 812
0 868
0 806
0 973
0 811
0 805
0 818
0 820
0 814
0 980
0 811
0 812
0 829
0 812
0 981
0 853
0 832
0 828
0 815
0 817
0 830
0 816
0 814
0 844
0 897
0 983
0 851
0 827
0 828
0 829
0 822
0 821
0 836
0 1275
0 937
0 844
0 2159
0 825
0 873
0 834
0 830
0 826
0 832
0 826
0 847
0 889
0 844
0 891
0 834
0 832
0 831
0 830
0 836
0 830
0 832
0 834
0 901
0 845
0 879
0 836
0 874
0 841
0 845
0 874
0 885
0 836
0 862
0 867
0 839
0 841
0 848
0 869
0 881
0 842
0 849
0 844
0 847
0 1027
0 888
0 845
0 845
0 854
0 847
0 849
0 853
0 846
0 855
0 1025
0 848
0 890
0 907
0 857
0 849
0 865
0 852
0 847
0 868
0 855
0 903
0 854
0 855
0 861
0 854
0 862
0 869
0 854
0 867
0 1031
0 902
0 858
0 865
0 868
0 859
0 855
0 865
0 901
0 924
0 879
0 863
0 1043
0 867
0 864
0 874
0 864
0 1053
0 1342
0 872
0 869
0 867
0 891
0 874
0 866
0 868
0 911
0 870
0 877
0 874
0 889
0 873
0 875
0 932
0 874
0 875
0 889
0 881
0 874
0 923
0 880
0 911
0 878
0 876
0 884
0 921
0 887
0 878
0 887
0 940
0 882
0 1068
0 978
0 908
0 884
0 886
0 1535
0 885
0 882
0 900
0 973
0 914
0 931
0 897
0 935
0 945
0 888
0 933
0 892
0 894
0 904
0 940
0 935
0 899
0 894
0 923
0 936
0 898
0 909
0 955
0 948
0 921
0 1035
0 930
0 902
0 897
0 906
0 897
0 907
0 904
0 929
0 917
0 907
0 911
0 915
0 957
0 909
0 947
0 908
0 957
0 955
0 946
0 1103
0 908
0 955
0 1409
0 950
0 1155
0 917
0 984
0 957
0 917
0 1064
0 1152
0 2829
0 959
0 1135
0 946
0 930
0 933
0 974
0 916
0 1151
0 936
0 924
0 917
0 919
0 965
0 916
0 927
0 963
0 970
0 929
0 928
0 943
0 922
0 923
0 972
0 1861
0 979
0 949
0 926
0 954
0 943
0 980
0 978
0 947
0 929
0 1115
0 950
0 933
0 940
0 955
0 987
0 938
0 941
0 941
0 992
0 931
0 964
0 1018
0 1176
0 974
0 936
0 996
0 942
0 1136
0 936
0 959
0 1192
0 966
0 958
0 951
0 938
0 984
0 1009
0 938
0 942
0 942
0 981
0 1016
0 955
0 946
0 946
0 2894
0 1328
0 952
0 1477
0 1695
0 962
0 996
0 955
0 960
0 1000
0 948
0 974
0 1001
0 954
0 950
0 967
0 954
0 965
0 1002
0 957
0 959
0 976
0 956
0 957
0 965
0 995
0 1556
0 970
0 1012
0 963
0 967
0 990
0 959
0 965
0 981
0 966
0 1159
0 965
0 964
0 1024
0 973
0 1175
0 1013
0 973
0 1024
0 987
0 973
0 987
0 969
0 970
0 982
0 970
0 970
0 1038
0 1023
0 977
0 974
0 998
0 985
0 987
0 1043
0 977
0 977
0 981
0 984
0 1031
0 1037
0 979
0 1089
0 1971
0 1022
0 979
0 986
0 1008
0 1029
0 983
0 1191
0 988
0 985
0 1011
0 1035
0 984
0 1014
0 984
0 983
0 1535
0 1799
0 1189
0 993
0 987
0 990
0 1005
0 987
0 1000
0 1002
0 1006
0 1003
0 1002
0 992
0 1010
0 1047
0 1059
0 1011
0 1075
0 993
0 1024
0 1034
0 1267
0 1243
0 1035
0 1017
0 998
0 1058
0 997
0 1003
0 1023
0 1596
0 1003
0 1013
0 1059
0 1018
0 1015
0 1056
0 1005
0 1010
0 1017
0 1070
0 1011
0 1008
0 1019
0 1015
0 1010
0 1021
0 1009
0 1015
0 1025
0 1041
0 3044
0 1763
0 1024
0 1024
0 1013
0 1012
0 1031
0 1030
0 1285
0 1028
0 1017
0 1028
0 1019
0 1042
0 1016
0 1038
0 1018
0 1073
0 1076
0 1029
0 1029
0 1032
0 1047
0 1045
0 1061
0 2057
0 1027
0 1080
0 1053
0 1140
0 1025
0 1029
0 1602
0 1273
0 1122
0 1510
0 1079
0 1043
0 1068
0 1042
0 1041
0 1094
0 1042
0 1031
0 1030
0 1047
0 1032
0 1041
0 1061
0 1085
0 1057
0 1087
0 1088
0 1051
0 1046
0 1037
0 1102
0 1036
0 1045
0 1058
0 1101
0 1039
0 1070
0 1044
0 1311
0 1041
0 1135
0 1051
0 1102
0 1064
0 1105
0 1369
0 1046
0 1116
0 1046
0 1048
0 1062
0 1320
0 1139
0 1107
0 1059
0 1105
0 1049
0 1058
0 1072
0 1052
0 1050
0 1052
0 1167
0 1058
0 1159
0 1055
0 1075
0 1068
0 1057
0 1072
0 1079
0 1057
0 1073
0 1142
0 1059
0 1106
0 1121
0 1092
0 1071
0 1071
0 1072
0 1060
0 1078
0 1133
0 1118
0 1069
0 1073
0 1118
0 1078
0 1077
0 1125
0 1074
0 1083
0 1079
0 1677
0 1671
0 1092
0 1312
0 1071
0 1078
0 1070
0 1072
0 1128
0 1092
0 1084
0 1082
0 1326
0 1118
0 1091
0 1078
0 1075
0 1073
0 1088
0 1134
0 1145
0 1088
0 1091
0 1633
0 1081
0 1112
0 1088
0 1077
0 1093
0 1162
0 1147
0 1084
0 1101
0 1087
0 1097
0 1092
0 1083
0 1150
0 1098
0 1151
0 1104
0 1090
0 1091
0 1140
0 1151
0 1147
0 1099
0 1142
0 1105
0 1165
0 1156
0 1323
0 1092
0 1173
0 1148
0 1093
0 1102
0 1096
0 1156
0 1104
0 1106
0 1164
0 1099
0 1129
0 1161
0 1111
0 1106
0 1132
0 1167
0 1130
0 1157
0 1123
0 1120
0 1125
0 1141
0 1168
0 1114
0 1187
0 1116
0 1121
0 1119
0 1121
0 1113
0 1122
0 1108
0 1765
0 1920
0 1175
0 1145
0 1151
0 1121
0 1168
0 1152
0 1129
0 1123
0 1121
0 1133
0 1136
0 1118
0 1183
0 1119
0 1127
0 1175
0 1175
0 1116
0 1129
0 2223
0 1177
0 1123
0 1135
0 1135
0 1135
0 1124
0 1163
0 1356
0 1174
0 1142
0 1134
0 1151
0 1133
0 1178
0 1361
0 1142
0 1139
0 1130
0 1146
0 1139
0 1497
0 1175
0 1139
0 1142
0 1139
0 1139
0 1145
0 1131
0 1140
0 1145
0 1152
0 1148
0 1139
0 1150
0 1205
0 1201
0 1201
0 1139
0 1138
0 1197
0 1201
0 1145
0 1212
0 1204
0 1149
0 1147
0 1142
0 1228
0 1152
0 1202
0 1144
0 1156
0 1150
0 1156
0 1146
0 1149
0 1154
0 1164
0 1228
0 1161
0 2305
0 1176
0 1226
0 1171
0 1808
0 1588
0 1224
0 1403
0 1398
0 1150
0 1212
0 1168
0 1202
0 1156
0 1157
0 1164
0 1158
0 1155
0 1160
0 1158
0 1196
0 1230
0 1185
0 1217
0 1227
0 1228
0 1158
0 1178
0 1161
0 1188
0 1160
0 1205
0 1167
0 1164
0 1166
0 1167
0 1180
0 1194
0 1397
0 1171
0 1232
0 1182
0 1169
0 1178
0 1186
0 1235
0 1229
0 1170
0 1245
0 1170
0 1190
0 1176
0 1182
0 1177
0 1238
0 1179
0 1247
0 1177
0 1197
0 1236
0 1574
0 1187
0 1438
0 1181
0 1219
0 1180
0 1212
0 1180
0 1188
0 1312
0 1200
0 1295
0 1187
0 1197
0 1202
0 1431
0 1247
0 1184
0 1184
0 1220
0 1242
0 1201
0 1197
0 1190
0 1196
0 1201
0 1192
0 1191
0 1202
0 1192
0 1200
0 2200
0 1226
0 1206
0 1197
0 1209
0 1203
0 1221
0 1262
0 1218
0 1191
0 1205
0 1268
0 1269
0 1265
0 1266
0 1235
0 1199
0 1460
0 1199
0 1211
0 1204
0 1212
0 1211
0 1220
0 1217
0 1274
0 1203
0 1287
0 1269
0 1209
0 1210
0 1358
0 1209
0 1218
0 1208
0 1277
0 1212
0 1213
0 1230
0 1277
0 1222
0 1293
0 1366
0 1218
0 1226
0 1223
0 1284
0 1274
0 1236
0 1461
0 1280
0 1220
0 1229
0 1224
0 1218
0 1217
0 1278
0 1230
0 1219
0 1292
0 1285
0 1223
0 1234
0 1228
0 1237
0 1225
0 1224
0 1237
0 1223
0 1237
0 1257
0 1229
0 1241
0 1232
0 1287
0 1623
0 1312
0 1240
0 1232
0 1306
0 1262
0 1235
0 2324
0 1971
0 1824
0 1262
0 2432
0 1296
0 1233
0 1267
0 1237
0 2325
0 1316
0 1284
0 1237
0 1265
0 1280
0 1240
0 1238
0 1246
0 1319
0 1297
0 1303
0 1265
0 1244
0 1272
0 1266
0 1241
0 1268
0 1242
0 1311
0 1253
0 1324
0 1262
0 1260
0 1248
0 1269
0 1246
0 1257
0 1245
0 1293
0 1312
0 1252
0 1273
0 1251
0 1332
0 1252
0 1250
0 1252
0 1329
0 1261
0 1258
0 1271
0 1336
0 1321
0 1401
0 1264
0 1284
0 1329
0 1256
0 1256
0 1292
0 1334
0 1268
0 1260
0 1264
0 1261
0 1257
0 1277
0 1269
0 1260
0 1340
0 1265
0 1259
0 1259
0 1273
0 1269
0 1263
0 1329
0 1331
0 1291
0 1652
0 1261
0 1275
0 1269
0 1264
0 1262
0 1268
0 1263
0 1262
0 1486
0 1299
0 1263
0 1270
0 1263
0 1272
0 1264
0 1346
0 1277
0 1263
0 1294
0 1344
0 1272
0 1278
0 1287
0 1265
0 1281
0 1281
0 1290
0 1266
0 1283
0 1388
0 1266
0 1273
0 1265
0 1278
0 1271
0 1338
0 1272
0 1551
0 1291
0 1270
0 1315
0 1344
0 1287
0 1284
0 1280
0 1266
0 1342
0 1284
0 1359
0 1286
0 1276
0 1282
0 1343
0 1271
0 1282
0 1282
0 1556
0 1270
0 1284
0 1271
0 1338
0 1351
0 1268
0 1339
0 1266
0 1281
0 1269
0 1351
0 1294
0 1269
0 1275
0 1265
0 1358
0 1279
0 1274
0 1268
0 1538
0 1333
0 1267
0 1294
0 1269
0 1375
0 1849
0 1357
0 1264
0 1333
0 1264
0 1274
0 1292
0 1301
0 2328
0 1337
0 1268
0 2320
0 1264
0 1267
0 1275
0 1347
0 1302
0 1302
0 1280
0 1260
0 1332
0 1283
0 1280
0 1355
0 1278
0 1265
0 1281
0 1316
0 1264
0 1569
0 1303
0 1265
0 1266
0 1339
0 1262
0 1302
0 1278
0 1292
0 1262
0 1262
0 1261
0 1292
0 1328
0 1277
0 1329
0 1260
0 1266
0 1272
0 1530
0 1335
0 1258
0 1268
0 1259
0 1272
0 1529
0 1285
0 1258
0 1282
0 1264
0 1257
0 1256
0 1615
0 1271
0 1257
0 1265
0 1257
1 1266
1 1268
1 1267
1 1263
1 1341
1 1259
1 1268
1 1280
1 1323
1 1331
1 1345
1 1250
1 1268
1 1255
1 1320
1 1334
1 1396
1 1268
1 2516
1 1262
1 1307
1 1320
1 1250
1 1933
1 1264
1 2039
1 2031
1 1273
1 1272
1 1247
1 1272
1 1284
1 1333
1 1251
1 1253
1 1252
1 1320
1 1288
1 1265
1 1259
1 1251
1 1269
1 1324
1 1280
1 1259
1 1268
1 1255
1 1249
1 1307
1 1302
1 1344
1 1303
1 1247
1 1296
1 1335
1 1288
1 1299
1 1263
1 2203
1 1256
1 1262
1 1249
1 1337
1 1285
1 1281
1 1288
1 1315
1 1246
1 1251
1 1257
1 1259
1 1263
1 1247
1 1255
1 1246
1 1259
1 1255
1 1245
1 1326
1 1248
1 1254
1 1248
1 1266
1 1321
1 1246
1 1247
1 1277
1 1260
1 1254
1 1248
1 1295
1 1244
1 1250
1 1245
1 1248
1 1252
1 1322
1 1247
1 1269
1 1247
1 1259
1 1255
1 1246
1 1253
1 1616
1 1260
1 1959
1 1319
1 1422
1 1834
1 1246
1 1298
1 1652
1 1262
1 1271
1 1292
1 1247
1 2325
1 1252
1 1249
1 1265
1 1309
1 1261
1 1248
1 1258
1 1269
1 1252
1 1255
1 1247
1 1255
1 1262
1 1250
1 1306
1 1259
1 1246
1 1267
1 1311
1 1248
1 1272
1 1256
1 1325
1 1244
1 1249
1 1265
1 1252
1 1247
1 1334
1 1251
1 1247
1 1255
1 1327
1 1315
1 1247
1 1272
1 1298
1 1286
1 1248
1 1276
1 1290
1 1360
1 1275
1 1262
1 1298
1 1282
1 1279
1 1361
1 1348
1 1302
1 1362
1 1282
1 1325
1 1270
1 1303
1 1289
1 1281
1 1284
1 1286
1 1275
1 1251
1 1339
1 1257
1 1255
1 1246
1 1277
1 1301
1 1268
1 1641
1 2378
1 1251
1 1251
1 1256
1 1245
1 1261
1 1266
1 1261
1 1270
1 1317
1 1257
1 1298
1 1258
1 1260
1 1258
1 1323
1 1296
1 1253
1 1248
1 1260
1 1254
1 1247
1 1329
1 1249
1 1611
1 1268
1 1244
1 1272
1 1251
1 1247
1 1320
1 1270
1 1322
1 1265
1 1247
1 1250
1 1247
1 1253
1 1273
1 1511
1 1266
1 1248
1 1260
1 1312
1 1246
1 1258
1 1250
1 1317
1 1249
1 1259
1 1288
1 1323
1 1256
1 1317
1 1593
1 1253
1 1248
1 1330
1 1257
1 1247
1 1315
1 1253
1 1283
1 1274
1 1262
1 1252
1 1254
1 1250
1 1325
1 1321
1 1261
1 1254
1 1263
1 1257
1 1262
1 1338
1 1355
1 1286
1 1366
1 1970
1 2565
1 1497
1 1322
1 1258
1 1252
1 1246
1 1249
1 1255
1 1870
1 1254
1 1286
1 1286
1 2035
1 1306
1 1256
1 1281
1 1284
1 1279
1 1283
1 1338
1 1289
1 1275
1 1344
1 1256
1 1315
1 1266
1 1290
1 1319
1 1272
1 1295
1 1279
1 1346
1 1503
1 1279
1 1321
1 1281
1 1295
1 1330
1 1287
1 1277
1 1285
1 1287
1 1316
1 1264
1 1326
1 1273
1 1369
1 1280
1 1283
1 1273
1 1287
1 1274
1 1288
1 1248
1 1273
1 1288
1 1281
1 1289
1 1323
1 1298
1 1273
1 1505
1 1276
1 1261
1 1255
1 1359
1 1286
1 1474
1 1262
1 1263
1 1247
1 1254
1 1244
1 1272
1 1253
1 1969
1 1695
1 1767
1 2513
1 1319
1 1247
1 1249
1 1334
1 1267
1 1267
1 1248
1 1290
1 1248
1 1247
1 1319
1 1276
1 1359
1 1274
1 1273
1 1270
1 1291
1 1284
1 1338
1 1301
1 1273
1 1289
1 1907
1 1258
1 1256
1 1288
1 1284
1 1272
1 1293
1 1279
1 1283
1 1290
1 1285
1 1274
1 3879
1 2102
1 1253
1 1283
1 1310
1 1269
1 1258
1 1273
1 1288
1 1270
1 1283
1 1321
1 1258
1 1247
1 1247
1 1303
1 1367
1 1274
1 1289
1 1271
1 1298
1 1246
1 1290
1 1280
1 2345
1 1283
1 1360
1 1281
1 1277
1 1287
1 1249
1 1311
1 1286
1 1355
1 1338
1 1298
1 1284
1 2242
1 1270
1 3163
1 1283
1 1279
1 1284
1 1310
1 1708
1 1279
1 1300
1 1284
1 1283
1 1334
1 1327
1 1336
1 1342
1 1338
1 1289
1 1280
1 1271
1 1292
1 1269
1 1335
1 1261
1 1290
1 1265
1 1337
1 1313
1 1278
1 1286
1 1284
1 1353
1 1273
1 1319
1 1254
1 1274
1 1292
1 1279
1 1344
1 1317
1 1296
1 1339
1 1289
1 1247
1 1292
1 1283
1 1342
1 1305
1 1340
1 1298
1 1280
1 1281
1 1342
1 1247
1 1368
1 1282
1 1282
1 1272
1 1293
1 1271
1 1297
1 1276
1 1282
1 1248
1 1276
1 1291
1 1341
1 1351
1 1343
1 1293
1 1282
1 1289
1 2034
1 1303
1 1286
1 1280
1 1249
1 1324
1 1285
1 1292
1 2287
1 1323
1 1315
1 1279
1 1293
1 1292
1 1313
1 1277
1 1283
1 1338
1 1319
1 1257
1 1269
1 1248
1 1284
1 1369
1 1271
1 1358
1 1281
1 1280
1 1339
1 1287
1 1280
1 1264
1 1250
1 1284
1 1301
1 1282
1 1293
1 1279
1 1345
1 1265
1 1255
1 1313
1 1494
1 1258
1 1261
1 1249
1 1268
1 1277
1 1249
1 1328
1 1302
1 1260
1 1248
1 3075
1 1254
1 1561
1 1322
1 1253
1 1262
1 1256
1 1329
1 1250
1 1307
1 1259
1 1257
1 1259
1 1328
1 1260
1 1251
1 1252
1 1305
1 1257
1 1246
1 1246
1 1252
1 1249
1 1247
1 1502
1 1252
1 1246
1 1246
1 1245
1 1321
1 1272
1 1269
1 1323
1 1336
1 1247
1 1247
1 1273
1 1961
1 1564
1 1251
1 1329
1 1254
1 1251
1 1269
1 1261
1 1264
1 1320
1 1254
1 1279
1 1258
1 1267
1 1253
1 1260
1 1246
1 1302
1 1257
1 1328
1 1247
1 1288
1 1638
1 2361
1 1285
1 1326
1 1343
1 1271
1 1273
1 1248
1 1286
1 1329
1 1336
1 2550
1 1269
1 1272
1 1255
1 1341
1 1289
1 1372
1 1248
1 1336
1 1267
1 1329
1 1263
1 1263
1 1260
1 1317
1 1318
1 1256
1 1247
1 1276
1 1262
1 1269
1 1252
1 1247
1 1270
1 1250
1 1322
1 1302
1 1246
1 1267
1 1248
1 1246
1 1265
1 1248
1 1253
1 1504
1 1521
1 3802
1 1259
1 1250
1 1271
1 1290
1 1270
1 1585
1 1254
1 3215
1 1250
1 1251
1 1263
1 1284
1 1330
1 1247
1 1324
1 1256
1 1509
1 1248
1 1271
1 1359
1 1286
1 1251
1 1309
1 1324
1 1250
1 1247
1 1252
1 1261
1 1255
1 1267
1 1537
1 1265
1 1249
1 1261
1 1248
1 1247
1 1267
1 1262
1 1248
1 1332
1 1248
1 1302
1 1257
1 1258
1 1515
1 1245
1 1253
1 1322
1 1247
1 1252
1 1248
1 1265
1 1263
1 1248
1 1265
1 1320
1 1321
1 1274
1 1301
1 1254
1 1320
1 1267
1 1246
1 1319
1 1320
1 1249
1 1270
1 1254
1 1249
1 1249
1 1330
1 1266
1 1337
1 1321
1 1257
1 1252
1 1427
1 1250
1 1249
1 1268
1 1248
1 1813
1 1253
1 1593
1 1262
1 1686
1 1352
1 1336
1 1245
1 1270
1 1321
1 1281
1 1298
1 1282
1 1354
1 1273
1 1292
1 1335
1 1289
1 1278
1 1281
1 1326
1 1280
1 1354
1 1347
1 1285
1 1344
1 1302
1 1271
1 1290
1 1391
1 1248
1 1326
1 1272
1 1360
1 1279
1 1351
1 1293
1 1325
1 1340
1 1262
1 1253
1 1255
1 1344
1 1254
1 1274
1 1294
1 1280
1 1353
1 1302
1 1587
1 1312
1 1273
1 1292
1 1271
1 1288
1 1283
1 1293
1 1296
1 1282
1 1270
1 1263
1 1322
1 1350
1 1340
1 1351
1 1310
1 1272
1 1301
1 1349
1 1346
1 1256
1 1281
1 1356
1 1287
1 2075
1 1323
1 1252
1 1347
1 1254
1 1258
1 2010
1 1334
1 1331
1 1249
1 1274
1 1254
1 1258
1 1273
1 1266
1 1263
1 1248
1 1270
1 1305
1 1344
1 1352
1 1294
1 1282
1 1273
1 1298
1 1285
1 1274
1 1269
1 1285
1 1257
1 1272
1 1295
1 1272
1 1295
1 1282
1 1279
1 1257
1 1279
1 1295
1 1277
1 1280
1 1354
1 1283
1 1343
1 1301
1 1295
1 1281
1 1250
1 1272
1 1295
1 1280
1 1283
1 1272
1 1366
1 1287
1 1429
1 1339
1 1252
1 1318
1 1266
1 1250
1 1255
1 1325
1 1254
1 1249
1 1270
1 1247
1 1247
1 1251
1 1249
1 1251
1 1266
1 1326
1 1274
1 1327
1 1262
1 1318
1 1289
1 1266
1 1245
1 1264
1 1506
1 1249
1 1247
1 1245
1 1260
1 1544
1 1965
1 1351
1 3652
1 1291
1 1248
1 1275
1 1291
1 1269
1 1307
1 1252
1 1349
1 1296
1 1272
1 1353
1 1273
1 1285
1 1321
1 1354
1 1337
1 1250
1 1421
1 1263
1 1246
1 1322
1 1248
1 1248
1 1258
1 1244
1 1248
1 1247
1 1266
1 1243
1 1260
1 1279
1 1250
1 1260
1 1267
1 1246
1 1348
1 1250
1 1257
1 1333
1 1332
1 1261
1 1266
1 1256
1 1257
1 1256
1 1259
1 1253
1 1247
1 1255
1 1248
1 1262
1 1246
1 1249
1 1296
1 1339
1 1244
1 1335
1 1375
1 1267
1 1316
1 1333
1 1264
1 1247
1 1315
1 1371
1 1262
1 1260
1 1247
1 1338
1 1380
1 1293
1 1263
1 1995
1 1266
1 1274
1 1285
1 1246
1 1278
1 2022
1 1263
1 1247
1 1257
1 1247
1 1318
1 1247
1 1323
1 1324
1 1255
1 1246
1 1250
1 1255
1 1317
1 1247
1 1276
1 1265
1 1245
1 1254
1 1247
1 1299
1 1361
1 1343
1 1324
1 1278
1 1348
1 1338
1 1293
1 1251
1 1287
1 1296
1 1285
1 1359
1 1274
1 1286
1 1284
1 1293
1 1300
1 1670
1 1273
1 1285
1 1316
1 1293
1 1275
1 1294
1 2781
1 1258
1 1272
1 1312
1 1253
1 1333
1 1248
1 1258
1 1250
1 1247
1 1656
1 1264
1 1260
1 1260
1 1245
1 1255
1 1350
1 1248
1 1247
1 1273
1 1249
1 1255
1 1250
1 1255
1 1258
1 1262
1 1256
1 1284
1 2529
1 1259
1 1319
1 1261
1 1248
1 1264
1 2397
1 1327
1 1286
1 1296
1 1642
1 1291
1 1274
1 1291
1 1271
1 1340
1 1252
1 1283
1 1301
1 1277
1 1313
1 1294
1 1339
1 1273
1 1291
1 1251
1 1283
1 1261
1 1272
1 1292
1 1336
1 1294
1 1289
1 1297
1 1287
1 1276
1 1249
1 1260
1 1280
1 1309
1 1273
1 1297
1 1269
1 1285
1 1288
1 1275
1 1319
1 1274
1 1290
1 1284
1 1290
1 1284
1 1286
1 1272
1 1291
1 1308
1 1277
1 1297
1 1271
1 1292
1 1357
1 1291
1 1273
1 2051
1 1273
1 1261
1 1250
1 1287
1 1315
1 1271
1 1375
1 1272
1 1296
1 1271
1 1282
1 1256
1 1274
1 1643
1 1251
1 1246
1 1260
1 1253
1 1247
1 1316
1 1258
1 2284
1 1249
1 1342
1 1908
1 1259
1 1247
1 1274
1 1265
1 1261
1 1292
1 1332
1 1292
1 1242
1 1334
1 1262
1 1260
1 1253
1 1263
1 1245
1 1315
1 1325
1 1250
1 1301
1 1280
1 1273
1 1254
1 1347
1 1245
1 1319
1 1283
1 1256
1 1261
1 1324
1 1263
1 1285
1 1305
1 1295
1 1309
1 1273
1 1307
1 1279
1 1294
1 1294
1 1294
1 1358
1 1322
1 1286
1 1280
1 1321
1 1274
1 1269
1 1338
1 1272
1 1256
1 1262
1 1287
1 1248
1 1255
1 1264
1 1251
1 1279
1 1251
1 1324
1 1252
1 1262
1 1268
1 1249
1 1317
1 1268
1 1589
1 1256
1 1251
1 1248
1 1270
1 1247
1 1342
1 1266
1 1963
1 2091
1 1670
1 1260
1 1284
1 1286
1 1286
1 1270
1 1262
1 1254
1 1273
1 1361
1 1294
1 1262
1 1322
1 1351
1 1298
1 1286
1 1288
1 1278
1 1351
1 1282
1 1338
1 1250
1 1282
1 1337
1 1273
1 1300
1 1277
1 1290
1 1274
1 1294
1 1273
1 1264
1 1319
1 1273
1 1362
1 1285
1 1293
1 1284
1 1292
1 1278
1 1312
1 1259
1 1347
1 1286
1 1282
1 1297
1 1270
1 1285
1 1350
1 1292
1 1246
1 1249
1 1261
1 1282
1 1353
1 1351
1 1295
1 1291
1 1299
1 1278
1 1347
1 1257
1 1351
1 1278
1 1333
1 1308
1 1278
1 1338
1 1269
1 1277
1 1249
1 2318
1 1318
1 1265
1 1244
1 1254
1 1255
1 2263
1 1294
1 1245
1 1255
1 1248
1 1255
1 1255
1 1253
1 1253
1 1250
1 1245
1 1252
1 1259
1 1248
1 1246
1 1299
1 1296
1 1252
1 1249
1 1243
1 1257
1 1262
1 1245
1 1250
1 1263
1 1248
1 1327
1 1259
1 1317
1 1271
1 1259
1 1261
1 1329
1 1250
1 1251
1 1251
1 1249
1 1248
1 1316
1 1248
1 1261
1 1255
1 1335
1 1269
1 1249
1 1250
1 1267
1 1248
1 1247
1 1252
1 1259
1 1259
1 1262
1 1253
1 1267
1 1289
1 1250
1 1260
1 1379
1 1249
1 1245
1 1303
1 1321
1 1295
1 1254
1 1272
1 1295
1 1271
1 1348
1 1278
1 1309
1 2003
1 1685
1 1257
1 1314
1 1281
1 1284
1 1288
1 1967
1 2351
1 1270
1 2522
1 1262
1 1271
1 1274
1 1253
1 1289
1 1301
1 1284
1 1351
1 1282
1 1291
1 1284
1 1286
1 1261
1 1286
1 1351
1 1275
1 1285
1 1302
1 1288
1 1292
1 1358
1 1285
1 1264
1 1250
1 1273
1 1286
1 1343
1 1286
1 1283
1 1289
1 1274
1 1287
1 1248
1 1274
1 1299
1 1343
1 1297
1 1276
1 1287
1 1353
1 1283
1 1273
