0 86
0 56
0 56
0 55
0 55
0 60
0 56
0 55
0 56
0 55
0 180
0 122
0 57
0 56
0 68
0 68
0 57
0 57
0 58
0 57
0 59
0 59
0 59
0 58
0 60
0 59
0 58
0 71
0 70
0 59
0 64
0 63
0 62
0 75
0 64
0 107
0 106
0 185
0 187
0 188
0 66
0 78
0 78
0 194
0 155
0 65
0 66
0 76
0 78
0 78
0 68
0 67
0 68
0 82
0 81
0 81
0 80
0 80
0 80
0 66
0 71
0 70
0 71
0 94
0 92
0 70
0 70
0 91
0 84
0 130
0 74
0 72
0 88
0 89
0 87
0 87
0 74
0 72
0 72
0 73
0 78
0 77
0 75
0 92
0 91
0 91
0 89
0 91
0 90
0 90
0 80
0 79
0 80
0 84
0 78
0 115
0 96
0 96
0 95
0 95
0 106
0 87
0 86
0 103
0 103
0 104
0 124
0 105
0 103
0 103
0 93
0 92
0 121
0 120
0 91
0 91
0 109
0 108
0 108
0 113
0 97
0 96
0 114
0 114
0 114
0 119
0 110
0 98
0 96
0 142
0 101
0 100
0 99
0 119
0 119
0 127
0 119
0 99
0 99
0 168
0 105
0 105
0 168
0 120
0 148
0 140
0 176
0 261
0 332
0 127
0 110
0 109
0 110
0 130
0 131
0 175
0 122
0 112
0 132
0 329
0 118
0 117
0 115
0 130
0 116
0 115
0 137
0 143
0 114
0 127
0 122
0 135
0 121
0 120
0 121
0 121
0 121
0 145
0 152
0 120
0 126
0 127
0 125
0 127
0 126
0 127
0 177
0 150
0 126
0 129
0 133
0 134
0 132
0 133
0 132
0 132
0 130
0 158
0 159
0 132
0 140
0 138
0 138
0 138
0 139
0 141
0 145
0 139
0 417
0 140
0 151
0 189
0 174
0 174
0 173
0 173
0 175
0 175
0 175
0 175
0 155
0 153
0 152
0 205
0 207
0 330
0 252
0 169
0 264
0 185
0 401
0 170
0 167
0 277
0 240
0 547
0 852
0 175
0 372
0 165
0 193
0 242
0 265
0 169
0 188
0 223
0 201
0 174
0 237
0 431
0 184
0 335
0 302
0 184
0 310
0 328
0 185
0 444
0 182
0 181
0 191
0 316
0 199
0 316
0 336
0 226
0 238
0 227
0 187
0 187
0 206
0 198
0 198
0 204
0 196
0 198
0 196
0 198
0 196
0 272
0 209
0 622
0 615
0 210
0 207
0 247
0 250
0 207
0 205
0 206
0 223
0 335
0 257
0 260
0 257
0 255
0 263
0 374
0 238
0 238
0 277
0 224
0 724
0 228
0 227
0 227
0 233
0 226
0 805
0 321
0 310
0 365
0 236
0 242
0 712
0 546
0 237
0 235
0 294
0 283
0 284
0 303
0 296
0 306
0 296
0 306
0 300
0 294
0 305
0 244
0 266
0 257
0 254
0 304
0 316
0 793
0 343
0 348
0 313
0 308
0 810
0 396
0 399
0 332
0 277
0 783
0 806
0 263
0 264
0 267
0 274
0 344
0 825
0 894
0 278
0 276
0 531
0 341
0 342
0 275
0 295
0 289
0 292
0 287
0 287
0 285
0 286
0 287
0 285
0 289
0 297
0 305
0 336
0 354
0 295
0 304
0 297
0 298
0 301
0 373
0 960
0 923
0 479
0 313
0 473
0 403
0 661
0 371
0 531
0 535
0 321
0 324
0 327
0 326
0 317
0 438
0 321
0 319
0 318
0 330
0 341
0 336
0 340
0 338
0 457
0 342
0 996
0 331
0 333
0 342
0 345
0 345
0 343
0 354
0 438
0 1063
0 341
0 351
0 345
0 413
0 367
0 370
0 440
0 428
0 427
0 359
0 1070
0 371
0 356
0 352
0 367
0 365
0 377
0 371
0 462
0 459
0 368
0 377
0 447
0 454
0 377
0 453
0 490
0 380
0 385
0 379
0 377
0 379
0 378
0 385
0 392
0 436
0 467
0 391
0 401
0 472
0 468
0 470
0 486
0 387
0 413
0 498
0 483
0 404
0 402
0 474
0 480
0 481
0 481
0 492
0 412
0 410
0 491
0 491
0 491
0 492
0 437
0 617
0 1231
0 413
0 516
0 520
0 510
0 513
0 505
0 504
0 520
0 507
0 510
0 648
0 436
0 527
0 535
0 516
0 516
0 516
0 861
0 591
0 438
0 448
0 442
0 446
0 449
0 534
0 543
0 477
0 439
0 1073
0 1040
0 693
0 597
0 458
0 781
0 558
0 541
0 452
0 451
0 488
0 449
0 462
0 469
0 464
0 466
0 471
0 461
0 457
0 483
0 460
0 459
0 460
0 481
0 496
0 469
0 472
0 503
0 494
0 468
0 476
0 468
0 470
0 481
0 489
0 481
0 478
0 490
0 500
0 576
0 581
0 480
0 497
0 492
0 490
0 583
0 496
0 486
0 510
0 495
0 488
0 496
0 489
0 881
0 519
0 530
0 895
0 502
0 525
0 501
0 505
0 499
0 509
0 512
0 509
0 524
0 514
0 527
0 510
0 542
0 517
0 510
0 510
0 524
0 628
0 652
0 816
0 527
0 516
0 529
0 642
0 646
0 532
0 526
0 525
0 524
0 527
0 539
0 633
0 632
0 540
0 524
0 642
0 538
0 530
0 561
0 535
0 532
0 534
0 534
0 674
0 634
0 567
0 543
0 536
0 654
0 648
0 547
0 541
0 551
0 544
0 650
0 664
0 544
0 559
0 652
0 551
0 544
0 655
0 654
0 659
0 655
0 653
0 551
0 563
0 558
0 565
0 567
0 553
0 678
0 664
0 549
0 557
0 577
0 575
0 671
0 672
0 893
0 881
0 901
0 969
0 677
0 953
0 579
0 680
0 685
0 574
0 578
0 697
0 683
0 680
0 672
0 567
0 569
0 574
0 688
0 686
0 576
0 590
0 690
0 705
0 681
0 685
0 600
0 689
0 693
0 714
0 687
0 576
0 590
0 697
0 707
0 577
0 596
0 582
0 705
0 703
0 707
0 701
0 594
0 593
0 584
0 579
0 588
0 706
0 710
0 601
0 593
0 706
0 712
0 591
0 591
0 595
0 589
0 592
0 588
0 716
0 702
0 590
0 587
0 706
0 717
0 608
0 614
0 593
0 594
0 593
0 711
0 716
0 591
0 611
0 608
0 596
0 605
0 737
0 737
0 720
0 758
0 716
0 718
0 724
0 720
0 598
0 1837
0 906
0 1900
0 630
0 604
0 642
0 741
0 719
0 602
0 607
0 604
0 1850
0 610
0 835
0 808
0 605
0 608
0 747
0 725
0 750
0 618
0 718
0 801
0 1221
0 1093
0 1261
0 1910
0 616
0 616
0 606
0 638
0 628
0 648
0 617
0 627
0 630
0 612
0 975
0 632
0 988
0 1061
0 1488
0 615
0 634
0 677
0 616
0 613
0 630
0 635
0 613
0 618
0 620
0 635
0 617
0 622
0 645
0 619
0 623
0 622
0 639
0 623
0 623
0 620
0 622
0 619
0 642
0 623
0 621
0 622
0 646
0 639
0 639
0 759
0 628
0 751
0 630
0 620
0 628
0 622
0 660
0 629
0 644
0 638
0 642
0 641
0 666
0 620
0 623
0 626
0 630
0 625
0 641
0 754
0 752
0 625
0 633
0 625
0 624
0 753
0 625
0 628
0 750
0 754
0 761
0 772
0 645
0 629
0 625
0 624
0 757
0 657
0 651
0 625
0 629
0 632
0 646
0 628
0 631
0 647
0 629
0 647
0 646
0 633
0 1020
0 633
0 637
0 624
0 631
0 632
0 629
0 638
0 629
0 628
0 626
0 842
0 630
0 641
0 765
0 780
0 631
0 650
0 643
0 630
0 632
0 630
0 631
0 631
0 631
0 629
0 632
0 653
0 763
0 771
0 636
0 629
0 649
0 632
0 781
0 1510
0 650
0 628
0 666
0 649
0 634
0 659
0 641
0 1504
0 651
0 1012
0 1021
0 1230
0 631
0 653
0 633
0 638
0 1959
0 1335
0 632
0 632
0 640
1 634
1 631
1 657
1 628
1 628
1 632
1 648
1 630
1 624
1 623
1 635
1 755
1 751
1 630
1 648
1 628
1 634
1 626
1 648
1 639
1 646
1 626
1 633
1 643
1 645
1 650
1 622
1 632
1 654
1 647
1 625
1 767
1 751
1 631
1 645
1 639
1 628
1 643
1 623
1 631
1 651
1 641
1 625
1 1950
1 628
1 837
1 633
1 628
1 632
1 625
1 632
1 652
1 750
1 748
1 756
1 747
1 747
1 622
1 733
1 748
1 645
1 739
1 789
1 757
1 758
1 646
1 629
1 647
1 622
1 753
1 625
1 624
1 746
1 755
1 748
1 783
1 754
1 663
1 668
1 754
1 625
1 791
1 755
1 751
1 774
1 780
1 699
1 648
1 760
1 762
1 647
1 771
1 774
1 804
1 759
1 627
1 1027
1 1018
1 822
1 1401
1 632
1 623
1 774
1 776
1 632
1 627
1 625
1 625
1 630
1 1528
1 639
1 971
1 988
1 647
1 647
1 648
1 644
1 624
1 647
1 631
1 648
1 629
1 630
1 646
1 645
1 625
1 628
1 631
1 631
1 623
1 648
1 623
1 631
1 654
1 636
1 623
1 631
1 627
1 653
1 631
1 632
1 755
1 775
1 645
1 625
1 630
1 637
1 630
1 632
1 764
1 628
1 636
1 776
1 774
1 644
1 625
1 627
1 646
1 632
1 628
1 633
1 749
1 750
1 645
1 632
1 622
1 628
1 644
1 629
1 633
1 649
1 622
1 656
1 643
1 632
1 627
1 631
1 630
1 628
1 627
1 650
1 646
1 622
1 624
1 629
1 673
1 666
1 630
1 624
1 669
1 625
1 748
1 754
1 627
1 749
1 759
1 629
1 1245
1 1296
1 634
1 625
1 656
1 647
1 625
1 623
1 625
1 627
1 1919
1 952
1 948
1 666
1 752
1 755
1 631
1 649
1 735
1 624
1 629
1 634
1 632
1 647
1 689
1 624
1 628
1 628
1 625
1 633
1 645
1 649
1 628
1 646
1 761
1 758
1 1192
1 628
1 1028
1 1127
1 636
1 838
1 865
1 636
1 637
1 631
1 635
1 626
1 637
1 629
1 630
1 624
1 631
1 631
1 628
1 637
1 990
1 659
1 640
1 634
1 627
1 631
1 649
1 626
1 631
1 631
1 623
1 639
1 629
1 624
1 628
1 629
1 622
1 625
1 640
1 628
1 649
1 629
1 632
1 638
1 627
1 630
1 627
1 652
1 795
1 754
1 624
1 624
1 633
1 622
1 645
1 637
1 631
1 639
1 633
1 624
1 628
1 1258
1 624
1 625
1 630
1 625
1 628
1 631
1 626
1 630
1 653
1 628
1 645
1 630
1 642
1 629
1 625
1 627
1 633
1 631
1 629
1 630
1 622
1 623
1 679
1 625
1 625
1 663
1 623
1 634
1 628
1 649
1 632
1 625
1 623
1 627
1 631
1 646
1 750
1 756
1 768
1 748
1 626
1 644
1 625
1 623
1 641
1 626
1 643
1 624
1 639
1 1138
1 1873
1 1539
1 1015
1 650
1 627
1 636
1 628
1 629
1 645
1 632
1 642
1 646
1 625
1 636
1 647
1 641
1 1007
1 1126
1 1142
1 649
1 653
1 1954
1 2132
1 645
1 627
1 655
1 749
1 753
1 765
1 733
1 630
1 638
1 645
1 758
1 777
1 691
1 640
1 625
1 645
1 639
1 626
1 758
1 747
1 752
1 799
1 625
1 650
1 822
1 758
1 656
1 630
1 624
1 640
1 758
1 657
1 664
1 780
1 760
1 667
1 628
1 751
1 808
1 774
1 771
1 754
1 688
1 748
1 755
1 630
1 627
1 623
1 644
1 645
1 640
1 626
1 634
1 625
1 798
1 755
1 645
1 630
1 632
1 677
1 752
1 752
1 652
1 635
1 824
1 783
1 772
1 779
1 647
1 649
1 643
1 646
1 632
1 634
1 632
1 629
1 630
1 756
1 759
1 758
1 820
1 753
1 632
1 757
1 760
1 765
1 759
1 624
1 725
1 753
1 755
1 758
1 663
1 755
1 766
1 652
1 627
1 630
1 632
1 645
1 696
1 644
1 642
1 703
1 647
1 773
1 776
1 646
1 634
1 625
1 692
1 624
1 628
1 623
1 776
1 749
1 1343
1 1011
1 1104
1 1567
1 628
1 662
1 673
1 772
1 754
1 631
1 642
1 644
1 628
1 629
1 632
1 750
1 625
1 625
1 751
1 753
1 758
1 776
1 769
1 630
1 656
1 634
1 631
1 623
1 632
1 650
1 629
1 622
1 632
1 660
1 757
1 746
1 643
1 629
1 752
1 763
1 751
1 778
1 632
1 626
1 625
1 628
1 634
1 626
1 755
1 751
1 627
1 634
1 623
1 631
1 776
1 773
1 641
1 753
1 757
1 633
1 632
1 627
1 645
1 645
1 630
1 633
1 634
1 623
1 760
1 755
1 632
1 747
1 764
1 752
1 755
1 774
1 636
1 625
1 627
1 639
1 677
1 637
1 625
1 641
1 625
1 656
1 643
1 643
1 647
1 631
1 625
1 645
1 634
1 638
1 626
1 621
1 627
1 634
1 950
1 1815
1 624
1 776
1 699
1 628
1 642
1 624
1 627
1 624
1 627
1 624
1 632
1 624
1 630
1 630
1 628
1 626
1 628
1 754
1 758
1 1340
1 1001
1 1086
1 684
1 646
1 630
1 1263
1 634
1 646
1 635
1 633
1 696
1 627
1 626
1 625
1 656
1 634
1 633
1 629
1 648
1 630
1 1081
1 887
1 646
1 624
1 646
1 627
1 628
1 644
1 1900
1 1501
1 632
1 632
1 755
1 744
1 644
1 769
1 625
1 630
1 627
1 758
1 675
1 623
1 772
1 771
1 756
1 753
1 625
1 749
1 759
1 777
1 754
1 645
1 719
1 758
1 775
1 754
1 670
1 774
1 774
1 624
1 622
1 624
1 654
1 763
1 753
1 761
1 648
1 760
1 785
1 763
1 629
1 666
1 752
1 750
1 633
1 643
1 648
1 758
1 948
1 1946
1 623
1 637
1 622
1 748
1 774
1 777
1 629
1 748
1 756
1 910
1 723
1 692
1 750
1 761
1 1321
1 1570
1 641
1 816
1 650
1 1452
1 629
1 753
1 723
1 622
1 773
1 750
1 626
1 1607
1 637
1 624
1 638
1 624
1 644
1 656
1 646
1 626
1 636
1 1012
1 644
1 1093
1 772
1 940
1 943
1 852
1 851
1 631
1 636
1 628
1 844
1 790
1 630
1 641
1 626
1 639
1 1114
1 955
1 650
1 630
1 651
1 632
1 643
1 629
1 626
1 650
1 625
1 649
1 649
1 653
1 749
1 623
1 645
1 624
1 647
1 624
1 665
1 628
1 623
1 627
1 632
1 625
1 646
1 629
1 696
1 648
1 649
1 630
1 633
1 639
1 623
1 626
1 626
1 636
1 640
1 631
1 632
1 627
1 631
1 630
1 630
1 655
1 626
1 646
1 644
1 657
1 630
1 636
1 626
1 782
1 759
1 813
1 630
1 625
1 628
1 649
1 638
1 635
1 626
1 673
1 633
1 635
1 622
1 648
1 628
1 629
1 646
1 624
1 632
1 674
1 822
1 751
1 623
1 667
1 623
1 782
1 748
1 753
1 1024
1 758
1 1405
1 623
1 776
1 738
1 629
1 753
1 756
1 629
1 626
1 629
1 1017
1 642
1 1504
1 631
1 665
1 644
1 634
1 682
1 631
1 638
1 625
1 751
1 771
1 736
1 995
1 633
1 1008
1 646
1 624
1 631
1 630
1 647
1 633
1 632
1 647
1 623
1 627
1 623
1 627
1 642
1 625
1 637
1 631
1 643
1 624
1 629
1 624
1 630
1 633
1 647
1 631
1 635
1 645
1 629
1 628
1 643
1 624
1 651
1 628
1 637
1 757
1 667
1 646
1 632
1 628
1 631
1 624
1 628
1 625
1 1841
1 631
1 624
1 627
1 624
1 626
1 622
1 632
1 631
1 626
1 632
1 1943
1 628
1 866
1 627
1 630
1 757
1 750
1 756
1 633
1 663
1 779
1 757
1 650
1 633
1 625
1 628
1 629
1 768
1 732
1 626
1 775
1 783
1 752
1 785
1 639
1 623
1 630
1 661
1 627
1 755
1 694
1 632
1 774
1 781
1 756
1 757
1 631
1 630
1 635
1 817
1 758
1 773
1 624
1 623
1 629
1 629
1 758
1 838
1 624
1 776
1 777
1 819
1 750
1 632
1 626
1 1229
1 639
1 970
1 625
1 626
1 641
1 635
1 629
1 658
1 620
1 635
1 636
1 624
1 1007
1 627
1 1109
1 651
1 645
1 1502
1 624
1 630
1 633
1 621
1 644
1 627
1 629
1 663
1 633
1 623
1 634
1 665
1 623
1 1100
1 626
1 633
1 646
1 635
1 625
1 623
1 625
1 629
1 659
1 647
1 634
1 629
1 626
1 627
1 647
1 626
1 628
1 623
1 620
1 626
1 627
1 660
1 629
1 646
1 838
1 632
1 632
1 627
1 1023
1 622
1 637
1 667
1 626
1 654
1 629
1 651
1 645
1 646
1 624
1 629
1 633
1 625
1 624
1 1939
1 623
1 839
1 649
1 629
1 774
1 748
1 631
1 648
1 623
1 766
1 723
1 626
1 780
1 790
1 637
1 628
1 629
1 749
1 753
1 777
1 756
1 645
1 646
1 749
1 631
1 622
1 624
1 757
1 787
1 756
1 761
1 626
1 628
1 626
1 632
1 638
1 656
1 627
1 624
1 645
1 634
1 626
1 649
1 623
1 632
1 629
1 638
1 754
1 775
1 1009
1 1092
1 1252
1 1075
1 805
1 648
1 627
1 1895
1 1249
1 632
1 984
1 969
1 1001
1 1002
1 1085
1 838
1 1080
1 2032
1 1263
1 1269
1 650
1 623
1 633
1 1889
1 624
1 630
1 653
1 654
1 646
1 644
1 631
1 626
1 630
1 629
1 629
1 628
1 701
1 663
1 747
1 759
1 625
1 678
1 658
1 629
1 629
1 624
1 645
1 777
1 767
1 626
1 621
1 623
1 661
1 621
1 647
1 644
1 646
1 656
1 624
1 665
1 635
1 634
1 624
1 649
1 630
1 630
1 624
1 626
1 630
1 628
1 631
1 628
1 629
1 712
1 623
1 644
1 627
1 625
1 643
1 1866
1 1551
1 625
1 625
1 646
1 634
1 653
1 647
1 632
1 776
1 757
1 628
1 646
1 649
1 644
1 627
1 665
1 624
1 633
1 1540
1 625
1 1055
1 628
1 662
1 626
1 630
1 646
1 622
1 624
1 766
1 755
1 770
1 648
1 629
1 624
1 632
1 637
1 633
1 1048
1 847
1 1127
1 1126
1 628
1 642
1 649
1 633
1 629
1 778
1 628
1 648
1 994
1 1006
1 998
1 759
1 653
1 1079
1 1892
1 637
1 638
1 631
1 627
1 642
1 626
1 631
1 630
1 633
1 643
1 630
1 628
1 645
1 632
1 645
1 634
1 626
1 647
1 646
1 623
1 635
1 627
1 624
1 627
1 1083
1 1257
1 982
1 653
1 627
1 631
1 631
1 671
1 758
1 747
1 624
1 633
1 625
1 632
1 630
1 648
1 629
1 626
1 631
1 629
1 633
1 630
1 629
1 628
1 643
1 626
1 645
1 630
1 756
1 789
1 627
1 632
1 648
1 628
1 631
1 631
1 631
1 630
1 629
1 637
1 630
1 660
1 629
1 651
1 627
1 644
1 622
1 632
1 641
1 630
1 645
1 645
1 630
1 645
1 633
1 644
1 630
1 630
1 624
1 623
1 647
1 642
1 648
1 632
1 641
1 629
1 650
1 633
1 646
1 644
1 664
1 625
1 645
1 625
1 638
1 627
1 627
1 633
1 632
1 630
1 625
1 649
1 627
1 645
1 663
1 1207
1 940
1 646
1 646
1 627
1 631
1 637
1 624
1 638
1 627
1 648
1 623
1 998
1 756
1 2023
1 625
1 623
1 644
1 649
1 645
1 649
1 623
1 630
1 1266
1 627
1 626
1 630
1 634
1 627
1 645
1 630
1 624
1 625
1 632
1 625
1 629
1 633
1 629
1 632
1 646
1 625
1 646
1 630
1 626
1 639
1 623
1 647
1 627
1 636
1 631
1 631
1 622
1 627
1 626
1 620
1 625
1 655
1 631
1 637
1 624
1 641
1 630
1 627
1 639
1 643
1 632
1 627
1 632
1 628
1 626
1 645
1 630
1 626
1 765
1 774
1 650
1 1260
1 1229
1 627
1 657
1 749
1 749
1 626
1 756
1 757
1 633
1 648
1 648
1 631
1 625
1 625
1 621
1 638
1 624
1 633
1 642
1 645
1 629
1 644
1 631
1 650
1 633
1 647
1 629
1 630
1 627
1 625
1 633
1 644
1 668
1 631
1 628
1 630
1 625
1 642
1 633
1 623
1 688
1 628
1 641
1 631
1 641
1 662
1 624
1 636
1 647
1 627
1 879
1 635
1 650
1 758
1 764
1 652
1 630
1 631
1 642
1 627
1 650
1 624
1 631
1 623
1 998
1 646
1 626
1 958
1 944
1 646
1 626
1 646
1 761
1 750
1 1581
1 635
1 1030
1 643
1 1036
1 647
1 961
1 938
1 627
1 628
1 650
1 634
1 631
1 623
1 631
1 632
1 625
1 630
1 631
1 626
1 632
1 650
1 1127
1 1174
1 1082
1 1107
1 913
1 834
1 1922
1 644
1 628
1 627
1 625
1 628
1 646
1 643
1 633
1 635
1 757
1 728
1 629
1 632
1 624
1 1908
1 2469
1 645
1 626
1 633
1 624
1 750
1 707
1 646
1 1873
1 1499
1 628
1 1876
1 1156
1 646
1 764
1 720
1 624
1 652
1 628
1 695
1 626
1 647
1 647
1 1220
1 774
1 809
1 629
1 633
1 659
1 631
1 663
1 653
1 625
1 755
1 759
1 647
1 625
1 633
1 785
1 775
1 757
1 756
1 624
1 798
1 780
1 760
1 749
1 631
1 625
1 631
1 1918
1 1312
1 627
1 628
1 625
1 629
1 629
1 977
1 1970
1 993
1 649
1 1162
1 627
1 671
1 626
1 659
1 632
1 634
1 631
1 649
1 631
1 632
1 627
1 632
1 644
1 635
1 625
1 644
1 669
1 631
1 668
1 623
1 647
1 623
1 624
1 632
1 627
1 626
1 640
1 626
1 637
1 624
1 755
1 746
1 751
1 759
1 625
1 647
1 642
1 750
1 756
1 640
1 631
1 641
1 628
1 751
1 762
1 669
1 778
1 754
1 624
1 622
1 628
1 646
1 758
1 761
1 777
1 631
1 778
1 779
1 753
1 1236
1 638
1 774
1 764
1 796
1 776
1 626
1 757
1 766
1 751
1 772
1 625
1 726
1 752
1 754
1 763
1 638
1 755
1 751
1 1427
1 624
1 628
1 627
1 624
1 624
1 625
1 648
1 657
1 638
1 779
1 752
1 632
1 646
1 643
1 623
1 644
1 642
1 624
1 652
1 626
1 629
1 630
1 634
1 626
1 628
1 630
1 667
1 625
1 626
1 630
1 741
1 859
1 627
1 630
1 625
1 647
1 648
1 765
1 750
1 627
1 631
1 636
1 645
1 630
1 631
1 625
1 668
1 623
1 693
1 626
1 623
1 680
1 633
1 638
1 744
1 757
1 644
1 919
1 774
1 633
1 633
1 647
1 628
1 773
1 750
1 757
1 655
1 750
1 756
1 750
1 754
1 623
1 761
1 776
1 750
1 748
1 633
1 748
1 756
1 771
1 754
1 624
1 681
1 775
1 1219
1 775
1 650
1 752
1 750
1 797
1 757
1 647
1 694
1 757
1 773
1 761
1 645
1 751
1 749
1 776
1 658
1 632
1 760
1 776
1 646
1 627
1 635
1 757
1 756
1 756
1 721
1 625
1 758
1 776
1 747
1 752
1 630
1 756
1 753
1 757
1 747
1 625
1 623
1 754
1 1097
1 652
1 653
1 631
1 646
1 624
1 649
1 633
1 647
1 627
1 622
1 646
1 626
1 645
1 631
1 629
1 647
1 629
1 749
1 631
1 624
1 624
1 629
1 633
1 627
1 1923
1 1500
1 625
1 624
1 761
1 747
1 775
1 632
1 759
1 755
1 644
1 1016
1 631
1 1104
1 702
1 650
1 1137
1 643
1 625
1 640
1 632
1 664
1 628
1 629
1 626
1 626
1 648
1 624
1 624
1 624
1 631
1 632
1 634
1 624
1 629
1 628
1 627
1 634
1 657
1 756
1 629
1 648
1 649
1 933
1 623
1 651
1 644
1 647
1 630
1 661
1 632
1 639
1 645
1 644
1 637
1 644
1 654
1 626
1 629
1 625
1 628
1 644
1 645
1 630
1 629
1 644
1 625
1 625
1 713
1 759
1 624
1 646
1 645
1 626
1 1253
1 1923
1 649
1 662
1 643
1 653
1 630
1 642
1 622
1 628
1 630
1 625
1 633
1 656
1 626
1 631
1 629
1 625
1 633
1 633
1 641
1 645
1 646
1 632
1 645
1 646
1 644
1 649
1 624
1 625
1 681
1 752
1 1056
1 626
1 644
1 626
1 626
1 633
1 647
1 652
1 645
1 631
1 638
1 641
1 627
1 643
1 629
1 631
1 681
1 636
1 631
1 630
1 625
1 631
1 632
1 1520
1 768
1 626
1 627
1 621
1 648
1 626
1 628
1 1020
1 625
1 1009
1 647
1 1093
1 675
1 1294
1 626
1 629
1 647
1 656
1 624
1 644
1 628
1 629
1 651
1 633
1 756
1 713
1 622
1 657
1 624
1 626
1 631
1 752
1 633
1 640
1 749
1 759
1 754
1 633
1 628
1 646
1 646
1 1977
1 648
1 628
1 625
1 632
1 646
1 673
1 646
1 626
1 623
1 630
1 653
1 624
1 635
1 626
1 625
1 646
1 623
1 633
1 642
1 625
1 644
1 645
1 622
1 1896
1 1132
1 646
1 646
1 624
1 622
1 654
1 645
1 645
1 624
1 627
1 646
1 625
1 759
1 764
1 632
1 625
1 622
1 644
1 625
1 623
1 624
1 667
1 629
1 760
1 758
1 625
1 655
1 631
1 629
1 623
1 626
1 644
1 642
1 645
1 645
1 643
1 624
1 655
1 627
1 630
1 643
1 630
1 627
1 624
1 647
1 633
1 627
1 629
1 631
1 632
1 628
1 627
1 648
1 625
1 650
1 625
1 917
1 861
1 862
1 635
1 647
1 651
1 624
1 628
1 679
1 642
1 630
1 665
1 629
1 1012
1 634
1 1162
1 634
1 623
1 630
1 630
1 643
1 627
1 632
1 631
1 623
1 647
1 646
1 622
1 632
1 624
1 718
1 660
1 633
1 759
1 761
1 672
1 621
1 630
1 631
1 631
1 623
1 634
1 647
1 630
1 633
1 683
1 777
1 784
1 623
1 642
1 647
1 627
1 628
1 632
1 647
1 627
1 634
1 628
1 644
1 643
1 625
1 639
1 629
1 638
1 648
1 627
1 779
1 778
1 625
1 647
1 626
1 635
1 1285
1 631
1 632
1 652
1 633
1 646
1 648
1 639
1 621
1 629
1 632
1 625
1 628
1 646
1 628
1 641
1 631
1 650
1 644
1 627
1 630
1 631
1 633
1 648
1 626
1 629
1 677
1 640
1 664
1 648
1 649
1 633
1 624
1 630
1 626
1 631
1 625
1 642
1 646
1 639
1 630
1 646
1 622
1 648
1 755
1 761
1 624
1 627
1 634
1 623
1 625
1 633
1 627
1 663
1 624
1 643
1 1015
1 1922
1 1875
1 629
1 639
1 631
1 646
1 649
1 757
1 765
1 626
1 644
1 1003
1 632
1 1070
1 1106
1 759
1 623
1 629
1 628
1 642
1 628
1 642
1 632
1 628
1 629
1 633
1 628
1 645
1 648
1 632
1 630
1 639
1 632
1 639
1 634
1 632
1 627
1 640
1 631
1 630
1 632
1 633
1 629
1 625
1 631
1 625
1 633
1 752
1 752
1 628
1 643
1 643
1 630
1 626
1 629
1 644
1 632
1 629
1 623
1 630
1 626
1 633
1 623
1 631
1 636
1 631
1 646
1 837
1 835
1 644
1 634
1 626
1 646
1 630
1 625
1 630
1 635
1 643
1 638
1 628
1 646
1 631
1 624
1 628
1 635
1 627
1 631
1 759
1 780
1 644
1 630
1 644
1 627
1 630
1 631
1 630
1 635
1 647
1 657
1 629
1 749
1 752
1 623
1 674
1 638
1 637
1 625
1 776
1 788
1 628
1 647
1 641
1 631
1 799
1 749
1 647
1 628
1 634
1 633
1 634
1 627
1 630
1 631
1 634
1 631
1 648
1 629
1 644
1 1018
1 650
1 1799
1 622
1 630
1 624
1 626
1 628
1 626
1 749
1 749
1 623
1 633
1 968
1 1017
1 649
1 813
1 1292
1 647
1 641
1 690
1 1202
1 626
1 624
1 630
1 645
1 627
1 630
1 1905
1 623
1 632
1 645
1 752
1 893
1 663
1 635
1 640
1 623
1 630
1 757
1 756
1 648
1 623
1 627
1 718
1 772
1 779
1 756
1 661
1 775
1 775
1 666
1 625
1 636
1 628
1 756
1 764
1 751
1 624
1 651
1 627
1 750
1 671
1 696
1 752
1 766
1 748
1 758
1 628
1 748
1 755
1 762
1 748
1 627
1 713
1 748
1 748
1 749
1 1256
1 634
1 625
1 631
1 641
1 631
1 632
1 748
1 788
1 647
1 632
1 626
1 632
1 631
1 626
1 629
1 628
1 630
1 777
1 754
1 649
1 750
1 773
1 624
1 625
1 626
1 631
1 622
1 647
1 625
1 676
1 623
1 653
1 646
1 628
1 1011
1 1263
1 1259
1 803
1 630
1 631
1 626
1 627
1 629
1 629
1 649
1 664
1 823
1 1000
1 631
1 627
1 1548
1 630
1 630
1 646
1 645
1 635
1 647
1 624
1 627
1 634
1 623
1 630
1 625
1 631
1 649
1 625
1 647
1 628
1 645
1 631
1 632
1 632
1 629
1 624
1 629
1 630
1 623
1 643
1 626
1 629
1 626
1 636
1 623
1 635
1 624
1 645
1 645
1 666
1 622
1 625
1 1018
1 622
1 645
1 639
1 633
1 637
1 627
1 647
1 631
1 630
1 632
1 623
1 626
1 631
1 629
1 625
1 628
1 627
1 625
1 630
1 637
1 625
1 644
1 632
1 626
1 624
1 624
1 623
1 626
1 633
1 624
1 821
1 773
1 630
1 734
1 748
1 750
1 757
1 760
1 668
1 635
1 779
1 754
1 626
1 722
1 777
1 754
1 798
1 754
1 631
1 634
1 802
1 751
1 626
1 678
1 624
1 753
1 764
1 753
1 635
1 647
1 807
1 751
1 772
1 777
1 626
1 646
1 760
1 748
1 658
1 761
1 756
1 630
1 679
1 647
1 642
1 640
1 629
1 623
1 633
1 631
1 634
1 1206
1 632
1 1000
1 1124
1 855
1 748
1 1075
1 631
1 632
1 779
1 774
1 624
1 624
1 787
1 778
1 676
1 756
1 627
1 630
1 749
1 749
1 644
1 623
1 632
1 693
1 759
1 755
1 674
1 625
1 771
1 780
1 757
1 759
1 630
1 647
1 639
1 662
1 630
1 757
1 729
1 632
1 754
1 769
1 751
1 757
1 640
1 644
1 1406
1 812
1 758
1 673
1 629
1 749
1 754
1 757
1 776
1 774
1 638
1 761
1 773
1 628
1 629
1 629
1 629
1 756
1 777
1 759
1 624
1 765
1 755
1 752
1 738
1 630
1 776
1 774
1 780
1 749
1 642
1 769
1 756
1 754
1 721
1 625
1 777
1 752
1 754
1 748
1 645
1 784
1 751
1 767
1 749
1 647
1 694
1 785
1 771
1 775
1 625
1 786
1 773
1 756
1 745
1 643
1 662
1 748
1 757
1 755
1 643
1 757
1 775
1 647
1 631
1 639
1 628
1 751
1 717
1 632
1 646
1 623
1 626
1 749
1 990
1 1018
1 656
1 694
1 625
1 849
1 634
1 628
1 656
1 629
1 646
1 628
1 631
1 625
1 652
1 635
1 631
1 632
1 629
1 639
1 633
1 626
1 649
1 1337
1 626
1 1260
1 632
1 622
1 630
1 632
1 650
1 648
1 627
1 652
1 626
1 632
1 635
1 672
1 624
1 654
1 625
1 634
1 639
1 624
1 622
1 627
1 631
1 774
1 756
1 1903
1 633
1 628
1 632
1 633
1 637
1 627
1 677
1 646
1 648
1 631
1 628
1 642
1 627
1 624
1 634
1 623
1 629
1 775
1 761
1 769
1 798
1 675
1 665
1 647
1 629
1 624
1 635
1 631
1 642
1 625
1 642
1 646
1 648
1 639
1 629
1 629
1 640
1 625
1 632
1 646
1 633
1 644
1 647
1 750
1 756
1 669
1 674
1 646
1 630
1 661
1 625
1 627
1 646
1 632
1 655
1 630
1 646
1 632
1 760
1 626
1 624
1 623
1 627
1 629
1 651
1 907
1 626
1 622
1 631
1 624
1 625
1 628
1 647
1 1978
1 1231
1 638
1 634
1 1007
1 687
1 633
1 949
1 641
1 658
1 624
1 750
1 768
1 627
1 752
1 772
1 774
1 778
1 632
1 646
1 631
1 792
1 751
1 625
1 749
1 780
1 753
1 749
1 632
1 630
1 645
1 718
1 631
1 627
1 687
1 758
1 755
1 783
1 757
1 736
1 623
1 755
1 791
1 649
1 751
1 817
1 629
1 624
1 628
1 747
1 750
1 745
1 755
1 676
1 776
1 759
1 625
1 643
1 630
1 667
1 754
1 757
1 757
1 658
1 755
1 776
1 630
1 628
1 627
1 625
1 776
1 626
1 648
1 627
1 760
1 762
1 1090
1 1335
1 637
1 638
1 753
1 760
1 808
1 627
1 630
1 763
1 824
1 625
1 624
1 625
1 652
1 630
1 779
1 646
1 626
1 647
1 625
1 639
1 749
1 776
1 757
1 779
1 752
1 649
1 760
1 779
1 665
1 624
1 1024
1 1511
1 2274
1 1300
1 685
1 626
1 655
1 634
1 645
1 628
1 631
1 1955
1 632
1 1048
1 1588
1 2054
1 628
1 645
1 624
1 645
1 651
1 754
1 752
1 631
1 644
1 637
1 755
1 755
1 627
1 641
1 1501
1 624
1 668
1 755
1 750
1 663
1 630
1 863
1 777
1 749
1 752
1 629
1 649
1 652
1 643
1 671
1 747
1 755
1 629
1 634
1 647
1 645
1 624
1 765
1 797
1 633
1 776
1 756
1 788
1 773
1 630
1 624
1 749
1 758
1 777
1 628
1 774
1 753
1 637
1 624
1 626
1 623
1 757
1 698
1 630
1 1253
1 630
1 630
1 1070
1 1276
1 1267
1 738
1 1578
1 642
1 628
1 630
1 633
1 646
1 642
1 624
1 649
1 654
1 626
1 629
1 623
1 632
1 628
1 680
1 629
1 628
1 637
1 678
1 630
1 625
1 636
1 635
1 631
1 754
1 755
1 629
1 627
1 766
1 762
1 673
1 650
1 627
1 623
1 646
1 627
1 726
1 775
1 773
1 773
1 626
1 629
1 1004
1 1063
1 688
1 642
1 1551
1 629
1 624
1 628
1 633
1 626
1 646
1 628
1 720
1 747
1 630
1 654
1 776
1 775
1 648
1 647
1 626
1 757
1 760
1 775
1 733
1 687
1 751
1 757
1 802
1 760
1 649
1 774
1 756
1 752
1 772
1 673
1 755
1 754
1 800
1 748
